"Time","Perspiration","Speed","Acceleration","Braking","Steering","Phase","Activity","Failure","Distance","ppNormalized","ppLogNormalized","Subject","Speed_u","Speed_std","Acc_u","Acc_std","Brake_u","Brake_std","Steering_u","Steering_std","ppNext"
1,0.00440163081935165,0.00170249785714286,1.55495586128571,0,1.43519741842857,0,0,0,11.5766406857143,0.00104373662677719,0.270661056855602,"01",5.51934935864799,5.71349932344543,4.61323642156004,7.74959393066226,24.5647833561618,18.4449992696554,147.674412707223,173.585319133101,0.158607418912893
2,0.00438422386145663,2.31975000000001e-05,1.555389522125,0.006221309875,-0.01445245675,0,0,0,11.5762648975,0.00102632966888217,0.266698555560664,"01",8.83082733992964,4.6813753765797,6.52340549313357,9.44865359523804,18.4439602582286,12.8088846777702,237.429014001241,162.298441358483,0.179591941003402
3,0.0043425485649457,0.00119836071428571,1.54843452557143,11.4769733864286,-0.000305430714285714,0,0,0,11.5764094314286,0.000984654372371239,0.257147346857121,"01",6.30774224126097,5.68429701548586,5.06489248557883,8.21807162534973,23.5523489747462,17.9195169835589,168.77072117,175.878426418483,0.166816720825706
4,0.00429881706662634,3.82625e-20,1.428099675,51.23935434375,0,0,0,0,11.5762648975,0.000940922874051878,0.247025828451112,"01",8.83082733992964,4.6813753765797,6.52340549313357,9.44865359523804,18.4439602582286,12.8088846777702,237.429014001241,162.298441358483,0.179591941003402
5,0.00427159027871964,0,1.35485342128571,51.8266746657143,0.000812366285714286,0,0,0,11.5764094314286,0.000913696086145179,0.240672133050566,"01",6.30774224126097,5.68429701548586,5.06489248557883,8.21807162534973,23.5523489747462,17.9195169835589,168.77072117,175.878426418483,0.166816720825706
6,0.00428573719590477,0,1.3422789035,49.67343858625,-1.091083087375,0,0,0,11.5762648975,0.000927843003330309,0.243978522757991,"01",8.83082733992964,4.6813753765797,6.52340549313357,9.44865359523804,18.4439602582286,12.8088846777702,237.429014001241,162.298441358483,0.179591941003402
7,0.00427606740518573,9.47808571428571e-05,1.34867176614286,44.3742688242857,-10.3945080882857,0,0,0,11.5763908857143,0.000918173212611269,0.241719701153158,"01",6.79294589206126,5.60653720537397,5.35075561784313,8.48088286079005,21.9506628324739,17.5772476735162,182.552661882176,175.014867818481,0.170073372144291
8,0.0042348810220214,0.241414727875,2.41248764375,8.779162740875,-19.1228572125,0,0,0,11.60393717,0.000876986829446938,0.232041178470209,"01",4.90619432952837,5.6558102754766,4.27198492502163,7.34691852389313,21.835362983255,19.0603251210427,131.428047633222,169.772501183699,0.146520331090392
9,0.00418651747033738,1.16232790714286,15.8812782728571,0.00994101971428571,-46.2422741471429,0,0,0,11.8917741228571,0.000828623277762919,0.220555180678368,"01",5.18721961918357,5.9372463400321,5.16151211106411,8.24419818249952,20.0907848219732,18.8657421009906,116.597073653596,166.952307148765,0.131373960998661
10,0.00413668045567646,3.4055445445,21.8901994775,0,-51.7981033625,0,0,0,12.8627072,0.000778786263101999,0.208579589200499,"01",5.05386047239071,5.99898094361091,5.83117254089268,8.55375097794167,19.7316519168661,19.189780503923,89.4805249826679,144.620192123198,0.125800134768679
11,0.00408627429115731,6.91466768085714,22.7755940914286,0,-14.69220041,0,0,0,15.1546533814286,0.000728380098582849,0.196319569240602,"01",6.35607389382321,6.97887708147553,6.76942044851518,9.2442692523797,19.2617024022554,19.5966803058956,30.1695503387143,82.3819988338556,0.122910312666455
12,0.0040355466308073,10.18119807675,24.30368043375,0,-8.905069429,0,0,0,19.07144687625,0.000677652438232838,0.183827710766305,"01",6.28160495331297,7.4104847489219,8.18159260964662,10.0613114246685,17.6444125721861,20.4752169529345,-3.12207668066729,33.0922080566797,0.115728442128828
13,0.0039846323954203,12.7973846971429,25.6089971971429,0,-4.13289712414286,0,0,0,24.2458524985714,0.000626738202845839,0.171131007133246,"01",6.83438942829229,8.30375118388177,8.17207076392293,10.035567346628,17.4807334343383,20.3726193088781,-15.9198137192096,18.5879753709154,0.10498760072226
14,0.00393359335276759,15.51081853125,25.3497168775,0,-0.067809538375,0,0,0,30.65511182125,0.000575699160193129,0.158239293797554,"01",16.7693648444881,4.34511897230674,17.2978603421756,11.9809785787127,9.08420650717262,14.0750382371694,-28.454589336119,18.3166835490699,0.0970512234681423
15,0.00388247913137856,17.9351424142857,25.03816653,0,3.45441823428571,0,0,0,38.20558553,0.000524584938804099,0.145159847856737,"01",19.292472243631,4.30703457224892,17.5591094530476,12.0123309535981,8.27559000473215,12.9267961703888,-20.3950671066696,16.6163121907663,0.0819334160433427
16,0.00383132103447227,19.808622545,23.16369238625,0,7.522109077375,0,0,0,46.75536423125,0.000473426841897809,0.131895608560702,"01",22.9877916649702,2.95656698346383,13.8788027724077,12.7241917814084,10.0289195651786,11.1906139932341,-8.99704256454464,10.8020827964558,0.0784580738640913
17,0.00378015016954844,21.5239853214286,24.3664076571429,0,5.07149554242857,0,0,0,56.0720974157143,0.000422255976973979,0.118449683811242,"01",24.8701391028869,2.86675640827293,9.79430320941965,11.5667438862418,7.7338970775744,9.25069063699673,0.307296568931547,6.44764140721832,0.071571570285624
18,0.00372899765710342,23.1645408025,25.37897836125,0,4.49723058475,0,0,0,66.1771094325,0.000371103464528958,0.10482542084361,"01",25.2707207529911,2.7135994439379,13.5968853833036,12.8855870969141,2.11018971140625,3.2986358996138,3.92670155608036,2.13950340595229,0.0559338159608515
19,0.00367790030323651,24.75330265,26.1789539671429,0,3.45204033,0,0,0,76.9886145457143,0.000320006110662049,0.0910279678818187,"01",26.4439010091964,2.32765790314438,13.6003961287812,11.9297616811932,0.00251177203571429,0.00446344605792104,4.79646665203571,1.36700002615547,0.0485283836737772
20,0.00362692028992699,26.360045455,25.50554367125,0,2.9971109255,0,0,0,88.540435865,0.000269026097352529,0.0770698318914942,"01",27.2492939067857,1.76421313430603,17.3239933666607,8.06207496057615,0,0,3.95154011158036,1.74453332902388,0.0492645596243745
21,0.00357615932755049,27.7836783157143,21.4779156271429,0,2.99811148314286,0,0,0,100.779637318571,0.000218265134976029,0.0629753600869547,"01",27.8853233039286,1.0921540060436,19.0948639260714,5.35257557787858,0,0,3.92795862268304,1.67134654377446,0.0393124586334791
22,0.00352592880507566,28.4494267375,20.10935043625,0,2.998074051,0.375,0.375,0,113.4980754125,0.000168034612501199,0.0488298418406705,"01",28.3948524158928,0.638300280796515,17.9183778532589,3.45788627393078,0,0,4.12189502567857,1.43574816214872,0.0306134423299488
23,0.00347788533767765,28.9570885314286,20.2225745114286,0,2.99811148314286,1,1,0,126.455038328571,0.000119991145103189,0.0351103973725913,"01",28.7634735411607,0.713424810993696,17.6994443544643,3.56754079070429,0,0,4.12237521537947,1.43521379712369,0.0192499717736667
24,0.00344090255185096,29.50043464625,19.9617155775,0,2.998074051,1,1,0,139.658846825,8.30083592764986e-05,0.0244197568797642,"01",29.1576123249107,0.900911152951381,15.7966454018973,4.42225555950683,0,0,4.12237989439732,1.43524149051626,0.0070080827015657
25,0.00340950671206501,29.9234131914286,16.8675933314286,0,2.99811148314286,1,1,0,153.090426585714,5.16125194905486e-05,0.0152535720636706,"01",29.482201095625,0.922164130080178,12.7303485765268,5.69109306625324,0,0,4.12352279020089,1.4340165409883,-0.00450823454361644
26,0.00337625481342068,30.0950028575,15.41415279375,0,2.998074051,1,1,0,166.6515800625,1.83606208462189e-05,0.0054530025340993,"01",29.6282746179018,0.480463885261899,9.34103206038393,7.41490781471464,0,0,3.86941798295982,1.75336662770459,-0.0135903336350784
27,0.00335417812413031,30.1364872314286,13.8973337642857,0,2.99811148314286,1,1,0,180.260250671429,-3.71606844415135e-06,-0.00110727910480168,"01",29.6705416388839,0.411315322456171,9.32520202645536,6.5783231627765,0,0,3.74781028012946,1.93494020541046,-0.0190124904216292
28,0.00335926410960423,30.00750228625,11.842731355,0,2.998074051,1,1,0,193.844877425,1.36991702976872e-06,0.000407885878624725,"01",29.6604375477232,0.822330812678743,11.6202562769375,3.2034883391506,0,0,3.74762063802232,1.93527264105432,-0.02174841810163
29,0.00335646763970946,29.8562378985714,11.8432942471429,0,2.99811148314286,1,1,0,207.364295685714,-1.42655286500129e-06,-0.000424925817108956,"01",29.5591362719196,0.88229638522074,13.0334357053303,2.34447430506652,0,0,3.74761127998661,1.93524847873306,-0.0246941974956468
30,0.00332330547106086,29.71017061875,11.89909279375,0,2.998074051,1,1,0,220.8190391375,-3.45887215136014e-05,-0.0103541373511105,"01",29.42380051,0.869670629359607,14.0757043295536,1.87907228110309,0,0,3.74762063802232,1.93527264105432,-0.0278483374913071
31,0.00327993807019908,29.5769862557143,12.56830117,0,2.99811148314286,1,1,0,234.210563042857,-7.79561223753812e-05,-0.0234895072095664,"01",29.3054221192857,0.792725613687322,14.7018818779911,2.28385436922825,0,0,3.74761127998661,1.93524847873306,-0.0286633539463326
32,0.00325106993568256,29.4317948925,14.63073832,0,2.998074051,1,1,0,247.533234625,-0.000106824256891901,-0.0323298949769288,"01",29.2445016365625,0.634570533846401,15.0745092196429,2.20075493839137,0,0,3.74762063802232,1.93527264105432,-0.024318863132997
33,0.0032436782249867,29.39740085,17.0131323728571,0,2.99811148314286,1,1,0,260.814346428571,-0.000114215967587761,-0.0346061075341639,"01",29.2342589064286,0.465388503050749,15.1894396360268,0.928398167634422,0,0,3.74761127998661,1.93524847873306,-0.0178524566445234
34,0.00324060453447426,29.59005643,18.14404007375,0,2.998074051,1,1,0,274.1313435875,-0.000117289658100201,-0.0355541509066919,"01",29.2540524120536,0.332617890499495,15.1455995836607,1.51843321390274,0,0,3.74762063802232,1.93527264105432,-0.0121063708356449
35,0.00324399471936564,29.9638168257143,19.08284926,0,2.99811148314286,1,1,0,287.570638,-0.000113899473208821,-0.0345085396166223,"01",29.3321844010714,0.269877844914913,15.2979699129464,2.13224085908683,0,0,3.74761127998661,1.93524847873306,-0.00638378048324521
36,0.00326394062573096,30.4595329375,17.2999019275,0,2.998074051,1,1,0,301.218249475,-9.39535668435013e-05,-0.0283788019508151,"01",29.4411360524107,0.366762811806072,15.4320400989286,2.57064941897116,0,0,3.74762063802232,1.93527264105432,-0.00323702032997178
37,0.0032777526249303,30.7340250528571,17.1141892714286,0,2.99811148314286,1,1,0,315.0442716,-8.01415676441614e-05,-0.0241560361401421,"01",29.5742106845536,0.591766925580541,15.001863030625,1.63728731078703,0,0,3.74761127998661,1.93524847873306,-0.000440174399502983
38,0.00326762590767931,30.8052561175,7.323380553125,0,2.998074051,1,1,0,328.9542061125,-9.02682848951514e-05,-0.0272503491645733,"01",29.6229870236607,0.740821560601537,15.3254878111161,1.37811290471391,0,0,3.74762063802232,1.93527264105432,-0.00542223065770505
39,0.00323107981867308,30.1975937314286,2.47058773942857,0,2.99811148314286,1,1,0,342.763248371429,-0.000126814373901381,-0.0384976573770661,"01",29.5917815625893,0.809195212330436,13.2086544915848,3.99495487530617,0,0,3.74761127998661,1.93524847873306,-0.0141019488354455
40,0.00318503786787093,29.28170126375,6.628394977125,0,2.998074051,1,1,0,356.187048325,-0.000172856324703531,-0.052849869087213,"01",29.4040130462054,0.531787227491607,12.1801286654821,6.52104750968838,0,0,3.74742194124107,1.93558047710194,-0.0252205014532441
41,0.00313904660656112,28.5995662514286,12.0341589342857,0,2.99811148314286,1,1,0,369.243763914286,-0.000218847586013341,-0.0673949216900969,"01",29.1957927113393,0.112168000780058,12.9370045041473,4.44046129394533,0,0,3.76370123623661,1.91043043855838,-0.0358723629453432
42,0.00310282348249478,28.402763485,13.45029486625,0,2.998074051,1,1,0,382.10317925,-0.000255070710079681,-0.079001548881676,"01",29.1210768118304,0.391736474833819,13.4332407554911,2.96036320495178,0,0,4.12599300861607,1.43148094643255,-0.0432836923971168
43,0.00310109619028499,28.3599045028571,15.0135380171429,0,2.99811148314286,1,1,0,394.919827042857,-0.000256798002289471,-0.0795583878769701,"01",29.2142968020982,0.592576726413701,14.1827954821429,2.68879119645891,0,0,4.12245157309375,1.43513405072579,-0.0460066236936414
44,0.00312152760987281,28.4516984725,15.69137279125,0,2.998074051,1,1,0,407.7456517625,-0.000236366582701651,-0.0729915462969704,"01",29.3742019340179,0.717150157988315,13.7612596534598,2.90566375461266,0,0,4.12237989439732,1.43524149051626,-0.0446579868124741
45,0.00314614238982541,28.6000765028571,17.1059744185714,0,2.99811148314286,1,1,0,420.629943171429,-0.000211751802749051,-0.0651369828891246,"01",29.5324549923214,0.755218434053415,13.8111437555268,2.57084949022185,0,0,4.12237521537947,1.43521379712369,-0.0454204426254923
46,0.00315913928296341,28.86263505,17.9808388175,0,2.998074051,1,1,0,433.5947449625,-0.000198754909611051,-0.061014435536765,"01",29.6432173844196,0.727087923510064,14.8823905091964,2.11116100799397,0,0,4.12237989439732,1.43524149051626,-0.0418323189589788
47,0.00315359336599843,29.2038869371429,17.9976535257143,0,2.99811148314286,1,1,0,446.709401842857,-0.000204300826576031,-0.0627714933830177,"01",29.7350826404464,0.613014691273958,15.5028922688839,1.86448010578201,0,0,4.12237521537947,1.43521379712369,-0.038470540754707
48,0.00313007325957383,29.56192066125,17.17490689625,0,2.998074051,1,1,0,459.9801917875,-0.000227820933000631,-0.0702576370379537,"01",29.833071619375,0.447158530385303,15.2633239600893,2.10740633473194,0,0,4.12237989439732,1.43524149051626,-0.0375631542924694
49,0.00309907889091939,29.6851842028571,9.48023563414286,0,2.99811148314286,1,1,0,473.386014657143,-0.000258815301655071,-0.0802091112340664,"01",29.8419677154018,0.217511064213598,15.2292216943304,2.70907749174581,0,0,4.12237521537947,1.43521379712369,-0.0405633349133129
50,0.00306116028896725,29.36443850625,14.09192765,0,2.998074051,1,1,0,486.7175477125,-0.000296733903607211,-0.0925200227165233,"01",29.7506139718304,0.0924960808277146,12.8906036377679,3.75053632853215,0,0,4.12237989439732,1.43524149051626,-0.0454606499561281
51,0.00302825485823801,29.2437876885714,16.3220085857143,0,2.99811148314286,1,1,0,499.9482036,-0.000329639334336451,-0.103327546637617,"01",29.5172139389286,0.112912592634004,14.8559975219197,1.53186800685685,0,0,4.12237521537947,1.43521379712369,-0.0476666776086301
52,0.00303310246191047,29.421427115,16.96296261125,0,2.998074051,1,1,0,513.1869372125,-0.000324791730663991,-0.101728035409359,"01",29.3671108954911,0.137248018086281,16.1365815193303,0.533329252857912,0,0,4.12237989439732,1.43524149051626,-0.0442856594434181
53,0.00307081765246705,29.67076669,16.8308212371429,0,2.99811148314286,1,1,0,526.534833814286,-0.000287076540107411,-0.0893701838678949,"01",29.3881787547768,0.250076797878337,15.6935560326786,0.987709889861271,0,0,4.12237521537947,1.43521379712369,-0.0374527307490181
54,0.00311524007002498,29.93175914875,16.63630969125,0,2.998074051,1,1,0,539.996698575,-0.000242654122549481,-0.0750078284799924,"01",29.4895061006697,0.433123274800877,14.7042729230045,2.99726021040954,0,0,4.12237989439732,1.43524149051626,-0.0323891523764038
55,0.00315647474907459,30.1625702514286,15.7365465314286,0,2.99811148314286,1,1,0,553.574433885714,-0.000201419443499871,-0.061858228063989,"01",29.5939269758482,0.555242806872028,15.7782521596875,0.837482663983279,0,0,4.12237521537947,1.43521379712369,-0.0308049260372775
56,0.00316357606317015,30.28109859875,15.22067556125,0,2.998074051,1,1,0,567.2212168,-0.000194318129404311,-0.0596109939608755,"01",29.6621896519197,0.619054574686765,14.8939998109821,0.731628909261674,0,0,4.12237989439732,1.43524149051626,-0.0300983249126988
57,0.00313907010496572,30.3398730685714,11.4876893017143,0,2.99811148314286,1,1,0,580.921230528571,-0.000218824087608741,-0.0673874358770954,"01",29.6957723746429,0.623508484223059,14.4536482375,0.6823664712427,0,0,4.12237521537947,1.43521379712369,-0.0277382232283442
58,0.00312554493824077,30.05080786625,7.161229448625,0,2.998074051,1,1,0,594.574756875,-0.000232349254333691,-0.0717053986615186,"01",29.7893222181696,0.578959621539269,11.7839180883973,1.38764871806293,0,0,4.12237989439732,1.43524149051626,-0.0240178166514471
59,0.0031338390092329,29.38851915,11.6605522415714,0,2.99811148314286,1,1,0,608.0089427,-0.000224055183341561,-0.0690552734572059,"01",29.81249024375,0.411104930947487,10.9273620705223,3.486392102795,0,0,4.12237521537947,1.43521379712369,-0.0202863118967446
60,0.00315369904622913,29.15588279375,14.6066262475,0,2.998074051,1,1,0,621.2061482125,-0.000204195146345331,-0.0627379828937453,"01",29.6997183615625,0.404491269593151,12.9500949725625,2.63261905293777,0,0,4.12237989439732,1.43524149051626,-0.0171205596727499
61,0.00315833731254015,29.1571467185714,16.1732096414286,0,2.99811148314286,1,1,0,634.376764514286,-0.000199556880034312,-0.0612683250098973,"01",29.6667777592857,0.478950143573987,13.983125103375,2.65148392973824,0,0,4.12237521537947,1.43521379712369,-0.0142245251022767
62,0.00314163090657292,29.26041898125,15.96286002375,0,2.998074051,1,1,0,647.5665469875,-0.000216263286001541,-0.0665719849703086,"01",29.6362139631696,0.409038567152609,15.4331368144196,0.83630708440042,0,0,4.12237989439732,1.43524149051626,-0.0103730997537479
63,0.00311673932488813,29.3508205971429,16.1723516614286,0,2.99811148314286,1,1,0,660.809154942857,-0.000241154867686331,-0.0745266796349933,"01",29.5801013427232,0.254325375044792,15.8438558966518,0.461276716482515,0,0,4.12237521537947,1.43521379712369,-0.0046166651907801
64,0.00310686934485968,29.52909352125,17.69889597375,0,2.998074051,1,1,0,674.098125175,-0.000251024847714781,-0.0776984690290741,"01",29.4940037572768,0.144794167584753,16.218698209375,0.566652799586695,0,0,4.12223033092857,1.43518945415635,0.00311161934461994
65,0.00312544488264657,29.8269908542857,17.72691466,0,2.99811148314286,1,1,0,687.500788657143,-0.000232449309927891,-0.0717374113807434,"01",29.4615296073661,0.148917502628244,15.7298040691964,1.34812812473018,0,0,4.04725838173661,1.41680401872456,0.0121140843736829
66,0.00316045342655612,30.2141432675,16.976222065,0,2.998074051,1,1,0,701.0569328625,-0.000197440766018341,-0.0605985405161622,"01",29.4942597148661,0.25189732051605,15.8360031461161,1.36203077562381,0,0,3.74899890742857,1.49815161174954,0.0214570264368783
67,0.00320100727293355,30.4368449214286,10.1183693177143,0,2.99811148314286,1,1,0,714.778051214286,-0.000156886919640911,-0.0478485145718643,"01",29.5663743274553,0.440428182464222,15.0790997749554,1.67460429292695,0,0,3.97638889666518,1.41392408415248,0.0252012218422861
68,0.00323913561578546,29.9940012525,6.832655867375,0,2.998074051,1,1,0,728.443261475,-0.000118758576789001,-0.0360075390471293,"01",29.5693367358929,0.592110257759288,13.8054103476428,2.6386484033053,0,0,4.49615051824107,1.72980887403471,0.0257792898717357
69,0.00326574489373951,29.2541561614286,12.1538778904286,0,2.99811148314286,1,1,0,741.826117214286,-9.21492988349513e-05,-0.0278261664544113,"01",29.4160145607589,0.440808125990177,12.634559394433,4.01761314258685,0,0,4.49713915077232,1.73094966665217,0.02337109088148
70,0.00325309702188714,29.0270362425,13.8146415025,0,2.998074051,1,1,0,754.968234725,-0.000104797170687321,-0.0317065757352477,"01",29.2493246960268,0.326208386771166,13.441468425375,2.20804514710637,0,0,4.49713915077232,1.73094966665217,0.0180717044461189
71,0.00321358547443569,28.9657073871429,15.8966570485714,0,2.99811148314286,1,1,0,768.067307342857,-0.000144308718138771,-0.0439267637369989,"01",29.3065410468304,0.432017488813984,12.7481998499107,2.21648784057086,0,0,4.49713915077232,1.73094966665217,0.0140154420280931
72,0.00317662395272093,29.0182343125,15.80594414625,0,2.998074051,1,1,0,781.1522596875,-0.000181270239853531,-0.05549506464423,"01",29.55945825625,0.58031763887624,12.1677330888303,4.49451665659555,0,0,4.49713915077232,1.73094966665217,0.00720174422345172
73,0.00316791310303829,29.08832475,15.5856710457143,0,2.99811148314286,1,1,0,794.282108914286,-0.000189981089536171,-0.0582410033328804,"01",29.7337686538839,0.686733213330944,14.3184902534911,2.72814773333574,0,0,4.49713915077232,1.73094966665217,0.00221499085064796
74,0.00317882339100067,29.122807005,15.29281934125,0,2.998074051,1,1,0,807.42182275,-0.000179070801573791,-0.0548029219265329,"01",29.742447779375,0.562857251102614,16.0410459278125,0.558804863815871,0,0,4.49713915077232,1.73094966665217,-0.00152097440790531
75,0.00319021685928386,29.1636877557143,17.0676546985714,0,2.99811148314286,1,1,0,820.594943714286,-0.000167677333290601,-0.0512251520801739,"01",29.6999851726339,0.423474108007218,16.2234084528125,1.18770869645247,0,0,4.49713915077232,1.73094966665217,-0.0042942832482618
76,0.00317929877845234,29.34954296125,16.734861605,0,2.998074051,1,1,0,833.798482275,-0.000178595414122121,-0.0546533848698569,"01",29.623584,0.326749076804736,16.6484404223661,1.40197320859992,0,0,4.49713915077232,1.73094966665217,-0.0076303152403179
77,0.00315056887943154,29.6137019014286,16.5900965185714,0,2.99811148314286,1,1,0,847.120649957143,-0.000207325313142921,-0.0637310139617204,"01",29.5891175569643,0.35862017328049,16.7715333645089,1.49516029643656,0,0,4.49713915077232,1.73094966665217,-0.00874255032778275
78,0.00313331461285953,29.8523469,17.09779956,0,2.998074051,1,1,0,860.54337115,-0.000224579579714931,-0.0692226209930986,"01",29.59855741,0.521542499736734,16.1284774362946,1.59362852568097,0,0,4.49697977720089,1.73076565287507,-0.0108922891810254
79,0.00312469646176097,30.10841069,16.7725416042857,0,2.99811148314286,1,1,0,874.093740942857,-0.000233197730813491,-0.0719769006415421,"01",29.6328731644643,0.621624675854952,15.1420716058036,1.80492953144906,0,0,4.26913794914732,1.51417393134153,-0.0142180128595024
80,0.00310942061591189,30.376693995,16.18041779,0,2.998074051,1,1,0,887.7504993,-0.000248473576662571,-0.0768776350173166,"01",29.7085628927679,0.619463295138667,15.7663501854464,0.729338725056041,0,0,4.12210003673661,1.43511808584863,-0.0149444702418483
81,0.00310199505039685,30.5716847614286,16.9313370871429,0,2.99811148314286,1,1,0,901.521349785714,-0.000255899142177611,-0.07926857750524,"01",29.8160977657589,0.528940550356074,14.7965864567589,3.16121536409414,0,0,4.12237989439732,1.43524149051626,-0.0119112011169057
82,0.00311511550795254,30.76930129625,12.353688523625,0,2.998074051,1,1,0,915.3637863625,-0.000242778684621921,-0.0750478140207527,"01",29.8884063130357,0.509093670425685,14.7315933317679,3.22435868371605,0,0,4.12237521537947,1.43521379712369,-0.00467257589741594
83,0.00313617080544411,30.5241235542857,2.36403563614286,0,2.99811148314286,1,1,0,929.2507684,-0.000221723387130351,-0.0683114799662059,"01",29.9221327525,0.637711805147439,14.1009396831831,2.28686107031367,0,0,4.12237989439732,1.43524149051626,-0.00369605859637501
84,0.00315139204247771,29.60739104,3.50947888975,0,2.998074051,1,1,0,942.823768175,-0.000206502150096751,-0.063469773679552,"01",29.8866908166071,0.557545317399305,10.7325365329509,5.99574679555199,0,0,4.12237521537947,1.43521379712369,-0.00583984804720209
85,0.00315260506070133,28.6972641071429,8.98067002185714,0,2.99811148314286,1,1,0,955.999987257143,-0.000205289131873131,-0.063084932703183,"01",29.6676187090179,0.375005105706227,10.2716702058661,4.67569257994704,0,0,4.12237989439732,1.43524149051626,-0.00697533293348362
86,0.00313952376600633,28.22785640875,14.1233405125,0,2.998074051,1,1,0,968.8249555875,-0.000218370426568131,-0.0672429254863065,"01",29.4190385477679,0.564151871824866,10.7450147721161,1.5275489792821,0,0,4.12237521537947,1.43521379712369,-0.00906195393219358
87,0.00312361201715679,28.1176599471429,17.5061812114286,0,2.99811148314286,1,1,0,981.551928242857,-0.000234282175417671,-0.0723240168519581,"01",29.3309875791518,0.807302716109666,10.880739104375,2.28415970619237,0,0,4.12289335304018,1.43613540440325,-0.0108422527738752
88,0.00311880360444453,28.3336571675,16.87427181625,0,2.998074051,1,1,0,994.2855464625,-0.000239090588129931,-0.0738645786474788,"01",29.3029212008929,0.91789899380184,12.5475449585536,3.46264181825199,0,0,3.96334558834821,1.16891941136043,-0.0187582340491281
89,0.00312484954503984,28.6348632657143,17.7047978442857,0,2.99811148314286,1,1,0,1007.15872485714,-0.000233044647534621,-0.0719279104352664,"01",29.3314370996875,0.891122811759219,14.2610425682143,3.04948412675178,0,0,3.74817009475447,0.866115191199483,-0.0192087010713098
90,0.00312976292670115,28.98591522625,18.0572307375,0,2.998074051,1,1,0,1020.16261075,-0.000228131265873311,-0.0703567875121145,"01",29.42122671375,0.757478220521916,15.0617912602321,3.45308932020409,0,0,3.74761595900446,0.865474833691277,-0.0202261513495553
91,0.00312808969450584,29.3644687928571,18.18599176,0,2.99811148314286,1,1,0,1033.344208,-0.000229804498068621,-0.0708915499243954,"01",29.542617563125,0.574532838348696,15.3341490753795,4.02760449001845,0,0,3.74761595900446,0.865474833691277,-0.0240696480525402
92,0.00312603848455502,29.7315410875,17.71267625625,0,2.998074051,1,1,0,1046.683790375,-0.000231855708019441,-0.0715475038479623,"01",29.667122294375,0.351579617663152,16.2469070301786,2.57018209016929,0,0,3.74761595900446,0.865474833691277,-0.0281682183407243
93,0.00311260598467844,30.0058831742857,13.809121108,0,2.99811148314286,1,1,0,1060.19363328571,-0.000245288207896021,-0.075853734238061,"01",29.75815696125,0.298175816757835,15.7226489667857,2.4387974523484,0,0,3.74761595900446,0.865474833691277,-0.0270957579118865
94,0.00308928267529855,29.82848286375,12.81433606625,0,2.998074051,1,1,0,1073.705778,-0.000268611517275911,-0.0833751264651532,"01",29.7954247233482,0.385544005556832,14.6398639754822,1.19835191519745,0,0,3.74761595900446,0.865474833691277,-0.019718890564496
95,0.00309466976685569,29.58215798,15.80623658,0,2.99811148314286,1,1,0,1087.13546285714,-0.000263224425718771,-0.0816328450372046,"01",29.6778691600446,0.371840516563791,13.8613947014286,0.986432111691535,0,0,3.74761595900446,0.865474833691277,-0.00792264810367725
96,0.00313484152670719,29.42987469875,14.98210751875,0,2.998074051,1,1,0,1100.450656625,-0.000223052665867271,-0.0687354238668165,"01",29.619473138125,0.248329109037254,13.7933508501652,2.37129993206222,0,0,3.74761595900446,0.865474833691277,0.00600553287241734
97,0.00318164372460347,29.3124910842857,16.2179573471429,0,2.99811148314286,1,1,0,1113.73059685714,-0.000176250467970991,-0.0539160896710715,"01",29.7524763366964,0.28716794094622,11.9286178110268,5.13366256641673,0,0,3.74761595900446,0.865474833691277,0.019532339220447
98,0.00322875890220332,29.2874998375,17.04055138125,0,2.998074051,1,1,0,1126.9491805,-0.000129135290371141,-0.0392162253160047,"01",29.9352589691964,0.648785544961953,11.6445527383259,4.99520331154553,0,0,3.74761595900446,0.865474833691277,0.0319455437662881
99,0.00326969064925718,29.3629040214286,16.4990849485714,0,2.99811148314286,1,1,0,1140.20640271429,-8.82035433172812e-05,-0.0266186705345497,"01",29.9950965717857,0.736579983768397,14.4269636856295,3.3641782806527,0,0,3.74761595900446,0.865474833691277,0.0434018493351925
100,0.00329628335191585,29.37074617625,14.96299934125,0,2.998074051,1,1,0,1153.462837625,-6.16108406586114e-05,-0.0185184717684637,"01",29.9312019736161,0.599583174778954,15.5364992659821,2.01132411275364,0,0,3.74761595900446,0.865474833691277,0.0535671031280353
101,0.00330443060815233,29.3062731785714,14.5298634442857,0,2.99811148314286,1,1,0,1166.72695128571,-5.34635844221315e-05,-0.0160498721059588,"01",29.7704419460268,0.451121799722115,15.6814403255804,1.35996909851248,0,0,3.74761595900446,0.865474833691277,0.0625474294926323
102,0.00329783071860348,29.223924475,16.07093076,0,2.998074051,1,1,0,1179.928043375,-6.00634739709813e-05,-0.0180491542369339,"01",29.6441305352678,0.36907119150141,15.9324000133036,1.24444468812578,0,0,3.74761595900446,0.865474833691277,0.0712955935429882
103,0.00329136317986775,29.2269891557143,15.7270667671429,0,2.99811148314286,1,1,0,1193.14027057143,-6.65310127067114e-05,-0.0200122291489953,"01",29.5879573550447,0.312264219620151,15.3882614685268,0.894200703951479,0,0,3.74761595900446,0.865474833691277,0.0808638721574417
104,0.00329668815055511,29.22925063375,14.72760495375,0,2.998074051,1,1,0,1206.331679875,-6.12060420193514e-05,-0.0183956747482314,"01",29.5847101425447,0.265677855295645,14.9359068550446,1.20543492546693,0,0,3.74761595900446,0.865474833691277,0.0906691589229268
105,0.00332177529448396,29.15387876,13.0982129314286,0,2.99811148314286,1,1,0,1219.53873714286,-3.61188980905012e-05,-0.0108146815075711,"01",29.5732909787946,0.258379813856538,15.0425562192857,1.12694141514376,0,0,3.74761595900446,0.865474833691277,0.0998755075139484
106,0.00334884559196909,28.97403357,12.78042310125,0,2.998074051,0.875,0.875,0,1232.6499625,-9.04860060537121e-06,-0.00269836198110607,"01",29.416934573125,0.404385730678193,15.2928115303125,2.48867081760871,0,0,3.74761595900446,0.865474833691277,0.108527620771922
107,0.00337057692862922,28.7738862871429,12.6963436857143,0,2.99811148314286,0,0,0,1245.71136628571,1.26827360547588e-05,0.00376987594056821,"01",29.1339716452679,0.742689565600656,15.5913141725893,2.96567454910972,0,0,3.74795781846875,0.865080278372046,0.116803650032502
108,0.00339955151418529,28.5841939,12.3999664125,0,2.998074051,0,0,0,1258.649158,4.16573216108287e-05,0.0123294658657427,"01",28.9439309638572,0.996140722185379,15.3669659558214,2.73116862336466,0,0,4.07360712432857,0.658190408650382,0.125521954229736
109,0.00344399322692897,28.3860249071429,11.9185590642857,0,2.99811148314286,0,0,0,1271.53424757143,8.60990343545089e-05,0.0253175700915094,"01",28.5895374427143,1.1421150955335,14.4075272370357,4.65342700403737,0,0,4.24293536362857,0.702711452388346,0.136255488806098
110,0.00349354078575171,28.14916350625,8.14677939725,0.000412612,2.998074051,0,0,0,1284.290075,0.000135646593177249,0.0396017234411916,"01",27.9295782267143,1.20825254034571,15.0296847164607,7.80736474387734,0.1989187816,0.444795917659034,4.05295706239643,1.01452382055205,0.160105135796012
111,0.00354393399335793,27.5893681928571,2.43277413614286,0.129547985285714,2.99816083157143,0,0,0,1296.91848014286,0.000186039800783469,0.0539233570087303,"01",26.9194275493929,1.38825130093299,15.40895580145,9.30803693487303,2.50668497854286,5.60488735592701,4.33076474471786,1.34653724316391,0.177079737235743
112,0.00359466352465285,26.56212961125,2.629244201875,6.71653730975,2.978132365625,0,0,0,1309.135352,0.000236769332078389,0.0681363403650463,"01",25.6829733722857,1.51465484415377,14.3998745440393,10.9585792965693,3.64885546205714,8.08686388972241,3.66075472605,1.31868006572005,0.198391229426744
113,0.00364554324302838,24.6537473942857,2.71387634342857,23.89066927,-4.79000074257143,0,0,0,1320.795203,0.000287649050453919,0.0821913407753199,"01",24.0903288339286,1.74496382477201,15.2986283893393,11.8875443536001,5.71288719223572,9.47703999886442,2.02253295418214,1.44844100090036,0.214660989377043
114,0.0036964929625162,21.1106189125,2.186654514125,27.75860963875,-39.4078101275,0,0,0,1331.102288,0.000338598769941739,0.0960704703634274,"01",21.2868823577381,2.43062362302559,17.4523486138423,11.8054998766432,8.14246476166667,12.6188187737463,-8.38021364488095,8.78314779755022,0.227480591880815
115,0.0037474562668791,18.2230865457143,1.94085317542857,20.7488868371429,-67.4642487328571,0,0,0,1339.85108357143,0.000389562074304639,0.109763228786868,"01",19.1839521746939,2.144510155506,14.9842474941582,12.3287112263498,11.0354032902296,13.8007670156321,-26.5896960219719,22.7020894727719,0.235277782849118
116,0.00379838976362063,16.4265189975,1.925182527,20.38260315125,-47.32794242125,0,0,0,1347.302623625,0.000440495571046169,0.123263177958894,"01",16.8546321778827,1.91155727729271,14.3250248327883,11.894030568328,9.36131355696429,11.7532328714364,-37.7373862489694,29.0299726883783,0.23868830170223
117,0.00384925427321009,13.96162661,1.81395632214286,26.8192609928571,44.653382502,0,0,0,1353.70670257143,0.000491360080635629,0.136565381368409,"01",15.2336849637054,2.08073505780786,12.5595993465915,11.6730018607351,10.3477594642857,11.067284053864,-23.5931409483348,32.5098772889223,0.240966768713133
118,0.00389999855360891,10.599784228375,1.859145929,25.81814171125,231.1274690125,0,0,0,1358.904862875,0.000542104361034449,0.149662129028172,"01",13.505741784775,2.12500583151253,14.6031720035321,11.1464286747015,9.332351044875,12.1698447757892,21.7825598087036,55.825730431284,0.241437122107577
119,0.0039505681567115,8.67421855528571,1.98189122285714,7.313150407,400.9326571,0,0,0,1363.169898,0.000592673964137039,0.162545352145543,"01",11.0717137665055,2.17692971527792,11.9964705363846,10.3130036262601,9.19879457386676,12.16906757774,174.782377853434,172.813794570578,0.221178859855893
120,0.00400086334518517,8.256220179125,3.18609385275,0.003552060625,486.0498437,0,0,0,1366.393495125,0.000642969152610709,0.175196120242601,"01",9.75981343801148,1.76944593059317,9.74207785620535,9.03008918428869,7.53586486500893,11.3603113312412,299.447919768237,186.893748680648,0.187480377833256
121,0.00405075276107609,7.806860874,10.9496633055714,0,516.432604071429,0,0,0,1367.97135314286,0.000692858568501628,0.187588676587582,"01",9.52657496428348,1.77120618309826,9.66364208052343,8.68345497373807,6.59410376067188,10.8844571993277,324.838047468301,187.408302110732,0.187588676587582
122,0.0040999320120987,7.53159111725,15.04308944875,0,519.0880390375,0,0,0,1367.3818575,0.000742037819524239,0.199656336669586,"01",9.65957388741904,1.74871950892298,9.30501225597499,8.86473015446482,7.03371067805,11.1184856041842,311.888048030355,186.428745291625,0.193622506628584
123,0.00414780125639179,8.06324902242857,17.3666975428571,0,454.806844485714,0,0,0,1365.05914485714,0.000789907063817329,0.211264321332952,"01",10.5171173255982,2.03724574633879,11.2368658385863,10.295614105147,8.79184234251042,11.852228346066,221.402931211177,172.610057662783,0.230951111140951
124,0.00419186046325836,9.562567529625,20.40978569875,0,242.152885875,0,0,0,1361.330885875,0.000833966270683899,0.221830605005147,"01",12.1816926088685,2.34994857692622,11.0846937256494,10.8826256519227,12.698541543013,12.323368269233,94.0334712342695,123.327695490228,0.238119446966553
125,0.00421269027943705,11.54140506,24.5181214042857,0,22.0426846281429,0,0,0,1356.74577628571,0.000854796086862588,0.226787409710025,"01",13.992901308775,2.18228059463463,12.2980578333161,11.2511908652897,11.35787244175,12.1295547501786,12.9681495137643,62.3566776805701,0.24039071407918
126,0.00418056870979443,14.15055438375,25.8770071625,0,2.490825969875,0,0,0,1351.043464125,0.000822674517219968,0.219133237298077,"01",15.7853698510714,2.21271248198355,13.7527616140536,11.4800143821053,9.19800841269842,10.9119900391007,-24.8001298786448,29.225216199611,0.23975379474563
127,0.00413495559900658,16.6905674242857,23.6411368871429,0,-8.82013101885714,0,0,0,1344.13896342857,0.000777061406432118,0.208162535877125,"01",18.0769419464031,1.80021244917961,11.615331911949,12.2811488050535,13.3268292196429,12.7120678090658,-40.7989452454286,27.7084490284611,0.240363614439406
128,0.004086631172252,18.7933198525,25.40506429625,0,-13.50212957375,0,0,0,1336.103611625,0.000728736979677539,0.19640690197381,"01",19.9709943148512,1.48715652328319,13.5844103217262,12.8937632635966,12.8746371719345,14.1470152888225,-26.0906146458214,26.2280307087588,0.242202375589437
129,0.00403723458696645,20.96572688,25.2421961471429,0,-9.22894518828571,0,0,0,1327.15000457143,0.000679340394391989,0.184245895304297,"01",22.5233547696429,1.7925519306523,13.6397784383661,12.5825821384416,11.7837812035714,12.9472546074787,-4.70334727011905,10.2323890474351,0.224152602275659
130,0.00398722470249508,23.09390497125,24.19952788625,0,-0.375485975,0,0,0,1317.140889,0.000629330509920618,0.171781371802175,"01",24.7551946036786,1.897079574648,10.9304454416143,11.8117284331396,9.33583305723572,10.1832837664417,2.69757566885714,0.574004918772769,0.207819369393528
131,0.00393685289816825,24.7102688985714,22.2789456514286,0,3.31160690942857,0,0,0,1306.32750642857,0.000578958705593789,0.159067593845674,"01",26.3529681802857,1.70568963849988,10.4945121616107,10.9280907349566,6.1554579182,8.59924832635659,3.59805564079286,1.34658869518204,0.187785146303758
132,0.00388623025103771,26.002386115,22.492820945,0,6.006890604875,0,0,0,1294.843178125,0.000528336058463248,0.146125547477986,"01",27.1486879079911,1.48971590777984,13.6379895155625,9.7267975992245,3.13335622317857,6.26643737470919,3.91173327967857,1.11667703702405,0.170365101175295
133,0.0038354435810523,27.4169981014286,22.5587746071429,0,5.27367439971429,0,0,0,1282.80246057143,0.000477549388477839,0.132971041830551,"01",28.0577232580357,1.3553688088438,13.1474122437902,7.59299641661731,0.248648477,0.497296954,3.74777772806697,0.866861351434893,0.15763839998097
134,0.0037845391547534,28.588390815,18.76178898125,0,4.499050552,0,0,0,1270.103651875,0.000426644962178939,0.119610071341581,"01",28.3420520597143,1.26940198496629,14.6179854172857,4.91597611035934,0,0,4.24254746860357,0.702535246882319,0.134590947059646
135,0.00373356049204194,29.1616440871429,15.8790514671429,0,4.497167225,0,0,0,1257.05982228571,0.000375666299467479,0.106048281769755,"01",28.7495800238572,1.03700332805065,16.1109739329643,3.34357752460125,0,0,4.07360712432857,0.658190408650382,0.123574586983738
136,0.00368253699478098,29.4325440225,14.06928520625,0,4.497111076875,0.5,0.25,0,1243.804631625,0.000324642802206519,0.0922878636853088,"01",29.1558017894643,0.685158093377907,16.0419531915357,2.97709998704351,0,0,3.897799699775,0.820692307133541,0.114352071397783
137,0.00363149930546472,29.67798923,13.4940260885714,0,4.497167225,2,1,0,1230.46582842857,0.000273605112890259,0.0783315434690159,"01",29.4640702470714,0.378838810901581,15.2867182657857,2.07026622296164,0,0,3.89751498257857,0.821056394017525,0.105508013041631
138,0.00358047804706076,29.80561941,14.62947762625,0,4.497111076875,2,1,0,1217.009981375,0.000222583854486299,0.0641822732467956,"01",29.5938022971786,0.24150127126426,14.7511767175357,1.2821006018186,0,0,3.89752621220357,0.821066645215727,0.0963061840872332
139,0.003529508697373,29.8692191957143,15.0053085642857,0,4.497167225,2,1,0,1203.549674,0.000171614504798539,0.0498446314981029,"01",29.6092015636429,0.268845049092573,14.8213281245714,1.09890282590014,0,0,3.89751498257857,0.821056394017525,0.0865867061804444
140,0.00347864878276394,29.98629710375,14.22872946125,0,4.497111076875,2,1,0,1190.015589875,0.000120754590189479,0.0353298874388193,"01",29.6407737505357,0.330707872989273,15.9355667661072,0.794408845767757,0,0,3.89752621220357,0.821066645215727,0.0763104736855794
141,0.00342798834091533,30.14071404,15.2482300114286,0,4.497167225,2,1,0,1176.45291571429,7.00941483408688e-05,0.0206595498892757,"01",29.7476894689286,0.403874333469026,16.1179485571429,1.4823242799535,0,0,3.89751498257857,0.821056394017525,0.0662319891776169
142,0.00337779155954398,30.272878615,14.5124698925,0,4.497111076875,2,1,0,1162.788340875,1.98973669695186e-05,0.0059080619220433,"01",29.9186706527679,0.612718737996217,15.393437550625,1.89341024667546,0,0,3.74761595900446,0.865474833691277,0.0700361676768975
143,0.00332925712564674,30.3941568042857,13.1882821978571,0,4.497167225,2,1,0,1149.09984328571,-2.86370669277214e-05,-0.00856485512841765,"01",30.00474028375,0.721997894740259,14.0031959863438,3.09616232259263,0,0,3.74761595900446,0.865474833691277,0.0589402034805791
144,0.003292606288511,30.3071409525,9.496936544125,0,4.497111076875,2,1,0,1135.362733375,-6.52879040634615e-05,-0.0196346123856639,"01",29.9111205033929,0.670549466345887,12.0153930039063,5.40432401350333,0,0,3.74761595900446,0.865474833691277,0.0470990720118754
145,0.00325906267123054,30.06528656,9.65150932928571,0,4.497167225,2,1,0,1121.73869414286,-9.88315213439213e-05,-0.0298744183220068,"01",29.9288550178214,0.562685545121293,11.0060074847322,5.66094356047211,0,0,3.89751498257857,0.821056394017525,0.0306837719270056
146,0.00321412212995735,29.89481597375,13.8419590325,0,4.497111076875,2,1,0,1108.185288625,-0.000143772062617111,-0.0437597818083741,"01",29.6752497046071,0.320221961081906,11.7913139954536,4.62349674802021,0,0,3.89752621220357,0.821066645215727,0.0176277713011331
147,0.00317153961312543,29.93318066,14.7152758442857,0,4.497167225,2,1,0,1094.68989428571,-0.000186354579449031,-0.0570968949908242,"01",29.5477796852143,0.331976686398322,13.6320269168821,2.03580928514295,0,0,3.89751498257857,0.821056394017525,0.0040187917974374
148,0.00314567274489399,30.032376215,13.26691757375,0,4.497111076875,2,1,0,1081.125075625,-0.000212221447680471,-0.0652862704658599,"01",29.6099411201071,0.401076839641656,14.2522927379286,1.14772267980595,0,0,3.89752621220357,0.821066645215727,-0.0091860015253204
149,0.00314189218733021,30.1196355528571,13.4139004214286,0,4.497167225,2,1,0,1067.55235271429,-0.000216002005244252,-0.0664888211957129,"01",29.8423557470982,0.31675725651104,14.4069986852143,1.72468767610965,0,0,3.74761595900446,0.865474833691277,-0.0160174632000397
150,0.00316258922701184,30.1431002475,12.23750804375,0,4.497111076875,2,1,0,1053.92295725,-0.000195304965562621,-0.0599229795287037,"01",29.8266818573215,0.222880167842467,15.7703684190625,2.0824878862662,0,0,3.74761595900446,0.865474833691277,-0.0210310407476676
151,0.00319127079219073,30.1579782371429,13.0431941057143,0,4.497167225,2,1,0,1040.31663285714,-0.000166623400383731,-0.0508948426159916,"01",29.7251190962054,0.367610632819767,15.4029233526116,4.0929602945041,0,0,3.74761595900446,0.865474833691277,-0.0204864197051544
152,0.00321321654976968,30.13818122625,9.644207256875,0,4.497111076875,2,1,0,1026.678665125,-0.000144677642804781,-0.0440415718961873,"01",29.5596024958929,0.592441092864609,15.4209921775536,3.79112550415699,0,0,3.74761595900446,0.865474833691277,-0.0170083800377465
153,0.00323066204446369,29.9726985042857,10.1545531841429,0,4.497167225,2,1,0,1013.11360614286,-0.000127232148110771,-0.0386269643676238,"01",29.3089284586429,0.714248766449693,15.0206813386786,3.11650207058939,0,0,3.59815837243214,0.821665520446388,-0.0136477596007322
154,0.00324582694423596,29.82993750125,10.58350692375,0,4.497111076875,2,1,0,999.6003804875,-0.000112067248338501,-0.033943893942979,"01",29.2593725567857,0.748480554741311,13.2438826078071,3.3391395539937,0,0,3.77029128087857,1.10051318522511,-0.0119595474410077
155,0.00326882604194392,29.6974901214286,9.48461273028571,0,4.497167225,2,1,0,986.165940914286,-8.90681506305413e-05,-0.0268831364165489,"01",29.26799361275,0.747089272444896,11.6373499322857,3.40338239791025,0,0,3.89793697906072,1.341599987256,-0.0102775948455592
156,0.00330526571329329,29.505689785,8.757320977,0,4.497111076875,2,1,0,972.7740643375,-5.26284792811715e-05,-0.0157971811865814,"01",29.3259849239643,0.672584715896206,11.6817005989643,1.66766236053869,0,0,3.89751498250357,1.34077947636278,-0.00753423848074002
157,0.00334838193291649,29.2723554414286,11.0231801928571,0,4.497167225,2,1,0,959.512586,-9.51225965797149e-06,-0.0028368249608306,"01",29.4961830858929,0.551293905745112,11.3765769321143,1.96370214388168,0,0,3.89752621214643,1.34079621650101,-0.00416624718375855
158,0.00337952869011994,29.1609739775,14.27896231,0,4.497111076875,2,1,0,946.3102314125,2.16344975454788e-05,0.00642220969027996,"01",29.7553567617857,0.319358718280957,11.2289715015208,4.24723920167642,0,0,4.24729964651488,1.47385465716724,-0.00352164473912323
159,0.00337053576346205,29.1910350671429,15.4116946142857,0,4.497167225,2,1,0,933.143859028571,1.26415708875888e-05,0.00375766277403944,"01",29.8485004320357,0.465334766825898,11.3881787761822,5.63642117142033,0,0,4.49713353599286,1.49904638404556,-0.00131084615015364
160,0.00333506479080899,29.31735463375,17.12099571625,0,4.497111076875,2,1,0,919.9245676625,-2.28294017654714e-05,-0.00682194218665177,"01",29.8776429206429,0.548340150805943,13.1885921730322,2.53245334118116,0,0,4.49714476561786,1.49904638404556,-0.00126478234751085
161,0.00329613488060974,29.5984620357143,16.6511165714286,0,4.497167225,2,1,0,906.636819828571,-6.17593119647212e-05,-0.0185635148153072,"01",29.7923254008929,0.563266325144937,13.8727693448214,3.54643008395431,0,0,4.49713353599286,1.49904638404556,-0.00353508864505988
162,0.00328403975023319,29.90637792375,16.98466607875,0,4.497111076875,2,1,0,893.1047942375,-7.38544423412712e-05,-0.0222397526993579,"01",29.6527895580714,0.672650340936189,14.6784084291571,2.57302919291752,0,0,4.49692462270357,1.4990464607456,-0.00679212030947814
163,0.00330931885644046,30.1042240085714,15.80022353,0,4.49606651042857,2,1,0,879.503525585714,-4.85753361340012e-05,-0.0145716640012861,"01",29.6829062951786,0.65907899740759,15.2875362775893,1.59452959626531,0,0,4.26913794914732,1.51417393134153,-0.00254499555365451
164,0.00333988887754176,30.089086615,13.1303808775,0,5.084143295875,2,1,0,865.8880005625,-1.80053150327015e-05,-0.0053765126997023,"01",29.6388508767411,0.524322118670721,16.269484025,1.63757831299819,0,0,4.49697977720089,1.73076565287507,0.000230279864837968
165,0.00334512238882083,29.9710727985714,15.8244409328571,0,5.99558547228571,2,1,0,852.335097728571,-1.27718037536313e-05,-0.00381076748756914,"01",29.6792382670536,0.345170988896761,16.182440993125,2.00854571884767,0,0,4.49713915077232,1.73094966665217,0.00360782879506152
166,0.00333509862187106,29.93293512375,15.20818905875,0,5.996148102375,2,1,0,838.7930264875,-2.27955707034011e-05,-0.00681179818898237,"01",29.6983585807143,0.259205137463041,16.7096831475,1.29555759943401,0,0,4.49713915077232,1.73094966665217,0.00470052201394138
167,0.00332982243478993,29.9288071142857,15.3193393471429,0,5.99622296657143,2,1,0,825.285232785714,-2.80717577845315e-05,-0.00839506916252297,"01",29.734166283125,0.402905858911125,16.6488724868303,1.0669368695057,0,0,4.49713915077232,1.73094966665217,0.00523765550631445
168,0.00332114776010413,29.96903413125,15.78938842,0,5.996148102375,2,1,0,811.7444474,-3.67464324703315e-05,-0.011003614709912,"01",29.7871172371875,0.532435115952079,15.7922420060714,0.523608224675794,0,0,4.49713915077232,1.73094966665217,0.00706745391726695
169,0.00331144223775216,30.0059319,15.5299385042857,0,5.99622296657143,2,1,0,798.210666357143,-4.64519548223014e-05,-0.0139302328153086,"01",29.7017734793571,0.584642627878425,14.7203856611857,2.5439037093899,0,0,4.19733361724643,1.64211962141197,0.00976416004836231
170,0.00331349898345532,30.11049898875,13.988974835,0,5.996148102375,2,1,0,784.625650075,-4.43952091191413e-05,-0.0133093229420069,"01",29.5200892337857,0.501279802660788,13.0858300748857,4.40547524391373,0,0,4.19732613081786,1.64212645555497,0.0135978032911093
171,0.00332831227938162,30.0783269128571,12.38959323,0,5.99622296657143,2,1,0,771.037412828571,-2.95819131928411e-05,-0.00884869632799035,"01",29.2645133193929,0.390920286521504,13.5348345846428,2.44165698653193,0,0,4.19733361724643,1.64211962141197,0.0197629295784733
172,0.00334320780273565,29.91922680625,9.999457011,0,5.996148102375,2,1,0,757.4730085875,-1.46863898388113e-05,-0.00438328290633283,"01",29.1501179624643,0.312941397361805,14.1075165092857,1.84910866602685,0,0,4.19732613081786,1.64212645555497,0.0274838515280407
173,0.00334837968005106,29.6936300014286,11.3292886385714,0,5.99622296657143,2,1,0,744.017480685714,-9.51451252340129e-06,-0.00283749778315645,"01",29.1693276921429,0.231529280751744,14.4337425234071,1.7543296310671,0,0,4.19733361724643,1.64211962141197,0.0347472001659129
174,0.0033396390442469,29.52110683625,13.2509146075,0,5.996148102375,2,1,0,730.6313339,-1.82551483275612e-05,-0.00545131837172619,"01",29.4586258186607,0.378825176454544,12.983981985058,4.21162880032102,0,0,4.49614116020536,1.7298196796912,0.0395438349816176
175,0.00331364100709156,29.4593209471429,15.9925909828571,0,5.99622296657143,2,1,0,717.327219928571,-4.42531854829013e-05,-0.0132664617282163,"01",29.6220497409375,0.550044361952185,13.3646365881339,2.42659818290405,0,0,3.9763982547009,1.41391545096681,0.0412118544426715
176,0.00328484744583146,29.46465670375,15.90498383625,0,5.996148102375,2,1,0,704.0122843375,-7.30467467430014e-05,-0.0219938372029755,"01",29.5910478181696,0.432206490271506,15.6483299973661,1.02454078946525,0,0,3.74898954939286,1.49815786563197,0.0397607654003036
177,0.00326820936464355,29.4981172214286,15.7481271757143,0,5.99622296657143,2,1,0,690.705328714286,-8.96848279309114e-05,-0.0270718082670056,"01",29.536003940625,0.240375125619927,15.7368087407589,1.36177333450323,0,0,4.04726773977232,1.41679477895678,0.0349562902918216
178,0.0032608547693193,29.6005461425,14.64578377875,0,5.996148102375,2,1,0,677.348526225,-9.70394232551611e-05,-0.0293246880239595,"01",29.5385719883036,0.109057505048217,16.6003342874554,0.925479915255199,0,0,4.12222097289286,1.43519922721206,0.0272748652858942
179,0.00324627421420204,29.6938039057143,15.5824052285714,0,5.99622296657143,2,1,0,663.969516428571,-0.000111619978372421,-0.0338061049769438,"01",29.6027017466964,0.217848513263069,15.8962288060714,0.490273537987471,0,0,4.12238457341518,1.43520402282624,0.0182553263146751
180,0.00322406177356727,29.8304322925,16.02545681,0,5.996148102375,2,1,0,650.51328235,-0.000133832419007191,-0.0406720628655339,"01",29.6620320288393,0.370129617739572,15.38054941,0.778902169095888,0,0,4.12237053636161,1.43525126451787,0.00999394305133773
181,0.00320937596544189,29.9524836328571,14.54856234,0,5.99622296657143,2,1,0,637.020924128571,-0.000148518227132571,-0.0452375327661541,"01",29.6670937404911,0.478500941330302,14.3747709518572,2.88011989412151,0,0,4.12238457341518,1.43520402282624,0.00362992702365124
182,0.00321283727465721,29.92193346625,10.136019426,0,5.996148102375,2,1,0,623.4780568,-0.000145056917917252,-0.044159614823144,"01",29.6415592725,0.4747707581945,13.6866134740446,2.56277106737772,0,0,4.12237053636161,1.43525126451787,-0.0129141624676787
183,0.0032308888504699,29.72344434,9.86149592742857,0,5.99622296657143,2,1,0,610.014235328571,-0.000127005342104561,-0.0385567626457863,"01",29.6469180646875,0.416461845379828,12.0521927687589,2.43294240140863,0,0,4.12238457341518,1.43520402282624,-0.015739780091175
184,0.0032494228119119,29.43608854875,8.78647019775,0,5.996148102375,2,1,0,596.6379956625,-0.000108471380662561,-0.0328366638694382,"01",29.7170559175893,0.49998718736727,10.702303125125,2.73121718563642,0,0,4.12237053636161,1.43525126451787,-0.00917322106931192
185,0.00325855042718782,29.0709958928571,10.853024512,0,5.99622296657143,2,1,0,583.430209371429,-9.93437653866412e-05,-0.0300316059366512,"01",29.7104659920982,0.642309322006777,13.5204016726161,1.42847901549702,0,0,4.12238457341518,1.43520402282624,-0.014491796351671
186,0.00326341920824853,28.84010204125,13.73567383875,0,5.996148102375,2,1,0,570.34573865,-9.44749843259313e-05,-0.028538565616623,"01",29.69182173875,0.65290147218496,14.7650320684375,0.558612548436458,0,0,4.12237053636161,1.43525126451787,-0.0193712510788828
187,0.00326484218064145,28.77330429,15.07326559,0,5.99622296657143,2,1,0,557.344861285714,-9.30520119330112e-05,-0.0281026233995165,"01",29.6516297515179,0.611225512197885,15.5533113697321,0.623756050987879,0,0,4.12238457341518,1.43520402282624,-0.0220262379493577
188,0.0032538503919182,28.7961685475,16.1330844375,0,5.996148102375,2,1,0,544.3351028375,-0.000104043800656261,-0.0314750170754454,"01",29.5547542153571,0.48596653003185,14.6556450365312,2.95250210063876,0,0,4.12237053636161,1.43525126451787,-0.023618918963173
189,0.00323102726088758,28.8814519514286,16.1994829,0,5.99622296657143,2,1,0,531.314191614286,-0.000126866931686882,-0.038513923831097,"01",29.5346433925595,0.284563737929751,14.7381450519137,2.29990987479306,0,0,3.99745390358929,1.22395096560603,-0.030045033473095
190,0.00319930897563016,29.06570619125,15.61892602375,0,5.996148102375,2,1,0,518.2153163,-0.000158585216944301,-0.048379206251532,"01",29.4519441202083,0.139045477091085,15.8966025997619,0.885124780205328,0,0,3.99746014226488,1.22398152879353,-0.0359550616587451
191,0.00318173587176367,29.2892775271429,16.1550835628571,0,5.99622296657143,2,1,0,505.044244871429,-0.000176158320810791,-0.0538871279673367,"01",29.480597217381,0.142507869466498,15.6205508253572,1.3171243457728,0,0,3.99745390358929,1.22395096560603,-0.041938914942012
192,0.0031929980085872,29.50414189375,15.99162770625,0,5.996148102375,2,1,0,491.7543946125,-0.000164896183987262,-0.0503537575087067,"01",29.6469975910714,0.174567448829991,14.2524235497262,2.54229181946393,0,0,3.99746014226488,1.22398152879353,-0.0433315191242758
193,0.00321620341464572,29.7091186857143,16.8171798014286,0,5.99622296657143,2,1,0,478.381929657143,-0.000141690777928741,-0.0431124476471787,"01",29.8498812336607,0.144589646983534,13.0812024384524,3.22807020633339,0,0,3.99745390358929,1.22395096560603,-0.0389478068714415
194,0.00321559007239941,29.9187009475,16.8746941825,0,5.996148102375,2,1,0,464.9094111375,-0.000142304120175051,-0.0433031696379675,"01",29.9295949090774,0.237905773882287,14.516305818244,2.0939985679736,0,0,3.99746014226488,1.22398152879353,-0.0338939596911296
195,0.00319477399395433,30.1690369828571,15.6687665771429,0,5.99622296657143,2,1,0,451.343361957143,-0.000163120198620131,-0.0497976996667617,"01",29.8734908344048,0.374485917146765,14.9025432535417,1.7692748484403,0,0,3.99745390358929,1.22395096560603,-0.0328162295091626
196,0.00317976694532628,30.2106978775,15.86280994375,0,5.996148102375,2,1,0,437.6932042125,-0.000178127247248181,-0.0545061409568683,"01",29.7837376198512,0.493646807656422,14.7620577916667,1.96710563455875,0,0,3.99746014226488,1.22398152879353,-0.0356146551683517
197,0.00318414635630756,30.1652957585714,14.4810138757143,0,5.99622296657143,2,1,0,424.063169128571,-0.000173747836266901,-0.0531298143705712,"01",29.6809492126488,0.573634575940094,14.1002917319881,2.58083147918219,0,0,3.99745390358929,1.22395096560603,-0.0399292275514918
198,0.00321342304918757,30.0475134425,13.110582275,0,5.996148102375,2,1,0,410.455467825,-0.000144471143386892,-0.0439773083231785,"01",29.5293069405714,0.654279519080584,14.3384901261607,2.77021987718032,0,0,3.89751872571786,1.34080249402139,-0.0386398424707338
199,0.00325775245428587,29.8825726057143,13.0555737485714,0,5.99622296657143,2,1,0,396.922975214286,-0.000100141738288591,-0.0302765217718912,"01",29.1828224616667,0.666398641381216,14.7720289647024,2.34993309344575,0,0,3.74766530441964,1.25414562133736,-0.0400462971002322
200,0.00330487948307284,29.68955675625,11.67158793375,0,5.996148102375,2,1,0,383.46268205,-5.30147095016212e-05,-0.0159140410127216,"01",29.0844358765774,0.493307439035621,14.1961857018452,2.95290521909147,0,0,3.75007716657738,1.25245086149707,-0.0381314943565438
201,0.00335164707366006,29.4597725471429,10.2590411214286,0,5.99622296657143,2,1,0,370.100020328571,-6.24711891440135e-06,-0.00186216025374364,"01",29.127333633631,0.282669758270331,13.4801021859792,3.88628363730644,0,0,3.51090715599405,1.53076421713132,-0.0317994701391312
202,0.00339515543422269,29.23872750875,13.54323412375,0,5.996148102375,2,1,0,356.846361425,3.72612416482286e-05,0.011035493813683,"01",29.3549459114286,0.419171315122168,12.0508508500804,6.01837962138134,0,0,3.25852956375595,1.73992683263651,-0.0214990739811394
203,0.00341593566147749,29.1511085671429,16.3656155,0,5.99622296657143,2,1,0,343.667985685714,5.80414689030288e-05,0.0171373916825317,"01",29.627262322381,0.704022422905322,11.7929678859613,5.58919239638705,0,0,3.24779980691072,1.75260389149606,-0.0101979606090215
204,0.00338399762657813,29.18217759,15.4966683475,0,5.996148102375,2,1,0,330.4904174875,2.61034340036685e-05,0.00774369104989425,"01",29.5550566221429,0.699206096883867,13.4790362932321,3.52834651475675,0,0,3.29790017230357,1.95452668858912,-0.00194019470831721
205,0.00333878111151187,29.2408244342857,13.9732976942857,0,5.99622296657143,2,1,0,317.2959105,-1.91130810625914e-05,-0.00570824521791113,"01",29.5632701599643,0.655688352102128,15.0929804612857,1.37775379738935,0,0,3.29790391551786,1.95450802766327,0.00261378694493422
206,0.00329122086619235,29.249349845,13.496018005,0,5.996148102375,2,1,0,304.0797641375,-6.66733263821112e-05,-0.0200554686033199,"01",29.5017094297143,0.544593210260328,14.8502305689286,1.54602764083641,0,0,3.29790017230357,1.95452668858912,0.00364053184657225
207,0.00324310431831056,29.2650142414286,13.1043608857143,0,5.99622296657143,2,1,0,290.870869185714,-0.000114789874263901,-0.0347830540114389,"01",29.3660426285,0.383092505134847,15.4439322158571,2.22495531485656,0,0,3.29790391551786,1.95450802766327,0.00144106141612319
208,0.00319535276193743,29.29670645,13.20667818375,0,5.996148102375,2,1,0,277.6381463125,-0.000162541430637031,-0.0496165552266969,"01",29.2357677447857,0.354712240442334,15.4595095239643,1.74066039771818,0,0,3.29790017230357,1.95452668858912,-0.00377957304983676
209,0.0031496993829191,29.3189353257143,13.6759960642857,0,5.99622296657143,2,1,0,264.404724328571,-0.000208194809655362,-0.0640070328403306,"01",29.1349557183929,0.44766204798326,15.7716514623929,1.02275500765843,0,0,3.29790391551786,1.95450802766327,-0.0109233182683957
210,0.00312073904824101,29.3506484775,14.17361882125,0,5.996148102375,2,1,0,251.14764205,-0.000237155144333451,-0.0732441986279007,"01",29.2082037957589,0.612998612297903,15.5901185071429,1.56869467715594,0,0,3.74761127998661,1.93527747348699,-0.0195964626360909
211,0.00312924214982225,29.3630568442857,13.8885236185714,0,5.99622296657143,2,1,0,237.890938271429,-0.000228652042752211,-0.0705231963445385,"01",29.2721260285268,0.77260013580207,14.8691839720536,2.01928637259048,0,0,3.74762063802232,1.935243646228,-0.0258245464439383
212,0.00314644961212724,29.37464965125,13.9614413325,0,5.996148102375,2,1,0,224.619865725,-0.000211444580447221,-0.065039337183757,"01",29.3872836900446,0.848263489391638,14.0896539662054,1.85705344969958,0,0,3.74761127998661,1.93527747348699,-0.0288847087738179
213,0.00315745196173716,29.4042732714286,14.1622482185714,0,5.99622296657143,2,1,0,211.351688914286,-0.000200442230837301,-0.0615486860993206,"01",29.660342654,0.806753182899601,13.7134630109429,2.53639775893388,0,0,3.89751872579286,1.70915861209125,-0.031556045432056
214,0.00315035714359302,29.38850409,13.62248140875,0,5.996148102375,2,1,0,198.0694407875,-0.000207537048981441,-0.0637982218073949,"01",29.7899108931429,0.781252153755671,12.0914691882643,3.31644391402303,0,0,3.89752246898929,1.70919308373297,-0.0294891617858025
215,0.00313706832845112,29.3680404957143,14.5282937957143,0,5.99622296657143,2,1,0,184.803708914286,-0.000220825864123341,-0.0680253365671222,"01",29.8428270733929,0.516810819073851,8.69021481429643,5.34755510431786,0,0,3.89767792590714,1.70887936936932,-0.02773551090279
216,0.00314367293485891,29.36996962375,14.4217792575,0,5.996148102375,2,1,0,171.5358116625,-0.000214221257715551,-0.0659222062660874,"01",29.72638527925,0.468207860329196,7.63829541359999,6.71801144435093,0,0,3.99496034493929,1.54419991518339,-0.0246636465256639
217,0.00317178598474006,29.3634078714286,14.5414797128571,0,5.99622296657143,2,1,0,158.272186414286,-0.000186108207834401,-0.0570192159869061,"01",29.4895611885357,0.850640693044299,10.2331285231821,5.45477903979021,0,0,4.19824793396429,1.25307372462249,-0.017509997850325
218,0.00321038069772122,29.32197914625,13.96262721875,0,5.996148102375,2,1,0,145.0164840625,-0.000147513494853241,-0.0449245201991832,"01",29.1211181311786,0.870688144025496,14.6731225981036,4.4387864719354,0,0,4.19732987408929,1.25421455731784,-0.0065057438215268
219,0.00324860816865909,29.2228579757143,13.6092844242857,0,5.99622296657143,2,1,0,131.796306471429,-0.000109286023915372,-0.0330873992797311,"01",28.7391273837143,0.68171797627377,16.3203013532321,4.42593578530742,0,0,4.19732987410714,1.2541698173818,0.0058457981288508
220,0.00325577084518927,29.1224767,14.27777102875,0,5.996148102375,1.25,0.625,0,118.619201225,-0.000102123347385191,-0.0308849817422576,"01",28.4360844405,0.513431428315019,17.0671578444286,2.85989353637717,0,0,4.19694197911429,1.25467839360105,0.0175470023347574
221,0.00323339151913869,29.0385282128571,14.0567382971429,0,5.99622296657143,0,0,0,105.486264985714,-0.000124502673435771,-0.0377824556623931,"01",28.2412315191072,0.501855781216654,18.0879569150446,3.93602462941244,0,0,3.92820876209375,1.67116085655468,0.0327285983984289
222,0.00321791591534391,28.948725405,13.40567104875,0,5.996148102375,0,0,0,92.38644528,-0.000139978277230551,-0.0425801290507808,"01",27.6509796080357,1.04126986487196,17.1556407926875,7.81889220208818,0,0,3.83780776045536,1.80184021275462,0.0393681467091359
223,0.00322560243348905,28.8000239071429,9.029719443,0,5.99622296657143,0,0,0,79.3429139771429,-0.000132291759085411,-0.0401943139924619,"01",26.1057813373571,2.15293242996068,16.1161076964536,11.7636488296001,0.00200941762857143,0.00402536492579957,4.52758138762857,1.32778508453299,0.0446647851094098
224,0.00326055150998317,28.33230356,2.635244461875,0.009178725,6.00066957425,0,0,0,66.42054608125,-9.73426825912915e-05,-0.0294176922975966,"01",24.8494847628929,2.53178104372696,15.9533039788929,12.3406770119112,1.688151769125,3.00854270740681,4.04080736181429,1.87034937714108,0.0514891246078735
225,0.00330779295998241,27.4378244842857,2.23266935357143,6.943557155,3.84516349014286,0,0,0,53.8140150828571,-5.01012325920514e-05,-0.0150328611160724,"01",23.6739033960714,2.82006520360459,13.4704800785491,12.9960110269377,9.49065590495535,11.1953944913963,-1.95764662166964,6.9361992830505,0.0661051022131901
226,0.00335724357266988,25.778932305,1.918639759375,21.78491444125,-8.851596737625,0,0,0,41.75540015625,-6.50619904581269e-07,-0.000193777077994284,"01",20.1487651964881,3.09869296107719,17.4639710085238,11.9378538173314,8.27559000473215,12.9267961703888,-19.1305145469315,18.3043949560473,0.0785127490524971
227,0.00340738011496569,22.8726412457143,1.8350989,27.4426462571429,-35.7444437214286,0,0,0,30.7483006542857,4.94859223912287e-05,0.0146296517434799,"01",16.5895725140255,3.99495423973402,18.4481255615077,11.3526051463946,7.78646272043367,13.2995447428456,-24.3993350792985,19.867050355036,0.0919522176073579
228,0.00345785353761692,19.772720995,1.745355135125,26.89219441875,-51.07075675125,0,0,0,21.29785619625,9.99593450424587e-05,0.0293339817539282,"01",6.14097459662876,7.30342632824142,8.16805667247556,10.0381978925237,17.6444125721861,20.4752169529345,-5.51534528384492,31.6763903945306,0.110490036849022
229,0.00350848701270762,17.0724643185714,1.78937307328571,26.9849477,-0.840587305857142,0,0,0,13.33774367,0.000150592820133159,0.043870843661578,"01",4.94426987316541,6.11336501304972,7.05225016806673,9.40920734540267,18.7039966027688,19.9427498440578,52.0192921781655,112.472489591725,0.120281504473225
230,0.00355919103603723,14.27861432625,1.800030618625,26.506496305,105.30075388625,0,0,0,6.630374001875,0.000201296843462768,0.0582192311908782,"01",7.37529750624861,3.17431405326334,7.93729030693532,8.19616806456851,7.57323815105655,11.5442010409203,404.386990208866,162.118407969599,0.175580631464991
231,0.00360989575894282,11.5868741057143,1.84373792057143,23.2747832385714,244.856420414286,0,0,0,0.859872035571429,0.000252001566368359,0.0723648451115189,"01",6.55904634992571,2.76500531094406,7.65066926617595,7.50468134839289,5.75520516969643,10.5073829630164,455.708338011095,115.807458554461,0.174479496883437
232,0.00366053921071385,10.0837345955,1.713914917125,9.480207592875,360.833825825,0,0,0,-3.771605413875,0.000302645018139389,0.0862964103331123,"01",6.67126307641295,1.84677942077029,7.41354698220535,5.37253648351881,0.00170240075,0.00368773600767064,530.72459182567,81.2952310839732,0.183314353172769
233,0.00371105951562677,9.30701265328571,1.714653774,0,419.263201114286,0,0,0,-6.85960390871429,0.000353165323052309,0.100003367642564,"01",6.6699126794881,1.60587783209581,9.9341798982262,1.77819924290198,0,0,540.078882113095,79.9619179632995,0.183120315218096
235,0.00381133183939961,8.00063647714286,17.2671649628571,0,470.742388785714,0,0,0,-6.51756969657143,0.000453437646825149,0.126664639560841,"01",7.3291876729375,1.85951691101802,7.87929836716965,4.35868643725921,0,0,509.874961863393,88.9478090982636,0.185495085148826
236,0.00386071345296191,8.675020272625,20.2188786225,0,413.4057895875,0,0,0,-3.6018254545,0.000502819260387449,0.139537945793957,"01",7.05042657853373,2.06837003517807,6.78025453052976,5.37267751661513,1.05486964431944,3.15950361383259,511.847840047817,94.8144824988031,0.186443964232113
237,0.00390904957146353,10.4807407082857,24.3132165,0,206.220482471429,0,0,0,0.520920830285714,0.000551155378889068,0.151980214800172,"01",6.27892532432857,2.63927911905372,6.4604873209028,6.1457392793923,6.16629125324617,10.778122724162,473.528899121071,96.5038623213447,0.180168043777607
238,0.00395472222730235,12.85317485375,24.56086324,0,36.567034031375,0,0,0,5.57809364875,0.000596828034727888,0.163596311861459,"01",7.05306942698382,2.95301031701407,6.95943307557857,7.28617375565098,8.01872274817752,11.7389259607856,426.023458219307,137.738562267051,0.176331966599433
239,0.00398719398224023,15.1914797242857,23.9220259271429,0,-14.6405271135714,0,0,0,11.6235153408571,0.000629299789665769,0.171773667101609,"01",4.66067961365188,5.5996732271756,4.17411664705996,7.15265430485841,21.1481945494455,18.7639199430635,123.504315799237,168.565613114067,0.141489693009226
240,0.00396697642371247,17.31157427375,25.14979631375,0,-35.02406126375,0,0,0,18.77156090375,0.000609082231138009,0.166690144741287,"01",5.66882887995535,7.11277223753927,7.23891462608532,9.45025454845026,18.6246577150853,20.6049680218924,-1.34974420382936,33.1107043909536,0.119125888969659
241,0.00392306941463374,19.4693724514286,25.0444215671429,0,-40.3412741985714,0,0,0,26.9705650142857,0.000565175222059279,0.155560307955429,"01",14.0058152159087,6.06966611329382,14.1112084609861,11.7154665719741,12.7497667083929,15.2353384949505,-24.2242685223889,19.165344693868,0.0999806361664023
242,0.00387530479430153,21.5121877425,25.243378825,0,-15.1869900725,0,0,0,36.23619615125,0.000517410601727069,0.143310263231523,"01",19.2999007553061,3.90011113793057,11.9702206335077,12.5031537454182,14.8798255816327,14.0370255895638,-27.0725209383954,18.7090413347789,0.0976995104306407
243,0.0038262376005231,23.3421058871429,26.1802499157143,0,-1.90945472771429,0,0,0,46.3689492585714,0.000468343407948639,0.130567917894409,"01",22.9169288205357,3.29984072937246,11.4185133437464,12.5293112367243,12.0347034782143,11.2411535724103,-10.4145601319107,11.4361737711273,0.083669058267123
244,0.00377647862698091,25.0336766575,25.13723493375,0,0.960944781625,0,0,0,57.32357212,0.000418584434406449,0.117477942878049,"01",24.1609812722917,3.11271176290588,13.5355978590476,12.1266999630942,4.10307800403273,6.49863644914119,2.62781194894047,4.78254982337701,0.0663628910049998
245,0.00372633767969155,26.4442810014286,22.3494783585714,0,2.99177432642857,0,0,0,68.9645555557143,0.000368443487117089,0.10411184396659,"01",25.4960635938393,2.73758977235081,14.0344963893661,11.9847440105421,0.251208129794643,0.610420307428906,4.67595583598214,1.90344045027378,0.0571737477413356
246,0.00367595412228366,27.36425944,21.9236431675,0,1.8549081235,0,0,0,81.1366121725,0.000318059929709199,0.0904986724041708,"01",26.7726457462755,2.10485064449091,14.5391306877526,10.0163575016639,0.00143529830612245,0.00342983183699998,4.7338741329949,1.21871988283716,0.0504227895719263
247,0.00362543508170244,28.2012316742857,21.2065882785714,0,2.22140823785714,0,0,0,93.6937608785714,0.000267540889127979,0.0766602523471258,"01",27.9306557530953,0.960437086316741,16.381647820869,6.23974875874304,0,0,4.30742439486607,1.64376602301239,0.0439291091862052
248,0.00357485024804152,28.8443811575,20.0995433325,0,2.996134576125,0,0,0,106.5821504,0.000216956055467059,0.0626092357032171,"01",28.3193793777976,0.540827143068379,17.0746466855953,3.48607930551967,0,0,4.3676948486369,1.53751619812843,0.0348567177547769
249,0.00352426844606372,29.54672661,21.3798129528571,0,2.99811148314286,2.57142857142857,0.857142857142857,0,119.765022857143,0.000166374253489259,0.0483588311905025,"01",28.5504831504167,0.53797012393707,16.6022600418155,2.79999511299153,0,0,4.49680966632441,1.34123006083667,0.0229283338988702
250,0.00347376732295833,30.3164218325,18.66421739875,0,2.998074051,3,1,0,133.2948182625,0.000115873130383868,0.0339256387882472,"01",28.8197491490476,0.640929585533873,15.8684651984077,4.11048190914044,0,0,4.49714538951786,1.34077947640586,0.0101717089520266
251,0.00342344708631788,30.6745953485714,6.557161193,0,3.00270178242857,3,1,0,147.1010589,6.55528937434187e-05,0.0193339137716615,"01",29.3926577166072,0.77313391787118,15.7571126279643,4.38265426049818,0,0,4.12236585734375,1.43522357127322,-0.00223699089067608
252,0.00337351145045037,30.13025439375,2.616684641375,0,1.98622640525,3,1,0,160.86235905,1.56172578759089e-05,0.00464012607798647,"01",29.7643598566072,0.697916719582231,10.3261511982902,6.41856223862762,0,0,4.12353682725447,1.43403446021449,-0.0131200847240383
253,0.00332439358753272,29.2699558157143,5.18408669042857,0,1.49985174214286,3,1,0,174.286262257143,-3.35006050417412e-05,-0.0100267710129982,"01",29.8856162833928,0.352788552290265,8.68335151419197,7.21180716744062,0,0,3.86940394590625,1.75334925946905,-0.0200793621100613
254,0.00327843410529654,28.64673802625,10.388312552625,0,1.4990370255,3,1,0,187.3433210875,-7.94600872779214e-05,-0.0239481468972187,"01",29.8162419950893,0.593428753478206,10.3191998113884,4.61600890082412,0,0,3.74782431718304,1.93495711980727,-0.0232588636067531
255,0.00325105292995692,28.4037494914286,10.6376068147143,0,1.49905574157143,3,1,0,200.228356571429,-0.000106841262617541,-0.0323351257993751,"01",29.619883405625,0.778488240817776,12.971112139808,2.43110556564575,0,0,3.74760660096875,1.93525572744541,-0.0256770440056256
256,0.00324011046137265,28.2182583,13.86426551125,0,1.4990370255,3,1,0,213.0114525375,-0.000117783731201811,-0.0357066257764043,"01",29.4538394642857,0.680603999125224,13.3397280060857,2.22854500363486,0,0,4.19732987410714,1.95451018093637,-0.02822352980236
257,0.00323478702969191,28.1728054814286,15.7782070471429,0,1.49905574157143,3,1,0,225.745408428571,-0.000123107162882551,-0.0373509553501528,"01",29.4813078561905,0.698347084809895,14.5814739226488,1.91792158201431,0,0,4.2472934078869,1.75245857473677,-0.028968337036998
258,0.00324202714655626,28.3183678975,16.80619606875,0,1.4990370255,3,1,0,238.4973691875,-0.000115867046018201,-0.035115251357575,"01",29.3618594178572,0.624646749346096,15.066712588006,1.87888106239254,0,0,4.24730276592262,1.75244736794163,-0.0254546092095451
259,0.00325795418600863,28.5538853185714,16.0096431857143,0,1.49905574157143,3,1,0,251.344068714286,-9.99400065658314e-05,-0.0302146001023722,"01",29.2366927321071,0.534680812710377,15.3068185699643,1.4989651479037,0,0,4.19731864446429,1.95452238228855,-0.0142316890369099
260,0.00328289442600823,28.77213700875,15.718104715,0,1.4990370255,3,1,0,264.2945448875,-7.49997665662311e-05,-0.0225885681955855,"01",29.2256603958036,0.46081755852493,15.7850381492411,1.18046984361682,0,0,3.74762063802232,1.935243646228,-0.0119837955345039
261,0.00331234301931473,28.9699734957143,15.5842415842857,0,1.49905574157143,3,1,0,277.335108742857,-4.55511732597312e-05,-0.0136582488949468,"01",29.3022163070536,0.371920630210793,15.4283265088839,2.00832823281352,0,0,3.74761127998661,1.93527747348699,-0.00467763449030131
262,0.0033381214700584,29.1277151425,15.08897224125,0,1.4990370255,3,1,0,290.45697685,-1.97727225160612e-05,-0.00590583427295499,"01",29.4256245,0.414744693248398,15.5326722095089,2.55891962117918,0,0,3.74762063802232,1.935243646228,0.000773161808025174
263,0.00334949858558407,29.2482868271429,14.3059397814286,0,1.49905574157143,3,1,0,303.643476228571,-8.39560699039113e-06,-0.00250339033431057,"01",29.5650650803572,0.607192525557592,14.9863032658036,1.7502847661856,0,0,3.74761127998661,1.93527747348699,0.00308199346649199
264,0.0033335910714706,29.24501594625,15.64316284,0,1.4990370255,3,1,0,316.8551134875,-2.43031211038611e-05,-0.0072639261032359,"01",29.6428337133929,0.728720723744929,14.9554348666071,1.55074673330554,0,0,3.74762063802232,1.935243646228,0.00171581303146421
265,0.00329662618362972,29.2121039514286,15.88403894,0,1.49905574157143,3,1,0,330.059603985714,-6.12680089447414e-05,-0.0184144716447152,"01",29.6407947898214,0.776431150787742,12.8777856315402,3.76682312429116,0,0,3.74761127998661,1.93527747348699,-0.00343785624798976
266,0.00326274193320727,29.1988539525,15.45260161,0,1.498242238375,3,1,0,343.248922975,-9.51522593671912e-05,-0.0287461225580641,"01",29.7129439963572,0.751331714708377,11.0610411411536,5.91869612808025,0,0,3.59771132061786,1.70916353662332,-0.0118841571498436
267,0.00324303182104949,29.23192202,16.9561954614286,0,1.56341556657143,3,1,0,356.445619171429,-0.000114862371524971,-0.0348054085403229,"01",29.3795506897143,0.463778261584014,11.0697819278107,6.16906758408414,0,0,3.59755236319286,1.70943215414516,-0.022708740759247
268,0.00320988565644535,29.381264705,17.098436165,0,3.012526507875,3,1,0,369.6748352375,-0.000148008536129111,-0.0450787322627093,"01",29.0765474193571,0.283784149660916,12.756435390175,3.86669088522392,0,0,3.61058328561786,1.68953658718484,-0.0330066757867292
269,0.00316523160852374,29.6195445271429,17.9938563228571,0,2.998416914,3,1,0,382.9982518,-0.000192662584050721,-0.0590878163182875,"01",28.9774141464643,0.467212913334857,13.4366515776429,2.56376108431793,0,0,3.90040921709286,1.33839213610568,-0.0400366145348841
270,0.003124442669206,29.87984305875,16.8874538425,0,2.998074051,3,1,0,396.43468955,-0.000233451523368461,-0.0720581254444044,"01",29.04341834225,0.639810614725867,14.3489439891429,2.35801297823143,0,0,3.89758355510357,1.34072198282814,-0.0429564633133388
271,0.00311057680234157,30.0579329971429,15.9695772428571,0,2.99811148314286,3,1,0,409.976165385714,-0.000247317390232892,-0.0765058707453807,"01",29.3971504264286,0.674047444360166,13.9307183469866,3.02053616619542,0,0,4.12237053636161,1.43525126451787,-0.0420822086775199
272,0.00312116871925461,30.11530093625,15.78861377125,0,2.998074051,3,1,0,423.5669834125,-0.000236725473319851,-0.073106525654663,"01",29.5695494999107,0.684800611348141,14.1647941623571,2.98039006029296,0,0,4.12238457341518,1.43520402282624,-0.0384340898769637
273,0.00313752222190837,30.1084965671429,14.3412165357143,0,2.99811148314286,3,1,0,437.169038228571,-0.000220371970666091,-0.0678806598938211,"01",29.7088570212054,0.602744329406211,15.1011066089286,2.43828573613322,0,0,4.12237053636161,1.43525126451787,-0.033576824756825
274,0.00316329873768027,30.1347899175,14.30722032625,0,2.998074051,3,1,0,450.770220525,-0.000194595454894191,-0.0596986598275224,"01",29.8212310177857,0.393467234250384,15.021607839,1.95104947280344,0,0,4.19732987410714,1.2541698173818,-0.0355044725409986
275,0.00319373911154348,30.0795484885714,11.3034051657143,0,2.99811148314286,3,1,0,464.381557357143,-0.000164155081030981,-0.0501216819050114,"01",29.8996041931786,0.252988386605473,15.15888594875,1.54409142295284,0,0,4.19732987408929,1.25421455731784,-0.0355167319125178
276,0.00321389721575631,29.88758451625,9.89226940925,0,2.998074051,3,1,0,477.9216360125,-0.000143996976818152,-0.0438297611230087,"01",29.8423405771428,0.160331675794667,13.7189890442929,3.15828409296096,0,0,4.19732987410714,1.2541698173818,-0.0394360022965982
277,0.0032134188102455,29.5779582214286,13.0737569757143,0,2.99811148314286,3,1,0,491.358331914286,-0.000144475382328961,-0.0439786274600209,"01",29.660805465,0.191474051428805,14.4881568645286,2.76808293794345,0,0,4.19732987408929,1.25421455731784,-0.0433962299578503
278,0.00319640647413589,29.3810507825,15.4030311775,0,2.998074051,3,1,0,504.6630862875,-0.000161487718438571,-0.0492868456315403,"01",29.5005065043571,0.149708945175626,15.6640547549286,1.4677623236148,0,0,4.19732987410714,1.2541698173818,-0.0426737080109648
279,0.00318374117010886,29.3901446385714,15.6420634585714,0,2.99811148314286,3,1,0,517.937424171429,-0.000174153022465601,-0.0532570735863906,"01",29.4643040165357,0.151727726850372,15.947510428,0.979729704228424,0,0,4.19732987408929,1.25421455731784,-0.0376852628515096
280,0.00318296226610605,29.516992025,15.50435903375,0,2.998074051,3,1,0,531.2347338125,-0.000174931926468411,-0.0535017540525162,"01",29.4505136485268,0.28914998776422,15.6605206891518,0.931723533291293,0,0,4.12238457341518,1.43520402282624,-0.0266865294291065
281,0.00318223423361343,29.6387299614286,15.6750031014286,0,2.99811148314286,3,1,0,544.602551785714,-0.000175659958961031,-0.0537305081759598,"01",29.4030370817857,0.540567335610517,14.951132916725,2.64093107206799,0,0,4.49712604956429,1.49905574199365,-0.0228333091519457
282,0.00317857689414384,29.72659636875,13.96971057,0,2.998074051,3,1,0,558.0047765625,-0.000179317298430621,-0.0548804683568793,"01",29.4759646592143,0.659157487510605,15.4573022137857,0.581285212684552,0,0,4.49715225204643,1.49903702592222,-0.0214185994043418
283,0.00318042946468445,29.6651629271429,14.0471199714286,0,2.99811148314286,3,1,0,571.424520171429,-0.000177464727890011,-0.0542978079756136,"01",29.52147779925,0.681759149485993,14.5591604225,0.667796119678815,0,0,4.49712604956429,1.49905574199365,-0.0184545196251087
284,0.00320232900722013,29.57960352125,13.82392203125,0,2.998074051,3,1,0,584.796745875,-0.000155565185354331,-0.0474356878183588,"01",29.58257197225,0.625464108016836,12.9869262404929,1.71854426963106,0,0,4.49715225204643,1.49903702592222,-0.012937815393173
285,0.00323741422406306,29.4948705014286,14.2352382242857,0,2.99811148314286,3,1,0,598.150214657143,-0.000120479968511401,-0.0365391158132606,"01",29.6608624438214,0.450864639464073,10.31913653965,2.51569943503981,0,0,4.49712604956429,1.49905574199365,-0.0068068767892993
286,0.00326550452880196,29.4238651425,15.08614694375,0,2.998074051,3,1,0,611.451490625,-9.23896637725014e-05,-0.0278997710328763,"01",29.66222331975,0.362286634663107,11.6140534004929,2.32362584693663,0,0,4.49715225204643,1.49903702592222,-0.00133765123536911
287,0.00327665061600922,29.3888393457143,16.1891967642857,0,2.99811148314286,3,1,0,624.738210757143,-8.12435765652412e-05,-0.0244923013521925,"01",29.69763411125,0.429857409301768,12.9764946644357,2.72895406275797,0,0,4.49712604956429,1.49905574199365,0.00336548696796912
288,0.00327960862288667,29.4355186225,14.8899168975,0,2.998074051,3,1,0,638.0111847375,-7.82855696877913e-05,-0.0235899554015093,"01",29.7241717189643,0.433603322488916,14.4095292294857,2.49546762004727,0,0,4.49715225204643,1.49903702592222,0.00851667300263177
289,0.00328918573647626,29.4990683985714,15.1710564585714,0,2.99811148314286,3,1,0,651.330889642857,-6.87084560982011e-05,-0.0206740108430337,"01",29.6957120815714,0.329269919983942,15.50953089,0.733619487664867,0,0,4.49712604956429,1.49905574199365,0.0150605436430249
290,0.00332253624886766,29.48657341625,16.1579787575,0,2.998074051,3,1,0,664.64695885,-3.53579437068013e-05,-0.0105856271174645,"01",29.6209221785,0.193011403092513,15.8334640905714,0.447183579860717,0,0,4.49715225204643,1.49903702592222,0.023461469443837
291,0.00336871258929657,29.4614407571429,15.3514925657143,0,2.99811148314286,3,1,0,677.966615785714,1.08183967221088e-05,0.0032166012014665,"01",29.5509668191429,0.0984292320054302,16.2094241857143,1.18593353244254,0,0,4.49700639878929,1.49905576736304,0.0329348206168795
292,0.00341642217033314,29.43317064,14.51220207125,0,2.998074051,3,1,0,691.2638021,5.85279777586788e-05,0.0172798048447831,"01",29.5284265967857,0.208859358087901,15.73907242775,1.1793411645139,0,0,4.43705878513214,1.50504680308385,0.0411591001477043
293,0.0034625330215642,29.3313871828571,13.2569669471429,0,2.99811148314286,3,1,0,704.549380714286,0.000104638828989739,0.0306863583835355,"01",29.5657695952857,0.378545612093785,15.6996607651429,0.894671509863441,0,0,4.19842125998929,1.64112828725068,0.0459362256606315
294,0.00349226410313015,29.1802856675,13.723302415,0,2.998074051,3,1,0,717.754388325,0.000134369910555689,0.0392362157811492,"01",29.5895039821786,0.481879375105958,13.8902274670786,2.40780250770362,0,0,4.380363197075,1.52161297648206,0.0466596860597603
295,0.00348914862233876,29.0269147371429,15.9116990042857,0,2.99811148314286,3,1,0,730.906491528571,0.000131254429764299,0.0383437084817082,"01",29.4711220221786,0.329260020726265,13.0373685095464,3.64933055076611,0,0,4.79614254863929,1.64140526942515,0.044043350316952
296,0.00349396695429636,28.92242530875,16.30925301625,0,2.998074051,3,1,0,743.9807394,0.000136072761721899,0.0397237035659614,"01",29.2310532879911,0.214648742309635,13.9648649001964,1.62416802361554,0,0,4.49714850880804,1.73093886085584,0.0351996095659174
297,0.00351141880982285,28.9804109471429,15.1109452328571,0,2.99811148314286,3,1,0,757.058189214286,0.000153524617248389,0.0447061247255345,"01",29.1925447162946,0.344348991537855,13.8566593283929,2.03455358993828,0,0,4.49712979273661,1.73096047231359,0.0290495127278128
298,0.00352480213813562,29.157731265,14.5993579775,0,2.998074051,3,1,0,770.180538325,0.000166907945561159,0.0485102531549737,"01",29.2912088329911,0.44610225760871,13.2687037364286,2.7343642034969,0,0,4.49714850880804,1.73093886085584,0.0223763226308824
299,0.00351439057378965,29.3100862185714,16.8489309214286,0,2.99811148314286,3,1,0,783.386956314286,0.000156496381215189,0.0455520810836347,"01",29.5725899875893,0.56273119077812,12.14505486325,4.46958941150759,0,0,4.49712979273661,1.73096047231359,0.0116508892168835
300,0.00347602754843775,29.50370234375,16.5482403925,0,2.998074051,3,1,0,796.660369375,0.000118133355863289,0.0345760825886439,"01",29.7512912632589,0.662869467009276,14.2634219783572,2.69007237709977,0,0,4.49714850880804,1.73093886085584,0.0071995842676837
301,0.00343474937510048,29.64789792,15.84587641,0,2.99811148314286,3,1,0,810.031438814286,7.68551825260188e-05,0.0226299111227268,"01",29.751068343125,0.54960754197525,15.9678330016964,0.650083286680491,0,0,4.49712979273661,1.73096047231359,0.00327813796584975
302,0.00340229794527226,29.74374161125,15.77289718875,0,2.998074051,3,1,0,823.4378864,4.44037526977988e-05,0.0131370200969387,"01",29.7102053603125,0.40499112488802,16.6671172921428,1.04740971534643,0,0,4.49714850880804,1.73093886085584,0.000447155210998673
303,0.00337088207838137,29.8569847285714,16.3506611828571,0,2.99811148314286,3,1,0,836.9046429,1.29878858069086e-05,0.00386040522895748,"01",29.6700478013839,0.241697657989722,16.5652421489732,1.37848066526727,0,0,4.49712979273661,1.73096047231359,0.00462414776076102
304,0.00337179518589556,29.95330862875,14.13905678375,0,2.998074051,3,1,0,850.404448375,1.39009933210988e-05,0.0041312494224135,"01",29.6551572920089,0.322277676708144,16.7353420929018,1.49809303390198,0,0,4.49714850880804,1.73093886085584,0.00365541248845715
305,0.00340485648462506,29.8758374971429,14.1953800971429,0,2.99811148314286,3,1,0,863.932889128571,4.69622920505988e-05,0.013888740782714,"01",29.6582186596428,0.537265182156499,16.2554031966518,1.66142591783945,0,0,4.49697041916518,1.73077645853639,0.00147195813009942
306,0.00342970092488047,29.81990623,15.10249674,0,2.998074051,3,1,0,877.4029148875,7.18067323060086e-05,0.0211590137420163,"01",29.6968891119643,0.663532657915357,15.060757116875,1.69119526185643,0,0,4.26914730718304,1.51416345736106,-0.000390085617684428
307,0.00343654400483283,29.88123328,15.9173380685714,0,2.99811148314286,3,1,0,890.893437514286,7.86498122583687e-05,0.0231522668486983,"01",29.7756337190179,0.687927139541991,15.618319231875,0.471587066734234,0,0,4.12209067870089,1.43512785825754,0.000555471907388946
308,0.00345208691187101,29.96490226375,15.33483839125,0,2.998074051,3,1,0,904.399721,9.41927192965489e-05,0.0276649002445017,"01",29.8648454573661,0.601795242994013,14.9843162810447,3.29044317592196,0,0,4.12238925243304,1.43523171636673,0.0034947263917472
309,0.00346935940256867,30.0324557528571,14.6276278457143,0,2.99811148314286,3,1,0,917.959301757143,0.000111465209994208,0.0326559166503282,"01",29.9378104467411,0.599130635590071,13.5871811908884,2.98698894419745,0,0,4.12236585734375,1.43522357127322,0.00537924447269548
310,0.00346860425478959,30.0583119125,14.71203651625,0,2.998074051,3,1,0,931.5222116125,0.000110710062215129,0.0324382309438045,"01",29.8608383170089,0.532196515051735,11.6035264613125,6.46639877769445,0,0,4.12238925243304,1.43523171636673,0.00461990406642803
311,0.00346014448778783,29.9722453857143,11.7036499357143,0,2.99811148314286,3,1,0,945.099408242857,0.000102250295213369,0.0299962976956243,"01",29.6575076880357,0.362472337943629,11.0188973463527,5.46686025991865,0,0,4.12236585734375,1.43522357127322,0.00206626540966294
312,0.00346252986130073,29.72056752625,10.325012705,0,2.998074051,3,1,0,958.571526725,0.000104635668726269,0.0306854456803789,"01",29.4400869758036,0.619882895043845,11.6394679888929,2.16350566479953,0,0,4.12238925243304,1.43523171636673,-0.000997911468836967
313,0.00347526629030082,29.4231781271429,10.2857734157143,0,2.99811148314286,3,1,0,971.942734714286,0.000117372097726359,0.0343570562790871,"01",29.3016866231697,0.774095741666489,12.0306823947768,1.70182501243612,0,0,4.12236585734375,1.43522357127322,-0.00372593895711937
314,0.0034973367495606,29.12621420875,11.280952545,0,2.998074051,3,1,0,985.1561968625,0.000139442556986139,0.0406876998595109,"01",29.30343846375,0.857796163580588,11.7264492791072,3.92314810297126,0,0,4.12290271107589,1.43612563187658,-0.00564438623600734
315,0.00351025825706449,28.86918076,16.6611426,0,2.99811148314286,3,1,0,998.262873328571,0.000152364064490029,0.044375561891381,"01",29.3569205059821,0.826756819436618,12.3895676097589,3.16240043460548,0,0,3.9633362303125,1.16892971465045,-0.00683817386533599
316,0.00351789257880895,28.91768779625,17.2287103925,0,2.998074051,3,1,0,1011.29457525,0.000159998386234489,0.0465480606632962,"01",29.4067386242411,0.785126026319476,14.4686740752232,3.304345635967,0,0,3.74817945279018,0.866104385341992,-0.0106099019509839
317,0.00352670627199198,29.1201389642857,18.3130811685714,0,2.99811148314286,3,1,0,1024.41158971429,0.000168812079417519,0.0490503174186419,"01",29.5089897038839,0.648495441435797,15.1498994835357,3.54624680389902,0,0,3.74760660096875,0.865485639285238,-0.0132875031180625
318,0.0035150729281488,29.47159153,18.459417255,0,2.998074051,3,1,0,1037.633946125,0.000157178735574339,0.0457462223126743,"01",29.6372559547768,0.474783367720187,15.3663393310045,4.05703019021993,0,0,3.74762531704018,0.865464027827489,-0.0174166755147832
319,0.00349048457475788,29.7427574871429,17.0265783142857,0,2.99811148314286,3,1,0,1051.02276071429,0.000132590382183419,0.0387265229819622,"01",29.7588903680357,0.288495987390662,16.1285781542411,2.45967009122699,0,0,3.74760660096875,0.865485639285238,-0.0148954399038459
320,0.00348814961315553,29.80521054375,15.66753233625,0,2.998074051,3,1,0,1064.46971075,0.000130255420581069,0.0380573485963476,"01",29.8267424829464,0.320712971279957,14.7467601797232,2.13971521433907,0,0,3.74762531704018,0.865464027827489,-0.00650203884132257
321,0.00352267819997872,29.6888072428571,14.9292357114286,0,2.99811148314286,3,1,0,1077.91696028571,0.000164784007404258,0.0479075020839437,"01",29.7510746457143,0.362796960752472,14.3911677150447,1.49478661282727,0,0,3.74760660096875,0.865485639285238,0.00367546152701932
322,0.00357000295410448,29.6345754225,14.283109055,0,2.998074051,3,1,0,1091.29840275,0.000212108761530019,0.0612523724037493,"01",29.6162879391071,0.358749338874352,14.6093698298661,1.05945833786696,0,0,3.74762531704018,0.865464027827489,0.0110071247512413
323,0.00361935833250878,29.6115048757143,14.6290279257143,0,2.99811148314286,3,1,0,1104.69571414286,0.000261464139934319,0.0749827026632186,"01",29.5814023178125,0.266932973444761,13.5873185848527,2.16493467043295,0,0,3.74760660096875,0.865485639285238,0.0250194712888489
324,0.00366947706305878,29.574741755,15.1833878075,0,2.998074051,3,1,0,1118.048345625,0.000311582870484319,0.088735110657062,"01",29.7231304330803,0.333400038101834,12.237580268125,5.40852034906707,0,0,3.74762531704018,0.865464027827489,0.0384008028752264
325,0.00371992710951878,29.5031791385714,15.8441548357143,0,2.99811148314286,3,1,0,1131.40485157143,0.000362032916944319,0.102390021881067,"01",29.9290111575,0.656852079662458,11.8502012468527,5.25635408413091,0,0,3.74760660096875,0.865485639285238,0.0506620177570591
326,0.00377052457212223,29.4663498025,14.69055047125,0,2.998074051,3,1,0,1144.71029725,0.000412630379547769,0.115900083221943,"01",30.0139476177679,0.713022452213462,14.2915970774598,3.23226628045266,0,0,3.74762531704018,0.865464027827489,0.06217645024346
327,0.00382112962903073,29.4083823642857,15.6543892171429,0,2.99811148314286,3,1,0,1158.01700985714,0.000463235436456269,0.129232040600934,"01",29.9331625123214,0.597113253893747,15.1524778641518,1.91038523852473,0,0,3.74760660096875,0.865485639285238,0.0728705302473849
328,0.00387159586666967,29.43191252625,16.84621919125,0,2.998074051,3,1,0,1171.292342625,0.000513701674095209,0.142352737639857,"01",29.7543236966071,0.470881931061187,15.5731563513393,1.45047326023653,0,0,3.74762531704018,0.865464027827489,0.0829601169239265
329,0.00392170467632749,29.5515185014286,16.1137933471429,0,2.99811148314286,3,1,0,1184.62408385714,0.000563810483753029,0.155212372305683,"01",29.623543359375,0.395546392372102,16.3176668422321,0.837513694986634,0,0,3.74760660096875,0.865485639285238,0.0931889456931426
330,0.00397084281632519,29.63038443375,15.80142431625,0,2.998074051,3,1,0,1197.978294125,0.000612948623750729,0.167664314775688,"01",29.5887235252232,0.311074794688871,15.3022954703125,0.820157658481156,0,0,3.74762531704018,0.865464027827489,0.103553668130555
331,0.00401607504650436,29.7333111085714,16.6862486271429,0,2.99811148314286,3,1,0,1211.39475957143,0.000658180853929899,0.178991015114455,"01",29.5852755120536,0.264663338215684,14.6860414016964,1.0842731474849,0,0,3.74760660096875,0.865485639285238,0.113379181675459
332,0.00403703288895302,29.83819314375,16.15923871625,0,2.998074051,3,1,0,1224.837642,0.000679138696378559,0.18419593460902,"01",29.5544480103571,0.2923485391579,14.6352082137054,1.50859070993096,0,0,3.74762531704018,0.865464027827489,0.121738607534353
333,0.0040443004116867,29.9394196014286,15.91645703,0,2.999478921,1.28571428571429,0.428571428571429,0,1238.34949114286,0.000686406219112239,0.18599453002456,"01",29.371973275625,0.450725460484595,15.2133640727679,2.58528092151668,0,0,3.74760660096875,0.865485639285238,0.137484814773967
334,0.00404413333962986,30.0006165225,14.3760695375,0,3.87853475975,0,0,0,1251.877720375,0.000686239147055399,0.185953218676067,"01",29.0839348245536,0.7635072398834,15.5702943187054,2.99241567754351,0,0,3.74796717650447,0.86506946264891,0.145192949103774
335,0.00402101504433929,29.8446516171429,7.29395357,0,4.72321776514286,0,0,0,1265.42073042857,0.000663120851764829,0.180220315340847,"01",28.7743546024107,1.11294109249558,15.6172918249107,3.13971143508096,0,0,3.96772177815625,0.70916301600619,0.153398846581727
336,0.00400838187134094,29.1697914025,2.882690695875,0.994593908,2.995997014625,0,0,0,1278.755846,0.000650487678766478,0.177073582593484,"01",28.3969685333929,1.26272974312527,13.9192943424554,5.34363561105405,0,0,4.17938675632143,0.794634676170973,0.164303132393867
337,0.0040380777538517,28.0602429385714,2.75213373928571,12.5330122807143,2.99811148314286,0,0,0,1291.71938485714,0.000680183561277239,0.184454721125974,"01",27.1581972006786,1.66125580023267,14.7418250505179,8.71710015043764,0.199001304,0.444749822122188,4.02855410253929,1.00252027892899,0.162175819261706
338,0.00408484545456386,26.41823382,2.358613147625,18.114729325,2.999727598375,0,0,0,1304.025899375,0.000726951261989398,0.195969840778041,"01",26.0629908334286,1.81176641947139,14.2416435958,10.6495272047708,2.5325120532,5.59073101237688,3.87352475808929,1.33441561841357,0.184067728613479
339,0.00413407929007681,24.1601302085714,2.03868335428571,21.8478986514286,2.26472192742857,0,0,0,1315.49367128571,0.000776185097502349,0.207950586375494,"01",24.6620905289643,1.94441766499467,15.0099525387571,11.4910314159795,4.96625332695,7.90469688561916,2.84210882057143,0.526807856621062,0.207828117192326
340,0.00418413754021232,21.41943156375,1.748045805875,24.9641193,-24.871977301625,0,0,0,1325.77002175,0.000826243347637859,0.219986544142918,"01",22.7441394108214,1.91074830805995,16.0181249648643,12.4690707387316,9.14771358428572,12.5468266361558,-0.669621263817858,2.97407814595664,0.22377477641082
341,0.00423452496361685,18.7417051957143,1.51911996285714,24.5250940928571,-72.0200825957143,0,0,0,1334.82674428571,0.000876630771042389,0.231957097391335,"01",20.9563346812798,2.26494253622303,13.7835363851548,12.6775788373258,12.7688997014583,14.0445216519057,-14.885601003631,14.3557244084931,0.237343117190541
342,0.00428505019404245,16.4130003,1.466979702125,20.25521396875,-66.10141832125,0,0,0,1342.429983,0.000927156001467989,0.243818210334755,"01",18.3542655541369,1.80080188083052,13.3067239469196,12.5284141148095,12.172098428125,13.5172265902202,-36.5818663994583,27.7835606705314,0.240507555935046
343,0.00433558990340873,14.6509614414286,1.46554986657143,21.3953717571429,17.0151818501429,0,0,0,1348.90899557143,0.000977695710834268,0.255543624378296,"01",16.8011180303348,1.77621902323605,12.7750445445647,11.8523316393218,10.73897475625,11.5580282479462,-38.9362057705045,27.0895797242616,0.244459557889396
344,0.00438604888529839,12.18202317625,1.818828738,24.7262745475,158.38759875375,0,0,0,1354.54129325,0.00102815469272393,0.267114739613129,"01",15.092345146627,1.99200114915067,11.3656390105417,11.4915826778637,12.1779263007937,11.7183520655798,-16.0101938982976,37.9774983358067,0.247491855422179
345,0.0044363355155035,9.58394420242857,1.62122192442857,20.5423048131429,340.280157285714,0,0,0,1359.40829942857,0.00107844132292904,0.27851464498441,"01",12.4414674495125,2.30457170473769,12.0310409057714,10.9838385438339,11.914165216,12.6972305402476,69.408802629125,97.4086645238346,0.24179173769545
346,0.00448630937002546,8.71554927275,1.53438555625,0.282975638375,467.34218105,0,0,0,1363.1618255,0.001128415177451,0.289716340578794,"01",11.2680608076518,2.1501403500635,12.8683109513958,10.2590094989744,9.94177948515774,12.3983808411638,150.40239425372,155.403126643491,0.229746044946255
347,0.00453577806287982,8.44030040742857,1.49232367285714,0,535.969119742857,0,0,0,1365.38217614286,0.00117788387030536,0.300682580459942,"01",10.1676887220344,2.07384120876208,11.4838409626084,9.64707128280024,7.53586486500893,11.3603113312412,261.342327355881,189.32944099214,0.215780928489928
348,0.00458427829944698,8.078985178875,8.564685870625,0,547.1505639625,0,0,0,1365.082909375,0.00122638410687252,0.311318631553041,"01",10.3283582253544,2.06584026925704,11.7083913542994,10.0028363997844,8.11554677770192,11.6066758528337,239.357078386141,177.487880006769,0.234888469102551
349,0.00463070702847663,8.08206246214286,14.0034972628571,0,480.979719171429,0,0,0,1362.72832828571,0.00127281283590217,0.321395505090346,"01",11.5576970208799,1.99451179041272,12.7651121958084,10.7532052762146,10.8455776201721,12.5821062673107,120.349910170292,121.010500342376,0.239929318295599
350,0.00466750842363537,9.012702289,18.59269716625,0,218.52422045,0,0,0,1359.0507225,0.00130961423106091,0.329311343720382,"01",13.2415638251023,2.19812982867513,13.4446241785747,11.2509176812399,10.8310592872727,12.5698846468161,40.8139151908669,82.395256689156,0.249085038197527
351,0.00465805979038685,10.1389701375714,20.8118516757143,0,47.9213927357143,0,0,0,1354.88273842857,0.00130016559781239,0.327284950033207,"01",14.4211158833532,1.8151460813859,11.3520807397163,11.5041575280374,12.6198582686111,12.1490747872543,9.08445582243652,64.8437741424546,0.246183663142782
352,0.00461537575588496,11.75012817125,21.62806826625,0,-0.746787189625,0,0,0,1350.0230695,0.0012574815633105,0.318079227988287,"01",16.2897750610491,1.72586209853086,12.768348282529,11.8596123158893,10.3477594642857,11.067284053864,-27.8067977147723,29.7177733952072,0.243876185968928
353,0.00456793077301361,13.5646624457143,22.5320171857143,0,-17.7906077228571,0,0,0,1344.38762571429,0.00121003658043915,0.307746260482391,"01",17.9036451311384,1.73725436903904,13.1185575338482,12.1390878862454,11.6609755671875,12.677222756988,-36.8015934671071,28.0340682405159,0.241827299828601
354,0.00451886443548946,15.55608348125,23.77000262,0,-18.4630857775,0,0,0,1337.799101625,0.001160970242915,0.296946674444491,"01",19.7885969569345,1.56451524181741,13.5199549731845,12.8212972382923,12.8746371719345,14.1470152888225,-27.9441310627173,24.5571188816412,0.239652102763395
355,0.00446903219571436,17.7007793371429,25.0186491128571,0,-8.63384158942857,0,0,0,1330.31565942857,0.0011111380031399,0.285857817655036,"01",22.3634408363095,1.89637577369795,13.622354320747,12.5631856825292,11.7837812035714,12.9472546074787,-6.56378639207143,9.78950769532285,0.230399453169526
356,0.00441872361024602,19.887704,25.7917963875,0,-2.381031072375,0,0,0,1321.779592375,0.00106082941767156,0.274536822175446,"01",24.0790245330714,1.74012002842965,11.3856145277393,12.2305724580608,10.4910210462357,11.6500967176466,0.402211423782142,3.16281598145846,0.223219857909716
357,0.00436811766380724,21.92521048,25.3467408528571,0,1.93368954342857,0,0,0,1312.34534585714,0.00101022347123278,0.263018119778871,"01",25.3463105412054,1.38562858428342,12.4257554602321,11.468997648719,6.2078166586875,8.54609737989153,3.06921363985714,0.161837462015409,0.201593297766884
358,0.00431729586143645,23.694609835,22.43621884,0,2.987387686,0,0,0,1301.984100625,0.000959401668861988,0.251315192545457,"01",26.6550860830357,1.42810533490471,12.19299978475,11.1012144898586,3.1656400665,6.24521340405344,4.09505902611161,1.43074706971574,0.1892406104544
359,0.00426632575132816,24.9683470857143,21.0942703185714,0,4.37707318485714,0,0,0,1291.00221628571,0.000908431558753699,0.23943892159315,"01",27.7056597294197,1.2967624978789,13.1537137335045,9.19255838575457,0.24875163,0.49722822337727,3.94142433195982,1.13554035598782,0.16861441112266
360,0.00421524193864475,26.0866859075,19.02661023375,0,4.4979518625,0,0,0,1279.4339995,0.000857347746070289,0.227392934092302,"01",28.5515331072143,1.14687219886651,11.7119736131393,6.76588169924186,0.1989187816,0.444795917659034,3.94270880798214,0.868139077326023,0.154399746736737
361,0.00416407823222493,26.7688067942857,17.7028757542857,0,4.497167225,0,0,0,1267.491479,0.000806184039650469,0.215180883470418,"01",28.7353633760715,1.05698466817225,13.8467628330357,5.31575015030334,0,0,4.17889252950447,0.794393703192102,0.141917304915171
362,0.00411285412727901,27.3509639,19.8140798825,0,4.497111076875,0,0,0,1255.25878775,0.000754959934704549,0.20280316779603,"01",29.0992340548215,0.786626718370065,15.1851974455804,3.03187513816208,0,0,3.96773113619196,0.709145955564242,0.130777185239401
363,0.00406159031219108,28.1898893871429,19.5990913528571,0,4.497167225,1.14285714285714,0.285714285714286,0,1242.73719014286,0.000703696119616618,0.190260545170372,"01",29.3972798900447,0.487008894678227,15.1526686512053,2.55838213577818,0,0,3.74795781846875,0.865080278372046,0.121252841740745
364,0.00401030128598616,28.99767715875,18.419768385,0,4.497111076875,4,1,0,1229.79658075,0.000652407093411699,0.177552318215367,"01",29.5806685191518,0.317370570752239,14.5034557359822,1.27462479758524,0,0,3.74761595900446,0.865474833691277,0.112057495330153
365,0.00395900257091446,29.5249827628571,14.12689367,0,4.497167225,4,1,0,1216.58183614286,0.000601108378339999,0.164678063888595,"01",29.6110071807589,0.275300620963542,14.9072474794196,1.42454275218798,0,0,3.74761595900446,0.865474833691277,0.102521809523721
366,0.00390770869058471,29.612247785,13.2098277725,0,4.497111076875,4,1,0,1203.195734375,0.000549814498010249,0.151637136298135,"01",29.6084400083036,0.310429295415052,15.2242032125893,0.726678047046353,0,0,3.74761595900446,0.865474833691277,0.092500381645689
367,0.00385643472643959,29.59008934,15.1395923057143,0,4.497167225,4,1,0,1189.84069528571,0.000498540533865129,0.138429057704625,"01",29.6534448531696,0.380464475866523,16.1345603812054,0.759906239817149,0,0,3.74761595900446,0.865474833691277,0.0819576176873109
368,0.00380520006162982,29.69762239625,17.10528740625,0,4.497111076875,4,1,0,1176.4404975,0.000447305869055359,0.125054515947318,"01",29.7602062370982,0.465232744344861,15.8711138448661,1.58856261864443,0,0,3.74761595900446,0.865474833691277,0.0715794916112261
369,0.00375402490539774,30.0297606285714,17.5959028514286,0,4.497167225,4,1,0,1162.97237357143,0.000396130712823279,0.111514520264246,"01",29.9895122452143,0.55376966784078,15.217244019,1.68640818741909,0,0,3.89751498257857,0.821056394017525,0.0771615127607702
370,0.00370294281681521,30.50139726625,17.76807944625,0,4.497111076875,4,1,0,1149.28193925,0.000345048624240749,0.0978138075449566,"01",30.0826235878571,0.649068382607142,13.8402132286464,2.70600863679604,0,0,3.89752621220357,0.821066645215727,0.0664407655482454
371,0.00365199234959965,30.8825663585714,15.3262119814286,0,4.497167225,4,1,0,1135.43434714286,0.000294098157025189,0.0839588163817258,"01",29.9903245932143,0.60711932874417,11.51170171195,4.81389272005093,0,0,3.89751498257857,0.821056394017525,0.0545139258338242
372,0.00360125059056045,30.7885164775,5.525356469375,0,4.497111076875,4,1,0,1121.459639625,0.000243356397985988,0.0699671202934642,"01",29.7139396529018,0.337978208953823,12.3761702385714,5.49661133606375,0,0,3.74761595900446,0.865474833691277,0.0346121067636514
373,0.00355082812857857,30.0737097985714,4.26137676714286,0,4.497167225,4,1,0,1107.70753957143,0.000192933936004109,0.0558668012222849,"01",29.5756346811161,0.265647234337859,13.6737983025312,2.20846442790305,0,0,3.74761595900446,0.865474833691277,0.0214516742932483
374,0.00350100257146812,29.32797849,10.368781921375,0,4.497111076875,4,1,0,1094.2998955,0.000143108378893658,0.0417353261519429,"01",29.6027299840178,0.356110176993959,14.4478381657589,1.04357045857304,0,0,3.74761595900446,0.865474833691277,0.00779044523288794
375,0.00345241986397942,29.1618103185714,14.4350894542857,0,4.497167225,4,1,0,1081.114525,9.45256714049588e-05,0.027761345105759,"01",29.7219738204911,0.36167388905912,14.2065935588393,1.32001276503615,0,0,3.74761595900446,0.865474833691277,-0.00549126686221246
376,0.00340880854501506,29.2509696225,15.66890203625,0,4.497111076875,4,1,0,1067.908955,5.09143524405988e-05,0.0150487804089625,"01",29.89781170825,0.301045159071923,14.2083790324571,1.55825527992052,0,0,3.89752621220357,0.821066645215727,-0.0104095345338538
377,0.00339789321756023,29.4152290228571,15.9138332528571,0,4.497167225,4,1,0,1054.67762128571,3.99990249857689e-05,0.0118415482218017,"01",29.8899655353572,0.239334068702623,15.063796344,2.3976628899044,0,0,3.89751498257857,0.821056394017525,-0.0167097142164414
378,0.00341263095116231,29.6744506175,15.299025,0,4.497111076875,4,1,0,1041.312278375,5.47367585878489e-05,0.0161694841658138,"01",29.8116909243929,0.3725944044135,14.9309775032321,3.69836550424952,0,0,3.89752621220357,0.821066645215727,-0.0171077060483947
379,0.00340772502066555,29.9262348357143,15.3220771385714,0,4.497167225,4,1,0,1027.870432,4.98308280910886e-05,0.0147308697535236,"01",29.6753182419643,0.574622054771915,14.2656351934179,4.17776534108345,0,0,3.89751498257857,0.821056394017525,-0.0140046920534753
380,0.00340059792389822,30.15965728875,15.15910362,0,4.497111076875,4,1,0,1014.281306875,4.27037313237588e-05,0.0126372266583372,"01",29.5296320075,0.714889423991564,13.7193634555071,3.58368837669765,0,0,3.89796952080357,0.821471839774862,-0.0108722924044109
381,0.00341319645420188,30.29297297,12.9252489328571,0,4.499383768,4,1,0,1000.63654774286,5.53022616274186e-05,0.0163351792502953,"01",29.4001172152857,0.782569562247018,13.1043934835571,3.45422314399748,0,0,4.07009868605357,1.04007719042379,-0.00951684227412198
382,0.00343455908071623,30.27032052625,11.9184333475,0,5.36002959425,4,1,0,986.94279825,7.66648881417686e-05,0.0225745068909955,"01",29.3228560116072,0.771022880242038,11.4771177952,3.50039975137031,0,0,4.19774812743214,1.25494217439758,-0.00843253467100475
383,0.00343773053040948,30.1672259957143,10.3565215122857,0,5.99827680114286,4,1,0,973.297233428571,7.98363378350189e-05,0.0234974743459633,"01",29.3559357341369,0.606035037127162,11.1943039953036,1.91055251028753,0,0,3.99744766489881,1.22395707827226,-0.00661613373564654
384,0.00343363314123299,29.98596711625,12.65119616875,0,5.996148102375,4,1,0,959.70611555,7.57389486585286e-05,0.0223048756890831,"01",29.4588784784821,0.501487565961274,11.3176774755714,1.76230410650224,0,0,3.99746638095536,1.22397541617309,-0.00431396076408388
385,0.00344092893535883,29.9298644328571,11.594589688,0,5.99622296657143,4,1,0,946.185000771429,8.30347427843688e-05,0.0244274244627771,"01",29.7204552275714,0.344022688930167,11.155847864225,4.74433325640557,0,0,3.89751498250357,1.34077947636278,-0.000726737818933199
386,0.00346077440022916,29.7732927325,10.442379365125,0,5.996148102375,4,1,0,932.6854658625,0.000102880207654699,0.0301783291382867,"01",29.9003330361071,0.46928031298803,12.2252284723,5.77003481934518,0,0,3.89752621214643,1.34079621650101,0.00183807137869039
387,0.00348759666345388,29.5694193271429,12.3014466471429,0,5.99622296657143,4,1,0,919.295759357143,0.000129702470879419,0.0378988136769198,"01",29.9567395079643,0.520585906139304,13.7952705218536,2.62832324170298,0,0,3.89751498250357,1.34077947636278,0.00265157725493221
388,0.00350400618504282,29.41857619125,10.00908127725,0,5.996148102375,4,1,0,905.9600530125,0.000146111992468359,0.0425928878702564,"01",29.8857627033036,0.604004752335967,14.8386913617143,3.24800238644911,0,0,4.12237989439732,1.43524149051626,0.00107770900647175
389,0.00350924550068227,29.1000858642857,10.1039238897143,0,5.99622296657143,4,1,0,892.7428171,0.000151351308107809,0.0440870069178834,"01",29.7909654815179,0.689923234435255,15.8220295640178,0.328902674774331,0,0,4.12210003673661,1.43511808584863,-0.00170420758674199
390,0.00352502728666073,28.8017106425,15.3901388675,0,5.996148102375,4,1,0,879.67002445,0.000167133094086269,0.0485741266206228,"01",29.7671698378571,0.601074510141261,15.3900737280714,1.39980824357531,0,0,4.31452366140357,1.31523432708804,-0.00120869905947322
391,0.00355262547409988,28.7142216457143,16.1447258885714,0,5.99622296657143,4,1,0,866.6955779,0.000194731281525418,0.0563728495783637,"01",29.7288980243929,0.496716928538405,15.6416633955,1.99550513969029,0,0,4.61441248093571,1.5217143320648,0.000853256816453553
392,0.00356925208524467,28.85614631125,17.96031551,0,5.996148102375,4,1,0,853.694484225,0.000211357892670209,0.0610420230500965,"01",29.7376051733571,0.326175930195993,16.1108409810714,1.74680414962764,0,0,4.796828415075,1.64201350087441,0.00443211727090937
393,0.00356740029374722,29.2170074142857,18.7924216114286,0,5.99622296657143,4,1,0,840.599473142857,0.000209506101172759,0.0605230706368989,"01",29.6993905830804,0.260433790475006,16.6818955754018,1.33588279164765,0,0,4.49712043472321,1.73092805495037,0.00597966870315513
394,0.00356632584670129,29.65809951875,18.433870455,0,5.996148102375,4,1,0,827.290010525,0.000208431654126829,0.06022184039543,"01",29.7241095288839,0.395523698103047,16.5313602186161,1.20951392801686,0,0,4.49715786682143,1.73097127781433,0.00675240269174083
395,0.00358348314449958,30.0602016342857,17.96554964,0,5.99622296657143,4,1,0,813.816227628571,0.000225588951925119,0.0650212218258925,"01",29.777892795,0.527678878500182,15.857104485,0.495605074650434,0,0,4.49712043472321,1.73092805495037,0.00907535043139794
396,0.0036230008590192,30.37183212375,16.50033376875,0,5.996148102375,4,1,0,800.143994275,0.000265106666444739,0.0759885977370853,"01",29.7735535223661,0.610643213775599,14.5734902634464,2.67015482592863,0,0,4.49715786682143,1.73097127781433,0.012396870366548
397,0.00367063021120596,30.4962550957143,10.6301111112857,0,5.99622296657143,4,1,0,786.398597528571,0.000312736018631499,0.0890493153633853,"01",29.6187217449554,0.539092864005053,13.1072935004822,5.02232229770077,0,0,4.49712043472321,1.73092805495037,0.0165874839836778
398,0.00371954590047177,30.03606746,5.78532409925,0,5.996148102375,4,1,0,772.6864590375,0.000361651707897309,0.1022875390744,"01",29.3753139391072,0.488226801618684,13.7383409773393,1.82662296317554,0,0,4.49715786682143,1.73097127781433,0.0229419991236359
399,0.00376864872755739,29.2994901914286,12.0677556532857,0,5.99622296657143,4,1,0,759.307021085714,0.000410754534982929,0.115402457161572,"01",29.2634403270982,0.441452365101424,13.2246244756518,2.22626571913804,0,0,4.49712043472321,1.73092805495037,0.0310246442429711
400,0.00381744937496068,29.1270873125,13.97345415625,0,5.996148102375,4,1,0,746.1107584625,0.000459555182386218,0.128268444032376,"01",29.2480617221875,0.326848556661527,13.5838469109553,2.27124021146689,0,0,4.49715786682143,1.73097127781433,0.0389232777158095
401,0.00386536703415555,29.1220354171429,14.5429680985714,0,5.99622296657143,4,1,0,732.968837414286,0.000507472841581089,0.140742588081516,"01",29.4357295583482,0.424748239358626,12.8456620385402,4.17058664916155,0,0,4.49613180219196,1.72978723381753,0.0446766438542013
402,0.00391070934467867,29.2008954075,15.387378675,0,5.99219357225,4,1,0,719.7826646125,0.000552815152104209,0.152404722311315,"01",29.5829404229465,0.58135104466987,13.50312224175,2.46023384405454,0,0,3.97640761271429,1.4139597314802,0.0474845160907171
403,0.0039425848078159,29.2553101557143,14.1782262514286,0,3.91322195014286,4,1,0,706.5834254,0.000584690615241439,0.160522497286027,"01",29.5572368244643,0.449322333317912,15.3737353814732,1.56324288635349,0,0,3.74898019137947,1.49811417970727,0.0476306553580867
404,0.00392153363327142,29.21876014375,15.3567686775,0,3.003587129,4,1,0,693.3668442,0.000563639440696959,0.155168756889451,"01",29.5033291810714,0.238994261059333,15.8025719663839,1.3792469220329,0,0,4.04727709778571,1.41683834537224,0.0438123551813622
405,0.00387749698311584,29.2550380085714,15.2230439585714,0,4.19669989042857,4,1,0,680.172807857143,0.000519602790541379,0.143875784930419,"01",29.5089743827232,0.0711003237868111,16.1645573770536,1.40924903303191,0,0,4.12221161487946,1.43515686973732,0.0362368449963699
406,0.00382977403653434,29.44481711,16.96205719,0,4.496512823,4,1,0,666.9074072125,0.000471879843959879,0.131491750390498,"01",29.5654209044196,0.178884319756019,16.0321964854464,0.300875971735574,0,0,4.12239393142857,1.43524637740575,0.0272444801728705
407,0.00378085786374436,29.7304856985714,16.2160502942857,0,4.497167225,4,1,0,653.550236957143,0.000422963671169899,0.118636879533335,"01",29.6474066377679,0.331349528238331,15.8200579177679,0.437517602605628,0,0,4.12236117834822,1.43520890987919,0.0190310496970314
408,0.00373138164019771,29.99970687875,16.12085837875,0,4.497111076875,4,1,0,640.0460714375,0.000373487447623249,0.105464525912272,"01",29.6864011013393,0.47543102820145,15.1530867136607,0.706775159532743,0,0,4.12239393142857,1.43524637740575,0.0120840761586474
409,0.00368169663907588,30.2004554314286,15.0006579757143,0,4.497167225,4,1,0,626.456286057143,0.000323802446501419,0.0920596374427136,"01",29.6824251048661,0.502634030181486,14.0310068038214,2.67758489497122,0,0,4.12236117834822,1.43520890987919,0.00646079678132041
410,0.00363205592661331,30.26304481375,15.1921847775,0,4.497111076875,4,1,0,612.788578375,0.000274161734038849,0.0784848075708418,"01",29.6597786385,0.364230087409294,12.8739887496929,2.10475471789967,0,0,3.89753744177143,1.34080249388078,0.00161369540879836
411,0.0035827894037429,30.2681940585714,13.5265104114286,0,4.497167225,4,1,0,599.124623542857,0.000224895211168439,0.0648276091116626,"01",29.7456373655357,0.337932142859606,10.9955792821071,3.08536532310642,0,0,3.89750375287857,1.34077319864011,-0.00350329467552582
412,0.00353478385523062,30.16681639,10.971036508625,0,4.497111076875,4,1,0,585.4604546125,0.000176889662656159,0.0513381026842108,"01",29.73047226825,0.475446139732709,13.0045758789929,1.72858027481229,0,0,3.89753744177143,1.34080249388078,-0.00910471845704119
413,0.00349326510197743,29.9967259314286,14.8111235785714,0,4.497167225,4,1,0,571.883647628571,0.000135370909402969,0.0395228079049756,"01",29.5454253205655,0.612598835282295,14.4738203473214,0.632818217622854,0,0,4.24729028849405,1.47385275354785,-0.0144719320306082
414,0.0034849361096658,29.9862876975,14.7964765525,0,4.497111076875,4,1,0,558.3321371375,0.000127041917091339,0.0371356609094926,"01",29.5177366108036,0.598381358592076,15.2093702731548,0.799459493594743,0,0,4.24730588520536,1.47384831180508,-0.017700613965171
415,0.00348107684927835,30.0090502457143,14.6686114085714,0,4.497167225,4,1,0,544.787003528571,0.000123182656703889,0.0360276352155315,"01",29.4423192283929,0.492979672720524,15.0717779475089,2.38053457917513,0,0,4.24729028849405,1.47385275354785,-0.0194002870381664
416,0.00346138667387853,29.88881373625,10.282428521125,0,4.497111076875,4,1,0,531.2420051375,0.000103492481304069,0.0303552315902005,"01",29.4638093238214,0.252169905967662,15.6292883580714,0.809912865307234,0,0,3.89752246893214,1.34077319876076,-0.0240050069667655
417,0.00346303678930675,29.6754370742857,14.5502720371429,0,4.497167225,4,1,0,517.796503514286,0.000105142596732288,0.0308318388978179,"01",29.4115207520982,0.110096552000436,16.2968200257143,0.68291953461685,0,0,4.12237053636161,1.43525126451787,-0.0314564354197526
418,0.00349285038544109,29.55432758375,16.66620275125,0,4.497111076875,4,1,0,504.416359225,0.000134956192866629,0.0394040819761816,"01",29.4870512345089,0.1693420476714,15.4135177558482,1.56651728326764,0,0,4.12238457341518,1.43520402282624,-0.035212090739406
419,0.00351783619126332,29.6223171342857,16.2666777557143,0,4.497167225,4,1,0,491.064736142857,0.000159941998688859,0.0465320317497691,"01",29.6704275476786,0.219694909651829,14.0435266417322,2.98301927051852,0,0,4.12237053636161,1.43525126451787,-0.0352209334389759
420,0.00351501319366302,29.7205684825,15.37272970625,0,4.497111076875,4,1,0,477.649237775,0.000157119001088559,0.045729228357537,"01",29.8727836008036,0.167620037843902,13.3055538788036,3.48714118470216,0,0,4.12238457341518,1.43520402282624,-0.0316937086007677
421,0.00349338180136567,29.8077007642857,15.5638805328571,0,4.497167225,4,1,0,464.214407771429,0.000135487608791209,0.0395562143119479,"01",29.9225800504018,0.286038863749975,15.0576373027232,1.76369380593694,0,0,4.12237053636161,1.43525126451787,-0.0286919186193845
422,0.00346143215679191,29.82457264,13.07965541125,0,4.497111076875,4,1,0,450.73015145,0.000103537964217449,0.0303683715879899,"01",29.8203956122322,0.454331706893325,15.5070959459375,1.87193323792554,0,0,4.12238457341518,1.43520402282624,-0.029516032165636
423,0.00342253509984853,29.7585010671429,13.8267037785714,0,4.497167225,4,1,0,437.280981571429,6.46409072740687e-05,0.0190674840839113,"01",29.7887849303929,0.551740789056729,14.9491285942857,2.13878811081111,0,0,3.89751872571786,1.34080249402139,-0.0301464412431254
424,0.00339060589108922,29.69219634,12.15395997125,0,4.497111076875,4,1,0,423.8463995,3.27116985147586e-05,0.00969458497148867,"01",29.6786997871786,0.641313366483475,14.4895580841357,2.6813059706167,0,0,3.89752246893214,1.34077319876076,-0.0349668462991938
425,0.00336997532731963,29.5726750571429,10.473042713,0,4.497167225,4,1,0,410.462094442857,1.20811347451687e-05,0.00359137386225328,"01",29.6156746908929,0.6222713885791,14.1338388176339,2.5279611315901,0,0,4.24729028849405,1.47385275354785,-0.0380467907093511
426,0.00336251662567693,29.37448756875,10.088473005625,0,4.497111076875,4,1,0,397.141495725,4.62243310246852e-06,0.00137564021571546,"01",29.4294573151191,0.589342260077321,14.7062421117559,2.3993414821657,0,0,4.24735679034822,1.47379654116568,-0.0411318276922701
427,0.00337472518072239,29.14532244,13.6154428057143,0,4.497167225,4,1,0,383.933058057143,1.68309881479287e-05,0.00499984382811025,"01",29.1708817165306,0.505077921931956,13.8355288778316,2.85952579525599,0,0,4.0709444431199,1.42403825948532,-0.0406001002836351
428,0.00340315337700718,29.04370374375,14.34132680125,0,4.497111076875,4,1,0,370.7840525,4.52591844327188e-05,0.013388416124557,"01",29.1748249069898,0.287007155864137,13.0199506053291,3.75075682561354,0,0,3.86595227179082,1.68377506815272,-0.0351258379041742
429,0.00343919962321471,29.0308200528571,14.6201934542857,0,4.497167225,4,1,0,357.677275142857,8.13054306402486e-05,0.0239247268414911,"01",29.3383432824745,0.385162334436207,12.2640484606046,5.52288423475281,0,0,3.64961792641582,1.89563671914291,-0.0251140259583419
430,0.0034758515779251,29.06849593375,14.4317098125,0,4.497111076875,4,1,0,344.552877125,0.000117957385350639,0.0345254572816076,"01",29.3515710639881,0.415031771634503,13.3000070437738,5.35724278629214,0,0,3.74749129283929,2.06646652173089,-0.0132352219747497
431,0.00349888518822777,29.1675885914286,14.1305301257143,0,4.497167225,4,1,0,331.405727342857,0.000140990995653309,0.0411303498102864,"01",29.4929101167857,0.643649331161223,13.8153083022768,3.26157270146756,0,0,3.74760816064881,2.06629216467924,-0.00301618201478515
432,0.00350970460555168,29.27208266125,14.57130143875,0,4.497111076875,4,1,0,318.195103975,0.000151810412977219,0.044217825587352,"01",29.5095292056845,0.601057662015319,14.9063666667857,1.31434876298597,0,0,3.74762375736012,2.0662935224793,0.00353845718525037
433,0.00351653454122983,29.3396731285714,14.9055924085714,0,4.497167225,4,1,0,304.963898314286,0.000158640348655369,0.0461619488920872,"01",29.4596494989286,0.497875123294502,14.6245284749405,1.48923127296194,0,0,3.74760816064881,2.06629216467924,0.00627342078544915
434,0.00351905966221493,29.407998,14.45197800875,0,4.497111076875,4,1,0,291.68719535,0.000161165469640469,0.0468797620429662,"01",29.3492045639881,0.345121741551349,15.0540036608333,2.20739814954722,0,0,3.74762375736012,2.0662935224793,0.00546596313029675
435,0.00351214953436651,29.4720012285714,14.25691981,0,4.497167225,4,1,0,278.393445942857,0.000154255341792049,0.0449142025827376,"01",29.2459241956548,0.318238180897937,15.0840376339286,1.808257099361,0,0,3.74760816064881,2.06629216467924,0.00131342496981437
436,0.00348448521440523,29.52773646375,14.1751651825,0,4.497111076875,4,1,0,265.0595914,0.000126591021830769,0.0370062684600212,"01",29.1656189862798,0.407384908101268,15.4223755627083,1.25251114532164,0,0,3.74762375736012,2.0662935224793,-0.00502512776040298
437,0.00344637154723134,29.6007069371429,15.9437582171429,0,4.497167225,4,1,0,251.7121606,8.84773546568785e-05,0.0260079022889297,"01",29.1228914965179,0.553544202855019,15.4239560059226,1.37107413553072,0,0,3.74760816064881,2.06629216467924,-0.0124558100296364
438,0.00341049935129619,29.71959554875,17.03501602125,0,4.497111076875,4,1,0,238.3075429125,5.26051587217287e-05,0.0155446683471228,"01",29.2903121916786,0.670325972965354,14.6730519013571,1.80290793904613,0,0,4.19734110373214,1.95451233408507,-0.0213546814538783
439,0.00338494149747195,29.9640627257143,17.1687863385714,0,4.497167225,4,1,0,224.835325614286,2.70473048974889e-05,0.00802257400474193,"01",29.3847568822857,0.734639458757431,14.0640114394643,1.60927727013376,0,0,4.19731864446429,1.95452238228855,-0.025269245932824
440,0.00337015208534506,30.21643257,16.43300934125,0,4.497111076875,4,1,0,211.2379999,1.22578927705987e-05,0.0036438233218572,"01",29.521320175,0.859623522077822,13.0335764283661,2.34437902671763,0,0,3.74762063802232,1.935243646228,-0.0283560573635185
441,0.00337263487121201,30.43678922,16.0309232428571,0,4.497167225,4,1,0,197.543190085714,1.47406786375486e-05,0.00438025053556235,"01",29.6281913114286,0.79965727008401,11.1066056746161,2.86333594077094,0,0,3.74761127998661,1.93527747348699,-0.0264101243020421
442,0.00340434492633696,30.4904844375,7.667084995125,0,4.497111076875,4,1,0,183.7635699625,4.64507337624986e-05,0.013738485784172,"01",29.6809127323661,0.425851544650784,8.94599726908928,6.13940521253937,0,0,3.74781963816518,1.93493537085224,-0.0239651475676117
443,0.00345019728280694,29.9472382585714,2.28078936414286,0,4.497167225,4,1,0,170.093906185714,9.23030902324788e-05,0.0271173629356261,"01",29.6711720344196,0.521505625985075,8.97767192596427,6.94377712363759,0,0,3.86940862492411,1.75337282822128,-0.0187183976521638
444,0.00349855962529925,29.096023015,3.338370555875,0,4.497111076875,4,1,0,156.7572413,0.000140665432724789,0.0410372978668629,"01",29.5879457319196,0.948818210040655,11.9568180150089,4.45706735447786,0,0,4.12353214823661,1.43400674854515,-0.0110114533739169
445,0.00354732167854862,28.4317952414286,10.4398903168571,0,4.497167225,4,1,0,143.781422085714,0.000189427485974159,0.0548788113061356,"01",29.2934488536161,0.901560465465234,15.7314306684152,4.3363187897883,0,0,4.12237053636161,1.43525126451787,-1.51855896134201e-05
446,0.00359539415997922,28.13408096,10.690505273125,0,4.497111076875,4,1,0,131.0067621875,0.000237499967404759,0.0683395752598441,"01",28.8903889896429,0.683460832366514,17.7277503732589,3.59339094371746,0,0,4.12238457341518,1.43520402282624,0.0115270505953047
447,0.00363941651987407,27.9352641171429,15.030843,0,4.497167225,2.85714285714286,0.714285714285714,0,118.345940357143,0.000281522327299609,0.0805093206599086,"01",28.5612895213393,0.496964479269567,17.5762365555357,3.02945217685737,0,0,4.12188566764286,1.43575792848741,0.0232708494552257
448,0.00365245896479285,27.9128219775,16.03931415625,0,4.497111076875,0,0,0,105.73288172625,0.000294564772218389,0.0840865782521183,"01",28.4006908578571,0.562166187553426,17.2817131914643,3.85608118710817,0,0,4.34181160298929,1.71753326207812,0.0397797038045111
449,0.00363853748680625,28.0312906814286,16.2616527057143,0,4.497167225,0,0,0,93.1043356842857,0.000280643294231789,0.0802677601754294,"01",27.9105287674286,1.07238567191358,16.4056468439,6.97594158999313,0,0,4.26947582883929,1.83484542142827,0.0475629742851276
450,0.00362921327222642,28.07958963,12.163656889,0,4.50298902625,0,0,0,80.41876415,0.000271319079651959,0.0777018440486339,"01",26.5548217656548,2.21763799477179,14.9350429875446,10.9122055565638,0.00167451469047619,0.00369266977894786,4.77235498411905,1.33037410745997,0.053150695019597
451,0.00364205609971915,27.8344786728571,4.03788333342857,0.000868363142857143,5.69619212271429,0,0,0,67.7739604957143,0.000284161907144689,0.0812343333121843,"01",25.4299545624107,2.6738742176127,13.7336273927232,12.3042932415068,1.4083229284375,2.77684865599759,4.3674510638869,1.85438455630968,0.0595798062984205
452,0.00368360700505212,27.08739654875,2.65122958875,1.497201690625,5.829202410125,0,0,0,55.35299698625,0.000325712812477659,0.092578384818113,"01",24.4266876137143,2.96614163621645,11.2229179335536,12.3259849479585,8.98123615496428,9.76218140437346,-0.797084599307144,6.54352094895351,0.0734812806976685
453,0.00373209685462807,25.7659528471429,2.61933825285714,16.1777091785714,-4.59164409871429,0,0,0,43.3838266842857,0.000374202662053609,0.10565618303673,"01",21.2003585054167,3.81081635817252,13.6096740405625,12.709226814331,11.9064090782738,13.1941628767407,-13.8822349701071,15.2692342228851,0.0856678877916327
454,0.00378195782281396,23.59242879375,2.2730433515,22.21089377125,-26.896987985,0,0,0,32.2350469825,0.000424063630239499,0.118927765651377,"01",17.3749561054866,4.31443242197705,16.3714972288192,12.0403098836405,10.2434856625223,14.1387875794967,-25.8174736595647,18.8255931141481,0.0989815417768014
455,0.00383230511666284,21.0839385728571,1.93491140614286,27.6130446242857,-31.25347725,0,0,0,22.2034550257143,0.000474410924088378,0.132152427500168,"01",6.0427478091498,7.7717850173428,8.51857961713294,10.2088877876843,16.9178272571191,20.8106559871623,-15.0679435230546,18.7413468390087,0.11725304144028
456,0.00388288169268842,17.51284378375,1.80296902075,33.2577136325,-20.301263805,0,0,0,13.6602440325,0.000524987500113959,0.145263529143151,"01",5.55067959543571,6.53917996456478,6.78910631332768,9.23354944920415,19.1180441576304,19.4989666766554,49.3762982039643,110.10893051056,0.124400527098235
457,0.00393354578149217,13.40316344,1.80396818514286,31.1086463571429,10.0599123844286,0,0,0,6.926465861,0.000575651588917708,0.158227200132144,"01",7.73862997045921,3.46766146827884,7.61427663912951,8.0887282469175,8.56972542231673,12.030441328411,388.645609349781,171.843755882765,0.180094531475533
458,0.00398421294710004,9.929610904125,1.706585371625,26.715425935,161.9172991475,0,0,0,1.8622374345,0.000626318754525579,0.171025735091415,"01",6.8732855846625,2.95220451379637,7.28773605707567,7.3941252058514,6.85017879900111,11.0556878090579,442.530093161295,123.676733827322,0.178261521023138
459,0.00403481140742564,7.86350671557143,1.69840136028571,9.45214858271429,363.463085585714,0,0,0,-2.08797975242857,0.000676917214851179,0.183645507359222,"01",6.90530639294805,2.168113952604,7.61174900668669,6.498765761173,1.51694781097565,3.41021259219139,501.465913571753,89.8175084146014,0.184831771163076
460,0.00408525584298326,7.09078972,4.417113622375,0.0103900875,495.6079474875,0,0,0,-5.190476814,0.000727361650408799,0.196070301811448,"01",7.02306261386309,1.81950766046513,8.67569820889881,5.7020725424589,0,0,522.311970511309,86.3464372190787,0.185439555014012
461,0.00413544497656388,6.17063506371429,11.9801858164286,0,561.644324314286,0,0,0,-7.00879168985714,0.000777550783989419,0.208280880216451,"01",6.919551487375,2.18718312374943,8.911176939125,0.211600493703265,0,0,529.2961610125,109.955510106313,0.183800330488322
463,0.00423406926818492,4.82098851428571,3.26983082185714,0,623.629586828571,0,0,0,-6.29512019571429,0.000876175075610458,0.231849477304898,"01",7.46347743377857,1.63814561504931,9.75687168630714,5.64579652816548,0,0,502.048447247857,78.9940264366353,0.187225392372002
464,0.00428075468643035,4.140939208125,2.837072981875,0.0032291185,616.31696405,0,0,0,-4.68541685175,0.000922860493855889,0.242815267136349,"01",7.0327379147398,1.66117289453531,8.06732898225255,5.44843872539625,0.00148429821428571,0.00392708394645726,518.497110079337,79.4667318515424,0.185117411171665
465,0.00431521079132066,3.829510843,2.48806967628571,7.19259912185714,496.088699271429,0,0,0,-3.01440445828571,0.000957316598746199,0.250832118464682,"01",7.21288594794286,2.01661462806615,8.12411693972678,6.61196109181508,0.9493826798875,2.99742815049513,502.003635001786,94.6573013566279,0.186960814624418
466,0.00430836501365353,2.6781196866,2.8224957418,29.804954302,385.98275932,0,0,0,-1.7167361862,0.000950470821079069,0.249244429296935,"01",6.98515641983333,2.0856395716578,7.11897003615327,6.42716727654458,2.17821454195387,3.9773863763352,489.96567790625,94.4503542829243,0.184872676811485
467,0.00430096782032848,1.404957816,2.196686317,30.38454874,363.8336935,0,0,0,-1.075472147,0.000943073627754018,0.247526016240744,"01",6.65384590189231,2.32687944649153,6.78847201351071,6.26786105402633,4.30334836964973,8.55639067602648,481.966991861154,94.9167548889374,0.18257368565129
1,0.00477438091746408,0.0104575378571429,2.88719252228571,0,4.49867172942857,0,0,0,-10.3001698485714,0.000933958713273785,0.217682000077184,"02",8.29562132149405,3.85956799596081,9.45625220753571,7.31279479872147,8.52927928124206,11.4918553042692,251.625089914339,210.121080791313,0.175592525927787
2,0.00473309699028242,0.005017056125,2.88300833825,0,4.497111076875,0,0,0,-10.28876977625,0.000892674786092125,0.208997428587441,"02",4.15253646210913,5.01846413164582,6.14300444085813,6.06556407757946,17.0914227135615,21.7587157016876,123.245432632444,196.18032709486,0.161603153336033
3,0.00468829513666325,0.007971239,2.88301606514286,0,4.497167225,0,0,0,-10.2930780657143,0.000847872932472954,0.199486691793293,"02",4.67101869859152,5.09531840648682,6.55161877720647,6.33195563346947,17.2620447935536,22.434608276502,138.119414349101,203.70178301785,0.164775228971525
4,0.00467294176532741,0.006012316875,2.884795381125,0,4.497111076875,0,0,0,-10.29895899625,0.000832519561137115,0.196206487492283,"02",6.78852222068994,4.8125031136041,8.24667469210065,7.07285002699221,12.4371464211461,19.0135328542583,206.210959544745,213.380399230376,0.172534998110373
5,0.00468765713920075,0.00600363385714286,2.882180327,0.0141829551428571,4.49822681928571,0,0,0,-10.2934933342857,0.000847234935010455,0.199350599494377,"02",4.98201970290715,5.11455105576078,6.79624800722024,6.47546193454775,18.4119022494476,22.7287630976249,147.027493517756,207.600460396504,0.166105050914712
6,0.00470489671262942,0.0013859015,2.865163435,31.45289214725,4.009990573375,0,0,0,-10.2920629625,0.000864474508439125,0.203021505766075,"02",4.39672178920378,5.06149062194231,6.33581861767332,6.19511850659362,16.2466303939328,22.1219980864718,130.259282165331,199.878222686836,0.163328918020618
7,0.00474228280726891,0.00153130914285714,2.82760233757143,53.3190220128571,-0.00605817285714286,0,0,0,-10.2935417985714,0.000901860603078615,0.210936310166127,"02",5.33776887389031,5.11140343342653,7.07972269790944,6.62261476751612,15.9185365520612,21.3520133838649,157.529890067085,211.261457806179,0.167765467924023
8,0.00478847564095883,0.00016307025,2.76787231625,58.11477852625,0.001417594,0,0,0,-10.2973156975,0.000948053436768534,0.220629808259872,"02",6.22331306203869,4.9888126303083,7.79985141618601,6.91905151349201,11.4007175527173,18.4807927553025,189.401472172422,211.619237403628,0.171718739855824
9,0.00481054893408062,0.00269499628571429,2.719959223,60.0450971014286,-0.803925966285714,0,0,0,-10.3000953942857,0.000970126729890324,0.22522888630083,"02",7.46710494313036,4.48391775562744,8.79934623901071,7.20071780973722,7.67635135311785,11.1653016639635,226.912448095848,212.960942859297,0.174234800955226
10,0.00483136157978543,0.04884441975,2.75002846025,27.93612257,-67.400622723875,0,0,0,-10.29546596375,0.000990939375595135,0.229546013610393,"02",5.74460921651649,5.0787081366847,7.41277610080632,6.76990319400887,14.9941068583736,21.9303412251568,174.832237204851,209.308919384823,0.169971915984251
11,0.00487720117717374,0.579206926714286,12.8175598887143,0.00502382714285714,-271.831974728571,0,0,0,-10.17325429,0.00103677897298345,0.23898921096774,"02",3.93424596705733,4.9690220994629,5.9714256986156,5.94192438620501,16.1918741496898,21.506137648993,116.995520971625,192.589553471807,0.157059315428139
12,0.00492689536611667,2.133767884375,18.8742108025,0,-337.6615327875,0,0,0,-9.620202488125,0.00108647316192637,0.24912673119625,"02",3.76649401504018,4.89432928507024,6.31373240812054,5.98261715783053,15.3825316335625,21.2431594384121,97.5541461866149,206.634782095102,0.153335229267248
13,0.00496943958478765,4.38690255657143,20.17311893,0,-196.458465681429,0,0,0,-8.19111098385714,0.00112901738059735,0.257724758671239,"02",3.89151048631331,4.76429249566988,7.54215411496347,6.94824420313205,13.984119666875,20.7070116510793,94.7320956539843,232.964807313771,0.151500656710669
14,0.00496222544113758,6.71469506875,21.87386030875,0,0.302380658,0,0,0,-5.765615305875,0.00112180323694728,0.256272002309692,"02",3.58751957570919,4.75678279323367,7.17023958272364,6.92710455578973,14.5523153865221,20.9406480671462,76.3294638438792,244.828768228279,0.14824280471814
15,0.0049154101868533,8.62472964442857,24.8139169614286,0,97.5215641657143,0,0,0,-2.39737428114286,0.001074987982663,0.246792890983445,"02",4.18387401266926,5.15271961722851,8.59079243845419,8.10384288372986,13.2159971808463,20.366967456253,75.4556288276941,236.15902432091,0.138789979256454
16,0.00486245030069529,10.540259598125,24.19842166875,0,117.44664925125,0,0,0,1.890735640625,0.00102202809650499,0.235960172919013,"02",4.96432113944094,5.34278092332344,9.67212624140591,8.97207797972978,12.7014960723352,19.6354463010972,78.7499825952129,222.395577717786,0.1293462764236
17,0.00480784765877238,12.6976986428571,25.7300187942857,0,36.6872568914286,0,0,0,7.12450219885714,0.000967425454582085,0.224667196980368,"02",12.0597567468945,3.30598642531216,14.9082569782727,11.3340329722429,10.2889407142695,12.1692987992876,95.4318048072792,100.866945590572,0.121343529454239
18,0.00475244780687096,14.8991636925,25.63994268,0,-0.87172529525,0,0,0,13.32587603375,0.000912025602680664,0.213077498512514,"02",14.8728663424504,2.69106161840492,15.8291885454028,11.8411390591803,9.56551347027778,11.9086132438977,25.8846972822897,43.1832554072167,0.111831232290315
19,0.00469663866695788,16.9616804928571,25.4183909085714,0,-10.2399551515714,0,0,0,20.4791471914286,0.000856216462767585,0.20126476130121,"02",17.0436926608705,2.2433105472565,14.7436410230513,12.0442825658541,9.61885772334821,10.6251918681779,-8.21140765842856,21.8909848914699,0.0988852045918562
20,0.00464059906234491,18.8027160675,26.20712793875,0,-12.49522137875,0,0,0,28.54406913375,0.000800176858154615,0.189261152114961,"02",18.9529285498214,1.14594251982095,10.8621608559792,11.5331439063593,12.152022558631,9.44258934168776,-22.7151863883869,8.23859381930881,0.0889893865011476
21,0.00458448108727878,20.5433180228571,24.6015384,0,-5.90902789814286,0,0,0,37.4144670857143,0.000744058883088485,0.177094609347838,"02",20.4399516278274,1.05362636374942,11.0687963622173,11.8330531717894,13.0438541995833,10.1244976910313,-21.2248593168571,6.50095300987929,0.0823911111127911
22,0.00452846642950611,22.05815914125,24.80570072,0,0.015497807375,0,0,0,47.04797969375,0.000688044225315814,0.164801032125798,"02",21.8533844648571,1.02100165138116,12.1153104461786,11.8718791532981,12.363858006,11.296223036775,-10.2450987260893,7.51252496255816,0.0659536087264621
23,0.00447298864500624,23.3191072514286,24.1582621428571,0,0.884718040571429,0,0,0,57.2924022257143,0.000632566440815945,0.152474472638199,"02",23.5340130654286,1.12983176938962,12.1428381733643,11.8392520969842,11.3281875768214,10.4641138297748,0.692516917792856,2.01300656501053,0.0586952294914543
24,0.00442166710620959,24.55748551375,23.13021420625,0,1.498076732,0,0,0,68.109441795,0.000581244902019295,0.14093448534173,"02",24.6251826565625,0.919241649649529,14.0000018194732,11.9453515386972,8.92832957464285,10.3168277136433,2.93736582517857,1.50910599092782,0.0551713601326494
25,0.00439111846654881,25.8050683885714,23.2479429271429,0,2.54418263714286,0,0,0,79.4803347028571,0.000550696262358515,0.134001657787281,"02",26.0592356021875,1.0789932285962,13.813697966125,11.5852267146985,7.40210576946875,9.14094549373651,3.19232739712947,1.28467176098204,0.0552811265774576
26,0.0043493395855984,26.90378316125,22.5215474625,0,2.999831964,0,0,0,91.40687631875,0.000508917381408105,0.12444170156181,"02",27.087690595625,1.11118080043813,12.9513622703572,10.6624058148349,1.50809049078571,3.0076780719483,3.25986871785268,0.852282373493185,0.053679016156157
27,0.00429523084711405,27.3799996471429,19.0034049885714,0,2.93375165857143,0,0,0,103.690160364286,0.000454808642923754,0.111922989543997,"02",27.6889453295536,0.942710876718539,15.1894545219107,7.07617982128315,6.444075e-05,0.0001288815,3.37329293869197,0.749241327351161,0.0523766819719328
28,0.00423981901011724,27.65375781875,23.22937468125,0,1.484698899875,0.625,0.625,0,116.1040638125,0.000399396805926945,0.0989382700232095,"02",28.102797920759,0.763663819813679,13.6426310737143,6.54928545841445,0,0,3.35834667078572,0.764004176021443,0.0501579459209712
29,0.00418466571654255,28.3144720528571,19.5455111985714,0,1.74169114314286,1,1,0,128.742852742857,0.000344243512352255,0.0858445124726597,"02",28.3050097238839,0.599760674086523,16.0540155032768,5.59863971161457,0,0,2.62420765725447,0.759719123862184,0.0456679672999965
30,0.0041327869245104,28.36385969125,8.604358032625,0,2.996145072375,1,1,0,141.5829001875,0.000292364720320105,0.0733696681156619,"02",28.474191200625,0.339893834483825,15.8997118429464,2.87651596650382,0,0,2.68398470303572,0.628195706947074,0.04089716746703
31,0.00409372543806353,27.9139702285714,15.9816002757143,0,2.99811148314286,1,1,0,154.2913518,0.000253303233873235,0.0638731093463294,"02",28.4976845401339,0.259277204166143,13.5162685145402,4.02534378158322,0,0,2.99760116437947,0.000970888369398899,0.0361921448554968
32,0.00406040943304117,27.78073476375,17.37805887875,0,2.998074051,1,1,0,166.8620880375,0.000219987228850874,0.055701503131389,"02",28.4348879386161,0.407477320418562,15.3240255926339,2.22393411310831,0,0,2.99810212510715,1.87160714300028e-05,0.0320529946207669
33,0.00402809118091385,27.7811908371429,16.8147173628571,0,2.99921219828571,1,1,0,179.407997628571,0.000187668976723555,0.0477103005944475,"02",28.5273130675447,0.563079327455604,14.4886718318214,3.01374441712882,0,0,2.99808340903571,1.87160714300028e-05,0.0280024962419992
34,0.0039931107694407,27.87653707125,17.85512276875,0,2.2704168325,1,1,0,191.9781502875,0.000152688565250404,0.0389882580438261,"02",28.6037114696429,0.6362575945716,13.6786597322321,2.39256899792205,0,0,2.99837730389286,0.000556875900747895,0.0233249990739835
35,0.00396553956445379,27.9094939742857,13.8868386157143,0,1.499693236,1,1,0,204.590196485714,0.000125117360263494,0.0320596172728438,"02",28.6332704145982,0.628903641033027,14.4683843095536,2.30810739847659,0,0,2.81616910441072,0.363834848368377,0.0187390163075
36,0.0039474845323896,27.57288082,15.455078655375,0,1.4990370255,1,1,0,217.1270380875,0.000107062328199304,0.0274962385395012,"02",28.6077780939732,0.620256553990057,14.2135005697768,0.842516039281881,0,0,2.62349756332143,0.749202885088754,0.0176303937899545
37,0.00395921578460333,27.4313160814286,17.4119868842857,0,1.49905574157143,1,1,0,229.538294885714,0.000118793580413034,0.0304636611190983,"02",28.4827883583482,0.76577316030777,14.8743377615223,0.662435009812084,0,0,2.62332415266071,0.749524751648188,0.0170010859808756
38,0.00400041804551846,27.44181834,17.904061305,0,1.4990370255,1,1,0,241.93372565,0.000159995841328165,0.0408165564335796,"02",28.4037855367857,0.854192176362737,15.7702986190625,1.99534460317827,0,0,2.62333818971429,0.749521632302951,0.0193927313448067
39,0.00404505045785788,27.5467838642857,19.91283338,0,1.49905574157143,1,1,0,254.341310671429,0.000204628253667584,0.0519117136823466,"02",28.3834023872322,0.866468196368535,16.0689730308482,1.27042003767662,0,0,2.62332415266071,0.749524751648188,0.0239427396668251
40,0.00406563882490597,27.93459863125,19.063094385,0,1.50086118075,1,1,0,266.86888715,0.000225216620715674,0.0569885721450083,"02",28.50501120325,0.780015053458063,16.6499575069643,1.84826419792166,0,0,2.69828536197143,0.670389738222677,0.0278384409629128
41,0.00405103787985363,28.3253948571429,18.7274336614286,0,2.22190973942857,1,1,0,279.5746675,0.000210615675663334,0.0533908040009416,"02",28.5597611891071,0.701299339936709,16.1496720987821,1.92978051437462,0,0,2.69858733585714,0.669549289871694,0.0298744558671297
42,0.00401073959213052,28.7063188875,18.58507100375,0,2.996134576125,1,1,0,292.4553017375,0.000170317387940225,0.0433933505830337,"02",28.6657886068214,0.704423835225779,15.3029997373536,2.29921330102211,0,0,2.84415743314286,0.347858532626714,0.0304228578516537
43,0.00396227466967029,28.98891359,15.37531168,0,2.99811148314286,1,1,0,305.497801042857,0.000121852465479994,0.0312359615237829,"02",28.7603536074643,0.746968501705468,15.7617170631786,2.66371847645773,0,0,3.23535829080714,0.53162671994008,0.0287837815040015
44,0.0039095135142141,28.8664680075,14.59937978125,0,2.998074051,1,1,0,318.574351025,6.90913100238047e-05,0.01783063531549,"02",28.8612849215,0.785687298714818,15.0670527284286,1.82418915777064,0,0,3.29809983822857,0.670836205099071,0.0247121978353057
45,0.00385671135546531,28.66596204,16.5350314428571,0,2.99811148314286,1,1,0,331.566527171429,1.62891512750147e-05,0.00423253021216752,"02",28.88534943675,0.79169269285444,14.8857760152143,1.5339813061304,0,0,3.29789642903214,0.670381368308787,0.0200096061047126
46,0.0038075932283082,28.5808879775,18.116600625,0,2.998074051,1,1,0,344.4875149,-3.28289758820951e-05,-0.00858501841286152,"02",28.8342180784643,0.776619494652231,15.7966218705357,1.35864207733549,0,0,3.29790765865714,0.670406478513639,0.0171039815078198
47,0.00378479746224691,28.6709121214286,17.6568252028571,0,2.99844927728571,1,1,0,357.420034057143,-5.56247419433854e-05,-0.014589934358118,"02",28.6451586749554,0.777672698531137,16.5734829297322,1.21146282019934,0,0,3.37285202354018,0.749506035764263,0.0152844307307979
48,0.00381162131399305,28.81922490875,13.07513535875,0,3.01068666775,1,1,0,370.4109110375,-2.88008901972452e-05,-0.00752766901495949,"02",28.626541106875,0.698728972512242,17.7274928900893,2.59365581714731,0,0,3.37294115107143,0.749484070158558,0.0118234875263712
49,0.00383805228763907,28.4543510485714,14.8287009142857,0,1.61914978185714,1,1,0,383.368359971429,-2.36991655122544e-06,-0.00061728838645525,"02",28.7403587432143,0.409822070795582,16.0883855525,3.36129330642539,0,0,3.37600517772768,0.747427441216239,0.00862249368418144
50,0.00384380673057192,28.1938241275,18.86963223375,0,1.49819624,1,1,0,396.1400829875,3.38452638162486e-06,0.000880902050454324,"02",28.76263602625,0.208130865194392,16.4548432115625,3.11182747320074,0,0,3.02811627721429,1.17545769000007,0.00757855749552734
51,0.00385536601530834,28.2192107342857,17.6213328171429,0,1.49905574157143,1,1,0,408.882714985714,1.49438111180446e-05,0.00388363844901551,"02",28.7747348223215,0.472636638584477,16.8605168445536,2.16855426735746,0,0,2.99788257079018,1.22430188393467,0.00742581366272024
52,0.00387404916607207,28.36546596,17.38649639125,0,1.4990370255,1,1,0,421.656088425,3.36269618817745e-05,0.00871794640844747,"02",28.7951893753125,0.600207191311475,16.4142126955804,1.351885973495,0,0,2.99809276714286,1.22397388792059,0.0057411837469842
53,0.00386719697006002,28.5774543614286,18.30584915,0,1.49900639328571,1,1,0,434.5189763,2.67747658697247e-05,0.00694763772581908,"02",28.8314793744643,0.705087919107371,15.8985514116964,1.33100675134995,0,0,2.99809276716518,1.22395860634871,0.00329417675324919
54,0.00383566923419031,28.77887749,17.40262030875,0,1.65753416925,1,1,0,447.47028085,-4.75296999998551e-06,-0.00123838297699486,"02",28.8774690404911,0.81605181328357,15.3246708646607,2.13891576625402,0,0,2.99808043007143,1.22399403410524,0.00168276502470155
55,0.00380764892996431,28.9212464342857,16.9603038328571,0,3.00439374885714,1,1,0,460.504251028571,-3.27732742259855e-05,-0.00857038942182253,"02",28.8193034426339,0.771314636385339,12.8096129972589,6.41143586348494,0,0,3.03771705310268,1.16015414375935,0.000901028092480871
56,0.0037898229376038,28.9968110575,16.20569441125,0,2.998117230875,1,1,0,473.5903879625,-5.05992665864952e-05,-0.0132630095232651,"02",28.7074186566071,0.525579934504525,10.7512668268393,6.74782798125506,0,0,3.2991641118,0.669709668579009,-2.37726804422541e-05
57,0.00377990271330301,28.8717990557143,14.2529493914286,0,2.99811148314286,1,1,0,486.673389642857,-6.05194908872854e-05,-0.0158840370678099,"02",28.8841293447143,0.308687823391754,10.26969363145,6.45104777104621,0,0,3.29790506500714,0.670376540611364,-0.0012804124419819
58,0.00376719716193175,28.69628653875,16.25012149375,0,2.998074051,1,1,0,499.66212435,-7.32250422585453e-05,-0.0192510424732975,"02",28.8696759041518,0.34160953327809,12.7686954096429,6.54944135624603,0,0,3.37285670253572,0.749540348517231,-0.00558450301101994
59,0.00374042529168459,28.6721144571429,15.68018749,0,2.99811148314286,1,1,0,512.621725171429,-9.99969125057053e-05,-0.0263829895518297,"02",28.9491192942857,0.4942780319221,14.8269344407768,2.38559570497062,0,0,3.37285202354018,0.749506035764263,-0.0126418151136213
60,0.00369742298422035,28.6164266225,15.74912855,0,2.999997470375,1,1,0,525.5590320875,-0.000142999219969945,-0.0379462223199578,"02",28.9452637400893,0.401710746365806,16.063980709375,1.58906918877006,0,0,3.37285670253572,0.749540348517231,-0.0213049501620477
61,0.00364572676783208,28.4643544128571,16.7597403457143,0,1.95298458814286,1,1,0,538.457460657143,-0.000194695436358215,-0.0520265749791999,"02",28.9061674636161,0.362813560658543,15.8408790446875,0.779075814126993,0,0,3.37333287838393,0.749185993188683,-0.0296621169118644
62,0.00359382506619371,28.41414873375,16.50650028375,0,1.4980739,1,1,0,551.2995359375,-0.000246597137996585,-0.0663651944471644,"02",28.8146837296429,0.485971734786607,16.9074254450893,0.302546742897557,0,0,3.11137597867857,1.04654305508572,-0.0354927018961082
63,0.00354642809248217,28.3510472614286,18.6952543,0,1.49905574157143,1,1,0,564.127606071429,-0.000293994111708126,-0.0796413815794255,"02",28.8113689019196,0.555973931444897,16.6085725383036,0.428544536960026,0,0,2.87605464091518,1.03509760723763,-0.0382374412812871
64,0.0035315724982295,28.39010986,18.08765446125,0,1.4990370255,1,1,0,576.9346421625,-0.000308849705960795,-0.08383906861157,"02",28.9249532624107,0.567234559956799,14.6615032793661,3.0746641262795,0,0,2.622181257,0.74875341964085,-0.0399475050781827
65,0.00356035110073144,28.4645088985714,17.0686164271429,0,1.49905574157143,1,1,0,589.785055385714,-0.000280071103458855,-0.0757231437133639,"02",28.9149300758929,0.470766263729657,12.5521412860357,6.57255309548026,0,0,2.62333351069643,0.749530990338663,-0.0421283653101384
66,0.00360483163795966,28.55694637125,16.70501160375,0,1.499151356375,1,1,0,602.6595812875,-0.000235590566230635,-0.0633072405845363,"02",28.85748054725,0.450476207353227,11.0370152629286,6.80614457545262,0,0,2.69828536197143,0.670389738222677,-0.0440238321936562
67,0.00365504396024291,28.6604599985714,17.5029766442857,0,1.74199657385714,1,1,0,615.587728214286,-0.000185378243947385,-0.0494741876872737,"02",28.5610480203214,0.535987516951741,13.2659560597071,5.30272183284295,0,0,2.69830448493214,0.670346977982606,-0.0436961154807173
68,0.00370654880048031,28.78304374,17.535298915,0,2.996145072375,1,1,0,628.5587059375,-0.000133873403709985,-0.0354811074059294,"02",28.4015865468214,0.640911882880653,15.9128930195714,1.70179305279652,0,0,2.74687352842857,0.561743295172962,-0.040539594962972
69,0.00375394381630528,28.9144728214286,17.7454289371429,0,2.99811148314286,1,1,0,641.599330814286,-8.64783878850154e-05,-0.0227753372658892,"02",28.6027750927232,0.528173131153233,15.7054522045982,1.42412560283239,0,0,2.99761052241518,0.000977126035979048,-0.0354763918235312
70,0.00376427868332285,28.96206334,17.5768308775,0,2.998074051,1,1,0,654.667761375,-7.61435208674454e-05,-0.0200260509145229,"02",28.6143794270536,0.519010039572684,16.1273666446429,1.19873543473246,0,0,2.99809276707143,2.16114577565687e-05,-0.0296603055232019
71,0.00373654341614143,29.0408160085714,17.2299862585714,0,2.99811148314286,1,1,0,667.777243442857,-0.000103878788048865,-0.0274213450511764,"02",28.6004508295982,0.539717639984379,15.7153728576786,1.73072661731573,0,0,2.99809276707143,2.16114577565687e-05,-0.0232107418374743
72,0.00372223437165274,29.12444129875,17.219295425,0,2.998074051,1,1,0,680.90903345,-0.000118187832537555,-0.0312581832212118,"02",28.6078061931696,0.539550474110287,15.6910809879018,1.57974157163939,0,0,2.99809276707143,2.16114577565687e-05,-0.0161748086497883
73,0.00372537376607639,29.1987637014286,17.9720060885714,0,2.99811148314286,1,1,0,694.088340728571,-0.000115048438113905,-0.0304151220753432,"02",28.6038038072322,0.549541506162098,15.6082265475,1.49126720412217,0,0,2.99809276707143,2.16114577565687e-05,-0.00932340475324507
74,0.00374132367783631,29.27011386625,17.33142194875,0,2.998074051,1,1,0,707.2883899875,-9.90985263539853e-05,-0.0261428355087894,"02",28.6043949309375,0.570124604076306,15.9122172792411,1.50499771342779,0,0,2.99809276707143,2.16114577565687e-05,-0.00355324925813481
75,0.00375136911026695,29.35731056,17.5374623071429,0,2.99811148314286,1,1,0,720.533660457143,-8.90530939233452e-05,-0.0234614395232926,"02",28.6363723854911,0.620951749267821,15.8542211530804,1.63772851407033,0,0,2.99809276707143,2.16114577565687e-05,-0.00156041227140395
76,0.00376002305072582,29.24567418125,11.64741576375,0,2.998074051,1,1,0,733.779843175,-8.03991534644752e-05,-0.0211572211115998,"02",28.6099728755804,0.679767384469352,16.2608812637947,1.00467146442231,0,0,2.99809276707143,2.16114577565687e-05,-0.00334089796938475
77,0.00374665530317555,28.8430938671429,18.6111926085714,0,2.99811148314286,1,1,0,746.905297428571,-9.37669010147454e-05,-0.0247187860793341,"02",28.4901080352232,0.649092828399384,15.0288062632589,2.30346906251846,0,0,2.99809276707143,2.16114577565687e-05,-0.00752038775446096
78,0.00371495536281131,28.96153715125,18.36233324625,0,2.998074051,1,1,0,759.94262105,-0.000125466841378985,-0.0332156459806132,"02",28.3341973447322,0.471777253941864,17.2531469053125,1.67979895248732,0,0,2.99809276707143,2.16114577565687e-05,-0.0126713825290685
79,0.00368832313427842,29.2075675757143,17.9226041528571,0,2.99811148314286,1,1,0,773.094340471429,-0.000152099069911875,-0.0404103888791996,"02",28.4546065217411,0.365749259200576,15.4950034075447,3.90198629647402,0,0,2.99809276707143,2.16114577565687e-05,-0.0155781226964883
80,0.0036655852063729,29.44528089875,17.64417904,0,2.998074051,1,1,0,786.3296746,-0.000174836997817395,-0.0465943114122798,"02",28.7399412633036,0.394430493356842,13.6978061278661,7.20171223827122,0,0,2.99809276707143,2.16114577565687e-05,-0.0152805336702026
81,0.00367258247949145,29.6854818414286,13.782885864,0,2.99811148314286,1,1,0,799.696266157143,-0.000167839724698845,-0.0446872208828344,"02",28.9830983701429,0.466527507174028,15.1889093199714,2.78158730814326,0,0,2.99808902385714,2.0502429020181e-05,-0.0124038742031003
82,0.00371555516617048,29.30410645375,6.58305859575,0,2.998074051,1,1,0,813.0477142,-0.000124867038019815,-0.0330542026068397,"02",28.9700254078929,0.520503359528258,15.3827618958,1.33617966920502,0,0,2.99809651028572,2.0502429020181e-05,-0.00563946282714731
83,0.00376781762938076,28.6771568828571,16.6798171042857,0,2.99811148314286,1,1,0,826.142762028571,-7.26045748095355e-05,-0.0190863533648811,"02",28.8267719670714,0.397717059686997,14.2434415307929,4.37898914459538,0,0,2.99808902385714,2.0502429020181e-05,0.000546370776267895
84,0.00382175812722367,28.64526593125,18.3055167625,0,2.998074051,1,1,0,839.0666839375,-1.86640769666252e-05,-0.00487174996841766,"02",28.6764443090357,0.283973540905733,16.0416230411071,0.707860423854166,0,0,2.99809651028572,2.0502429020181e-05,0.0070840876874166
85,0.00387608983634609,28.9285424257143,18.5192060942857,0,2.99811148314286,1,1,0,852.076280114286,3.56676321557948e-05,0.00924456154861009,"02",28.6643357396429,0.339506140130327,15.9827914287857,1.43415890803374,0,0,2.99808902385714,2.0502429020181e-05,0.0105140758745919
86,0.00393021588030073,29.23746087375,17.96031849625,0,2.998074051,1,1,0,865.205418675,8.97936761104345e-05,0.0231120455882436,"02",28.6883011153929,0.465926256721217,16.3636927115,1.35692916745457,0,0,2.99809651028572,2.0502429020181e-05,0.00785139565801103
87,0.00398335565973922,29.49860941,17.8395946742857,0,2.99811148314286,1,1,0,878.481847385714,0.000142933455548925,0.0365422841512375,"02",28.6355813683571,0.584219134597908,14.2524098103143,5.94617125836112,0,0,2.99789639875714,0.000439491599018099,0.00640437268517865
88,0.00403178511476882,29.72434098125,18.1212574925,0,2.998074051,1,1,0,891.8461469,0.000191362910578525,0.0486269236011614,"02",28.5057645356786,0.653146818125422,14.9395990546107,3.0724652634722,0,0,3.08898257997143,0.203235800968423,0.00529576765690179
89,0.00405319403431803,29.8923715157143,17.9654631671429,0,2.99811148314286,1,1,0,905.315442028571,0.000212771830127734,0.0539229098155083,"02",28.4837598279018,0.918198312418742,16.8984177974554,1.64399613198611,0,0,3.32003113212946,0.64391799483943,0.0069594497268715
90,0.00405783383175706,29.7641915,4.5208216355,0,2.998074051,1,1,0,918.811850975,0.000217411627566765,0.0550669812962923,"02",28.5845841977232,0.937129516905235,16.0034013909375,1.91297587765765,0,0,2.99728746632143,0.00391129038044724,0.0110513623887739
91,0.0040431506662797,28.9558549385714,10.7590389225714,0,2.99811148314286,1,1,0,932.105589928571,0.000202728462089405,0.0514419450559283,"02",28.6878724696428,0.78931861286208,11.6798611469553,5.36625586746361,0,0,3.56218398700446,0.713597785609085,0.0141704215183649
92,0.00399840078379483,28.49662820375,18.3124667825,0,2.998074051,1,1,0,945.0362767125,0.000157978579604535,0.0403121665332691,"02",28.5605525563393,0.384283627771454,13.5260835830536,3.11599157712127,0,0,3.51308469592857,0.70781977305662,0.0138049534769729
93,0.00394599973217257,28.5214381614286,17.9678019142857,0,2.99811148314286,1,1,0,957.913303,0.000105577527982275,0.0271200294670173,"02",28.4269497279911,0.22075195451817,15.7968995097321,3.12491424030581,0,0,3.37237440591072,0.749824977772132,0.00892054505901253
94,0.00389212292923488,28.78129942875,17.4667526075,0,2.998074051,1,1,0,970.8459581,5.17007250445847e-05,0.0133724390220973,"02",28.4587294250447,0.261710076065176,15.8917947070536,2.57560137031639,0,0,3.37286606057143,0.749534109826756,0.00123855489351297
95,0.00383786583207139,28.9777247614286,17.7841279371429,0,2.99811148314286,1,1,0,983.909056742857,-2.55637211890548e-06,-0.000665870343675934,"02",28.6165899958929,0.238639956656561,13.5922851234643,4.3590199260236,0,0,3.37284266550447,0.749512274454738,-0.00596029217347657
96,0.00378375810431553,28.89080963875,17.31808997,0,2.998074051,1,1,0,996.977078775,-5.66640998747652e-05,-0.0148645859481888,"02",28.7529697598214,0.147662621305347,12.5973398878929,5.9407059562819,0,0,3.59790768893214,0.821321927639552,-0.0104918333800664
97,0.00373043409443823,28.7671888,17.6612374057143,0,2.99811148314286,1,1,0,1010.00936814286,-0.000109988109752065,-0.029057702705698,"02",28.7941370226071,0.117706790485432,12.7320702491607,5.8212929195667,0,0,3.50705334710357,0.715267598674756,-0.012623324164584
98,0.00367976876557549,28.661313755,18.20580166375,0,2.998074051,1,1,0,1022.96838325,-0.000160653438614805,-0.0427323936615913,"02",28.8160738368214,0.244957685401858,13.3429887219571,5.59907362387211,0,0,3.20395378530714,0.469052004436615,-0.0129139439504413
99,0.00364508124295428,28.6018318614286,16.4861010957143,0,2.99811148314286,1,1,0,1035.91178271429,-0.000195340961236015,-0.0522036540795749,"02",28.8396163162143,0.418071574339696,14.7990173670107,3.3317218237184,0,0,3.25790238127857,0.589695694215659,-0.0135974485021852
100,0.00366588035551093,28.5135283225,16.14548059875,0,2.998074051,1,1,0,1048.798392,-0.000174541848679365,-0.046513795687928,"02",28.8626176610714,0.536851492298797,12.6381239609071,5.91094361666973,0,0,3.25865331983214,0.589259789891114,-0.0153912308610025
101,0.003709006409143,28.4450941214286,16.1272664114286,0,2.99811148314286,1,1,0,1061.67499771429,-0.000131415795047296,-0.0348182821374472,"02",28.8834335206786,0.625153491562053,12.9504912106071,3.98264454774155,0,0,2.99565789923214,0.00525746509288632,-0.0159693448981434
102,0.00373995182552972,28.3508689525,20.12005267625,0,2.998074051,1,1,0,1074.48107975,-0.000100470378660575,-0.0265095783949922,"02",28.8696427883929,0.626729084418659,14.8303992237857,2.0774509181515,0,0,2.99802895148572,0.000143918158096459,-0.0124347833519519
103,0.00376471953449703,28.4528651442857,19.1554296528571,0,2.99811148314286,1,1,0,1087.32117942857,-7.57026696932652e-05,-0.0199089433923216,"02",29.0873239637143,0.717831626762529,16.8057860917143,2.56777837305318,0,0,2.99808902385714,2.0502429020181e-05,-0.00751060835945032
104,0.00380149855999934,28.49815879875,17.08529236625,0,2.998074051,1,1,0,1100.16645125,-3.89236441909555e-05,-0.0101869624086977,"02",29.0192239522857,0.584690841419318,17.3021852385714,1.9604716532277,0,0,2.99809651028572,2.0502429020181e-05,-0.000980366783117939
105,0.00384432256489176,28.6007527657143,16.77749018,0,2.99811148314286,1,1,0,1113.07615957143,3.90036070146461e-06,0.0010150918611016,"02",29.0015402543571,0.500128698702447,15.8160300724286,2.16354719029072,0,0,2.99809889354286,3.82304630449317e-05,0.00260130201939097
106,0.00385854773642564,28.6977856,16.65773263375,0,2.998074051,1,1,0,1126.004020375,1.81255322353447e-05,0.00470856891042359,"02",29.0006389865625,0.380780461753994,13.028174627125,4.73963037083587,0,0,2.95846848125893,0.0792610509701594,0.00246478885708627
107,0.00384900351579118,28.7719756571429,16.5924504885714,0,2.99811148314286,1,1,0,1138.99598171429,8.58131160088454e-06,0.0022319781093314,"02",29.0443069697321,0.484555599266857,13.5698690792857,6.47503405918423,0,0,2.62175826535714,0.752656526254469,0.000138750266280185
108,0.00383327066996621,28.83344953,17.73470378625,0,2.998074051,1,1,0,1151.9939105,-7.15153422408549e-06,-0.0018639099128519,"02",29.0032960333929,0.540751850466423,16.1017055208928,1.25391813544136,0,0,2.62332271575893,0.749552580213657,-0.0038312253491403
109,0.00379843274608701,28.93665515,17.58132599,0,2.99811148314286,1,1,0,1165.05095657143,-4.19894581032854e-05,-0.0109937628584591,"02",28.9597420820982,0.558602972353714,15.8634179995089,1.65530887552427,0,0,2.62332883167857,0.749515393612476,-0.00970187040595571
110,0.00374958556318036,29.01956634,17.7404361275,0,2.998074051,1,1,0,1178.129478,-9.08366410099352e-05,-0.0239369915430805,"02",28.8100999691071,0.482200777090866,17.1462073110268,0.559212783650667,0,0,2.62333351069643,0.749530990338663,-0.0172406910953862
111,0.00370108552726222,28.9373314685714,13.3976737742857,0,2.99811148314286,1,1,0,1191.24520328571,-0.000139336676928076,-0.0369561462157373,"02",28.6416033183482,0.414023849609386,17.1431985583482,0.448647206798852,0,0,2.62332883167857,0.749515393612476,-0.0244410097364767
112,0.00367007764375233,28.63372283125,14.44609909375,0,2.998074051,1,1,0,1204.23126525,-0.000170344560437965,-0.0453694901765278,"02",28.4997186522321,0.442452942148181,14.9316576496607,2.21107763504319,0,0,2.62333351069643,0.749530990338663,-0.0281692699563153
113,0.00369306853852581,28.3890813442857,12.5856634071429,0,2.99811148314286,1,1,0,1217.127697,-0.000147353665664485,-0.0391246137888297,"02",28.5141189445982,0.709999059540953,12.8685740127232,6.37768327835162,0,0,2.62332883167857,0.749515393612476,-0.0266436009331615
114,0.00374239820390703,27.9136073575,10.122727279,0,2.998074051,1,1,0,1229.84102975,-9.80240002832655e-05,-0.0258556719646688,"02",28.6727703858036,0.958762297601703,10.2890397440893,4.91344704604697,0,0,2.62309272932143,0.749370617652289,-0.0209761676600025
115,0.00379568010561294,27.31650429,11.779570316,0,2.99907238114286,0,0,0,1242.32311371429,-4.47420985773554e-05,-0.011718703500212,"02",28.6092936462054,1.07434159480482,11.6975245163928,6.2140474113315,0,0,2.73693641878572,0.852608820766334,-0.0121027314063244
116,0.00385001024847789,26.83210217125,4.104261629375,0,2.687322834875,0,0,0,1254.542312875,9.58804428759447e-06,0.00249350061003639,"02",28.2360873373661,1.09215656463009,15.6504667351786,4.24549697644349,0,0,2.94553225322768,1.13938390327955,-0.00185022954286003
117,0.00390386783262417,26.1254874085714,6.35363619085714,0,1.50556209942857,0,0,0,1266.52751528571,6.34456284338745e-05,0.0163855036426996,"02",27.6216846020089,0.813018639974972,16.153565821317,8.71827812491782,0,0,2.54623756146875,0.713443114040786,0.00819159317691594
118,0.00395810069139364,25.167873215,4.0023727525,0,1.498741455625,0,0,0,1278.10052075,0.000117678487203345,0.0301819764871212,"02",27.0452173634375,0.779849234554301,16.2134219723571,6.85978332637545,0,0,2.25023280020089,0.863643044823717,0.0173152631844027
119,0.00401114662046266,24.20899893,5.93966826914286,0,1.49905574157143,0,0,0,1289.273733,0.000170724416272364,0.0434948300385019,"02",26.4272838638839,0.861876905460029,14.0476003385447,8.34059524166337,0,0,2.25210879705357,0.869752140571377,0.0252097171278152
120,0.00405224276022997,23.254355375,4.285323298,0,1.499183343,0,0,0,1299.97581725,0.000211820556039675,0.0536881848788848,"02",25.5268546497322,0.903256994125952,14.1974908480893,11.1404110865774,9.4375e-07,1.8875e-06,1.88945603005804,0.739859131749597,0.0345742706567864
121,0.00404284730129856,22.3068140457143,4.55125404357143,0.00603395757142857,1.51420193671429,0,0,0,1310.29181014286,0.000202425097108265,0.0513669104158021,"02",24.3804482711607,0.869313131138165,14.099208410625,11.7232150715186,0.0244532173214286,0.0489064346428571,2.03058601266518,0.707793364799585,0.0411334280626427
122,0.00404238196545619,21.3340915425,3.92630611675,7.501796246125,-6.921102184,0,0,0,1320.1382565,0.000201959761265895,0.0512518027754316,"02",23.5245254888393,0.924809646614974,17.9109105389137,10.638967186087,3.0913675613869,7.56931749415636,1.07246985155952,1.41972717944969,0.0436401554649236
123,0.00408802227687999,19.9463367485714,3.81806969842857,18.8109404,-26.5990921628571,0,0,0,1329.49455471429,0.000247600072689694,0.0624789910805177,"02",21.9749441439881,0.805818105116391,17.911176474256,10.9910391016894,4.99623845363988,9.07366188361141,-6.30000227094344,6.06626038073383,0.051771907608244
124,0.00414183524940762,18.2469177925,3.626256747875,20.334355205,-42.68470799625,0,0,0,1338.043183,0.000301413045217325,0.0755566751100236,"02",20.5546065483163,0.942834221180672,15.7252333944337,11.3128000148892,9.14936674456633,11.481876829695,-19.5003964283673,9.6711648297033,0.048626872760004
125,0.00419698456190451,16.8282091928571,3.56235468542857,15.4136965514286,-45.9978952742857,0,0,0,1345.77024257143,0.000356562357714215,0.0887839942045145,"02",18.7399600518112,0.9939487923174,16.0747051687474,11.7416895839353,9.31940352772959,11.6460869926397,-29.9459460527551,8.28612729984002,0.0473471772764325
126,0.00425258579318431,15.4128162575,3.7951303135,22.73736548625,-0.89295997675,0,0,0,1352.695826375,0.000412163588994014,0.101944907761191,"02",17.0317028190402,1.07939315669693,14.8600208839152,12.1180852339786,10.1982688545982,11.1534897481404,-27.5576380033482,13.1736508693744,0.0470210053842188
127,0.00430829841374267,12.8824011828571,3.36418386628571,25.1222699914286,139.660376857143,0,0,0,1358.79065542857,0.000467876209552374,0.11496071417475,"02",15.5796442294107,1.67160817882307,17.2065731325196,11.7196876136708,8.87273464066072,11.7915607411971,-3.39522156546072,30.0226684712542,0.0458118673854157
128,0.00436393694633068,10.68165043,3.178113315125,18.51905533875,295.243833425,0,0,0,1364.002121625,0.000523514742140385,0.127792306583982,"02",13.5972647169156,1.96867887949474,15.826288025638,11.8595760896532,11.3289946950325,13.0610568190771,69.8812268789968,88.4250603725247,0.043967142932147
129,0.00441933881448383,9.854324144,3.04722757314286,11.959569375,409.2671775,0,0,0,1368.32771857143,0.000578916610293535,0.140407782442128,"02",11.3904328244903,1.70420805192652,14.6001584584107,11.1458877089425,10.4038127876948,12.2726146475549,209.977260577143,148.140470689012,0.0430800713964314
130,0.00447425787509983,9.262150431625,9.9820994305,0.12850419575,491.7085628375,0,0,0,1370.802756625,0.000633835670909535,0.15275818675536,"02",10.9267573907806,1.76917152111109,13.2185041025612,10.4441725715278,9.03428700033164,11.4259620341778,263.495261966862,169.288328141604,0.00183633145611643
131,0.00452830162480038,9.00996105328571,15.1012354585714,0,518.5577653,0,0,0,1370.70644728571,0.000687879420610085,0.16476463841424,"02",11.0742032628956,1.74959162895599,13.0736786136374,10.8559978978675,9.7292321542033,11.5804693115544,243.875069402775,158.771255413486,0.0425684081956472
132,0.00458028734585537,9.619279478,18.9344393,0,434.654960375,0,0,0,1367.923753375,0.000739865141665075,0.176179421658111,"02",11.5675481591393,1.686303262829,14.1667303742518,11.6506725544942,11.4441940664643,12.4146304831582,187.509490597357,134.96004136802,0.0620942642909571
133,0.00462467564326261,11.2068396342857,24.7223906585714,0,209.0633189,0,0,0,1363.52665471429,0.000784253439072314,0.185823923339377,"02",13.8363072251786,1.89945664811031,14.9366777623446,12.1080356421377,12.4618941645357,13.1855616297673,55.9630176768964,79.4991913345098,0.0568632138782588
134,0.00462071477474024,13.1990943825,26.07736832625,0,32.70178848425,0,0,0,1358.180523625,0.000780292570549944,0.184967092313334,"02",16.1494126196652,1.31705458814356,14.8936648820112,12.0823829365319,11.0909183008259,12.2739828930438,-11.1956788639464,28.3610261887992,0.0470808362604622
135,0.00457510497165238,15.4367872157143,26.3139593414286,0,-13.928958602,0,0,0,1351.94675385714,0.000734682767462085,0.175047329342775,"02",17.2595479052296,0.935278714451127,13.2237439614133,12.0968412323734,11.6551644052551,11.1947892252286,-29.5045922035408,12.9263311614247,0.0537592329609849
136,0.00452275304253918,17.6314792125,26.47594256875,0,-26.25655379625,0,0,0,1344.559514625,0.000682330838348884,0.163538575145904,"02",18.9247068583631,0.948059823448763,14.3411656020804,11.8404978753982,10.8726374490178,11.9370143473373,-30.5608447621726,8.90032826378336,0.0523989771838008
137,0.00446862953884301,19.6572905414286,25.5044490271429,0,-20.1736965542857,0,0,0,1336.19469785714,0.000628207334652715,0.151499457529875,"02",20.704159216131,0.937469593411586,14.0953641223155,11.4569172433519,10.674261201994,11.775722846003,-19.3881797407143,10.5892368602298,0.0594799010206141
138,0.0044136428490322,21.21701379625,25.48324098,0,-6.0955964425,0,0,0,1326.9142675,0.000573220644841905,0.1391180783922,"02",22.4391658000298,1.0478162335557,14.3125425426935,11.5371628117827,8.08660035543155,10.1280262714819,-5.42937312536011,6.46332682710257,0.0528235037857349
139,0.00435821092247173,22.7267904857143,26.2484362785714,0,0.650833160142857,0,0,0,1317.01422685714,0.000517788718281434,0.12647932160909,"02",23.9606732102678,1.07777045910335,14.1405755693661,11.0921387400463,3.10766970626786,7.56142920845189,1.21377325541667,1.41153685621953,0.0523440138980343
140,0.00430252339487671,24.2916466025,24.7599304975,0,2.130841538375,0,0,0,1306.34867,0.000462101190686415,0.113619374236229,"02",25.1880943585119,1.09733240762439,13.7478663780357,10.9881435378856,0.0163027740476191,0.0399316284723489,2.0083784818244,0.765405119939097,0.0440613279954278
141,0.00424672871321161,25.7505925514286,25.3848816057143,0,1.56136173228571,0,0,0,1295.05372857143,0.000406306509021315,0.100566659960706,"02",26.03312463875,1.11861931633881,14.5549177944357,9.2189801994348,7.55e-07,1.68823132301234e-06,2.40142007579286,0.823771362005562,0.0353237677895531
142,0.00419095105384338,27.12115620625,22.83643112125,0,3.012526507875,0,0,0,1283.065292,0.000350528849653085,0.0873453782603182,"02",26.7576014581429,1.03429016575538,14.8980621343,7.3752280202321,0,0,2.39844815124286,0.821172662943088,0.0310223899767292
143,0.00413534419191657,28.0043310614286,19.0345998485714,0,2.998416914,0,0,0,1270.60138971429,0.000294921987726275,0.0739882522648116,"02",27.3524400641071,0.961631402752452,18.18747079535,6.97242806315677,0,0,2.40021719124643,0.819686785387606,0.0232140982620605
144,0.00408020975282399,28.5695925625,22.87251997875,0,2.998074051,0,0,0,1257.805997375,0.000239787548633695,0.0605660860066655,"02",27.9241651508333,1.05173640022475,15.4273399885387,6.56764316131351,0,0,2.66165547110714,1.05548016761744,0.0100746895304899
145,0.00402629532382183,29.3756124657143,14.1183556047143,0,2.99811148314286,0,0,0,1244.73352914286,0.000185873119631534,0.0472643679151235,"02",28.1733547555952,1.07178298396361,12.2656801442202,4.9996253028965,0,0,2.57430918029762,0.851263750222473,-0.00739541819945648
146,0.00397948554290672,29.31840547875,3.655878218,0,2.998074051,2,1,0,1231.415462125,0.000139063338716425,0.0355702398917739,"02",28.3491130170238,0.906029879128652,11.1127054268452,4.34690212553283,0,0,2.49825011830952,0.773979979598181,-0.0165448663245828
147,0.0039632398500678,28.6455050414286,4.32447081171429,0,2.99811148314286,2,1,0,1218.32564028571,0.000122817645877505,0.0314795243550723,"02",28.5860074685969,0.848254533058073,12.6151406022194,4.96009251976276,0,0,2.56965353726531,0.731364007649878,-0.0186584014758771
148,0.00395719568360828,28.14112499,17.563026765,0,2.998074051,2,1,0,1205.506755875,0.000116773479417985,0.0299533033652164,"02",28.6813156359821,0.513909512777059,12.9445262881369,4.94004929072308,0,0,2.74825326282143,0.611988472242151,-0.0244753516436771
149,0.00396682200808479,28.3418465728571,17.3030862228571,0,2.99811148314286,2,1,0,1192.784957,0.000126399803894495,0.0323829619913392,"02",28.7118105147024,0.342894182709554,15.7838454042381,2.14471926107247,0,0,2.74825014347619,0.611977775116324,-0.0222241305148802
150,0.00397407372960292,28.83869519625,16.79579383875,0,2.998074051,2,1,0,1179.849341625,0.000133651525412624,0.0342093865134361,"02",28.8171967320238,0.392167722432409,17.260298790744,0.494230961722704,0,0,2.74825326282143,0.611988472242151,-0.0161645729514469
151,0.00395877989244893,29.3455832914286,17.6771198528571,0,2.99811148314286,2,1,0,1166.71855571429,0.000118357688258634,0.0303535594818642,"02",28.9251757036905,0.43896389622548,16.2808197134226,1.46591889244754,0,0,2.74825014347619,0.611977775116324,-0.00919261708163566
152,0.00392899817535139,29.67223416125,14.2030293075,0,2.998074051,2,1,0,1153.354109625,8.85759711610947e-05,0.0228021660202682,"02",28.9766987484524,0.424722581834706,16.1524644337798,1.35151190577518,0,0,2.74824606619643,0.612006100301264,-0.00409073075841135
153,0.00390470624625405,29.7427975814286,14.98753721,0,2.99811148314286,2,1,0,1139.95104614286,6.42840420637548e-05,0.0166002454388732,"02",28.9950335280952,0.391030132613052,14.7530513884524,5.35037621178661,0,0,2.74720309926191,0.614542499178313,-0.000410166742588203
154,0.00387024021937636,29.6665557275,3.92748987625,0,2.998074051,2,1,0,1126.49754325,2.98180151860647e-05,0.00773426754137585,"02",28.9814716738988,0.334599634575395,14.4271341170417,4.27834185229149,0,0,2.97167657652976,0.0647153593383614,0.00224605859814888
155,0.00382065083961751,29.0843032242857,6.141489791,0,2.99811148314286,2,1,0,1113.22999871429,-1.97713645727852e-05,-0.00516152445961193,"02",28.9347423395833,0.476313699909434,15.9762734236905,1.97454216096638,0,0,2.99810099180953,3.45784757000537e-05,0.0027599230352199
156,0.00376995261647083,28.51194319625,13.6638659275,0,2.998074051,2,1,0,1100.226439,-7.04695877194652e-05,-0.0185198762712897,"02",28.9323797600298,0.564572569651798,17.2660364265179,1.75573338014768,0,0,2.99809276707143,2.0502429020181e-05,-5.9707220559968e-05
157,0.00372925116282473,28.4838783328571,14.2094293357143,0,2.99811148314286,2,1,0,1087.37813528571,-0.000111171041365565,-0.0293748559235363,"02",28.9815808271429,0.692326123366886,17.1973933519048,2.48896084659824,0,0,2.99809276707143,2.0502429020181e-05,-0.00627077485616319
158,0.00374241022720246,28.55030205375,13.0665596375,0,2.998074051,2,1,0,1074.477087125,-9.80119769878355e-05,-0.0258524592451401,"02",28.9494779720536,0.693706049664213,15.2713591203572,2.11142105872075,0,0,2.99801767660715,0.000163612639266952,-0.0136545720695144
159,0.00378669669831362,28.5680366471429,12.1489846628571,0,2.99777368914286,2,1,0,1061.58336414286,-5.37255058766753e-05,-0.0140882537080111,"02",28.9622827390625,0.692561325143557,13.1508678475447,4.56956651634901,0,0,2.99512895175447,0.0059151795726141,-0.0157983366081314
160,0.00382714732131627,28.558495615,12.37909034,0,2.986256221875,2,1,0,1048.666590125,-1.32748828740254e-05,-0.00346260852204683,"02",28.9386481725893,0.587998108131999,12.7028823661339,6.82332139887031,0,0,3.32675259432143,0.657307177355899,-0.0143068106483701
161,0.00382666047190415,28.56569013,13.4394766285714,0,4.31271336,2,1,0,1035.77376528571,-1.37617322861455e-05,-0.00358982608831138,"02",28.9080978627678,0.449199629235567,15.1389025516205,3.7457105453314,0,0,2.99419963659822,0.00777380359238304,-0.0126876646463785
162,0.00380049336237195,28.628675145,14.374915365,0,2.98253896125,2,1,0,1022.83931625,-3.99288418183453e-05,-0.0104514187819928,"02",28.8629235097768,0.255681594585445,13.0850070611964,6.43084781959539,0,0,3.25930749132143,0.522416971417056,-0.0126900780260369
163,0.00378728377956389,28.65877066,13.2829911642857,0,4.042932948,2,1,0,1009.91129828571,-5.31384246264055e-05,-0.0139332278962447,"02",28.8279786132589,0.104106498274068,12.5943400203795,6.71243653485048,0,0,3.37308344687947,0.749993837204605,-0.0127424063220077
164,0.00378747818311039,28.69080423125,13.10528223125,0,4.498074202375,2,1,0,996.9386969375,-5.29440210799053e-05,-0.0138818986155709,"02",28.7685111419643,0.165716935108094,12.4703543020536,6.85189614281561,0,0,3.37286606057143,0.749534109826756,-0.0108000211287486
165,0.00380952842476889,28.6961769328571,11.9077379071429,0,4.497167225,2,1,0,983.987624214286,-3.08937794214052e-05,-0.00807690090085345,"02",28.688816949,0.2622888397559,14.4306536862,4.21486657813992,0,0,3.29789642903214,0.670381368308787,-0.00648973435645663
166,0.00383695458323086,28.6107619925,11.15122269625,0,4.497111076875,2,1,0,971.0236789625,-3.4676209594354e-06,-0.000903334876200645,"02",28.5232434257857,0.26866224966233,16.2067862871429,2.33910031672809,0,0,3.29790765865714,0.670406478513639,2.51664806545371e-05
167,0.00383775773933782,28.4239301242857,12.13326495,0,4.497167225,2,1,0,958.154499614286,-2.6644648524754e-06,-0.000694035542178284,"02",28.4458474146786,0.195791169051083,16.2310799906429,2.87513133734249,0,0,3.29752182135714,0.67059128389801,0.00710059661821205
168,0.00380811005193306,28.25753350625,11.26770149,0,4.497111076875,2,1,0,945.3395929,-3.23121522572355e-05,-0.0084492926386126,"02",28.5477676858214,0.334024990832548,14.4833602229429,3.44440785301431,0,0,3.41008256694286,0.654831135656661,0.0111542321713433
169,0.00376449041956123,28.0681090542857,11.0011666114286,0,4.49826793985714,2,1,0,932.627292385714,-7.59317846290653e-05,-0.0199698036767826,"02",28.7414689634286,0.693996271739623,11.4956967020786,4.66552346903321,0,0,3.44936948623214,0.66749674728959,0.0104432691646085
170,0.00373002630467358,27.86866735,11.03807374375,0,3.769294969,2,1,0,919.9808663125,-0.000110395899516715,-0.0291670229707517,"02",28.8205056581786,0.967963571684502,13.70688543985,5.39578864480176,0,0,2.99744478325714,0.00340549371184951,0.00664980049802208
171,0.00373004396860667,27.66764041,13.7828049528571,0,3.001135113,2,1,0,907.4494944,-0.000110378235583625,-0.0291622873765895,"02",28.5257674615179,0.994543638502442,16.8594692161161,1.60679295276826,0,0,3.32004049016518,0.643911756427866,0.00226310371800782
172,0.00377088783598794,27.5375327325,17.3468480625,0,4.285908123125,2,1,0,894.969707825,-6.95343682023553e-05,-0.0182718350872877,"02",28.5997120364732,0.846122254509659,14.748565784692,3.56994318821863,0,0,3.11170035417857,0.227227652280388,0.000962652062475833
173,0.00382192635617512,27.6702882642857,17.4560485357143,0,3.45254183157143,2,1,0,882.5258826,-1.84958480151753e-05,-0.00482773220514154,"02",28.7653957155804,0.733434662343033,13.9014863074018,6.79236132806307,0,0,2.99785198569643,0.000494355156808751,0.00339058153857277
174,0.00387419105671524,27.94941758,17.97654864625,0,2.9971109255,2,1,0,869.9495239625,3.37688525249447e-05,0.0087545716641042,"02",28.8946044532143,0.547806036801556,14.0235751747071,5.77956231323113,0,0,2.99809651028572,2.0502429020181e-05,0.00681921688354227
175,0.0039250863992717,28.2232365942857,16.3112806057143,0,2.99811148314286,2,1,0,857.269964542857,8.46641950814049e-05,0.021806053420165,"02",28.8639554778571,0.458025184286825,16.3228675861429,1.41723664737363,0,0,2.99808902385714,2.0502429020181e-05,0.00917769964487578
176,0.00396285449947103,28.27433985375,15.1975912975,0,2.998074051,2,1,0,844.4882428375,0.000122432295280734,0.0313822884226296,"02",28.7490769289286,0.37363846824917,16.4725500535357,1.21866593638205,0,0,2.99809651028572,2.0502429020181e-05,0.00885000437115667
177,0.00396418974613279,28.2309791814286,15.84491233,0,2.99811148314286,2,1,0,831.737473028571,0.000123767541942495,0.031719172284844,"02",28.7036819358571,0.29807769151788,16.4803360238214,0.89479149267446,0,0,2.99808902385714,2.0502429020181e-05,0.00584576615848498
178,0.00393299855531614,28.21230810125,15.352667095,0,2.998074051,2,1,0,818.97628575,9.2576351125845e-05,0.0238198159494827,"02",28.8458367248661,0.432765612398081,13.6103379960804,4.86940215254042,0,0,2.99810212510715,1.87160714300028e-05,0.00111331108111775
179,0.00388803989862452,28.2713821828571,14.4928197028571,0,2.99811148314286,2,1,0,806.228893128571,4.76176944342248e-05,0.0123228386549634,"02",28.9750332125447,0.585316261537856,15.4336779481875,1.46398716496094,0,0,2.99808340903571,1.87160714300028e-05,-0.00412550317488591
180,0.00384613601832626,28.312206725,14.97358719375,0,2.998074051,2,1,0,793.4358917375,5.71381413596488e-06,0.00148670311843535,"02",28.9507338261161,0.510763633253178,15.6500810769286,3.38388163151654,0,0,2.99810212510715,1.87160714300028e-05,-0.00859591170945527
181,0.00384276118001687,28.35406587,17.3231654428571,0,2.99811148314286,2,1,0,780.651665385714,2.33897582657466e-06,0.000608855918434514,"02",28.7687139833036,0.359554909154934,13.4214485002768,7.0355121669267,0,0,2.99808340903571,1.87160714300028e-05,-0.0108131633842822
182,0.00388225475408615,28.46915675,16.2177349325,0,2.998074051,2,1,0,767.808309025,4.18325498958549e-05,0.0108337971920704,"02",28.4918519728125,0.375188700896426,15.5283659947768,3.91078617282634,0,0,2.99810212510715,1.87160714300028e-05,-0.00937068506816363
183,0.00392550032905865,28.6181385542857,16.3511852814286,0,2.99811148314286,2,1,0,754.925848914286,8.5078124868355e-05,0.0219115053541703,"02",28.3837059917857,0.519485311511852,17.3409912437053,1.62520925000835,0,0,2.99808340903571,1.87160714300028e-05,-0.00487485913478371
184,0.00396569464999271,28.8161731425,16.702562635,0,2.998074051,2,1,0,741.940925425,0.000125272445802415,0.032098724814202,"02",28.4215023861428,0.649676022091577,15.1081118419643,1.98555559229511,0,0,2.99809651028572,2.0502429020181e-05,0.000684854580613662
185,0.00399319526510883,29.0079626185714,16.5843730642857,0,2.99811148314286,2,1,0,728.889307742857,0.000152773060918534,0.039009418181104,"02",28.4811871178929,0.665851871979005,15.5808121266072,1.41674999836433,0,0,2.99808902385714,2.0502429020181e-05,0.00449328589180088
186,0.00396859683780346,29.03393363,13.563957415,0,2.998074051,2,1,0,715.75619445,0.000128174633613165,0.032830280460094,"02",28.4622614261071,0.60473651211233,15.9508494121429,1.12603022397824,0,0,2.99809651028572,2.0502429020181e-05,0.0040105652631378
187,0.00391989094598837,28.9017961185714,14.3656558571429,0,2.99811148314286,2,1,0,702.681132614286,7.94687417980744e-05,0.0204815234229985,"02",28.4445086699286,0.590335930436902,15.8722368175357,1.51037738398252,0,0,2.99808902385714,2.0502429020181e-05,-0.000507923147668639
188,0.00386769456733373,28.85791345875,13.773149395,0,2.998074051,2,1,0,689.62034525,2.72723631434347e-05,0.00707630074820909,"02",28.4440949701071,0.58759561969982,15.8245862541071,1.38435327908171,0,0,2.99809651028572,2.0502429020181e-05,-0.00768691462534024
189,0.00381512053624505,28.8409923928571,13.7632627142857,0,2.99811148314286,2,1,0,676.592456085714,-2.53016679452453e-05,-0.00661004980757429,"02",28.5843808348214,0.541381939091594,15.6565199726786,1.5963946002926,0,0,2.99809276707143,2.16114577565687e-05,-0.0169802957875512
190,0.00376387055571792,28.77000295125,13.6895754875,0,2.998074051,2,1,0,663.5688193375,-7.65516484723754e-05,-0.0201344779877726,"02",28.5924326133036,0.499801690367237,15.76409657,1.24037392263664,0,0,2.99809276707143,2.16114577565687e-05,-0.02498583999123
191,0.0037194914917837,28.6724191142857,15.5550130314286,0,2.99811148314286,2,1,0,650.599164557143,-0.000120930712406596,-0.0319953455327155,"02",28.6118481150447,0.521383754841028,16.0696961205804,1.43245130865754,0,0,2.99809276707143,2.16114577565687e-05,-0.0327057543026965
192,0.00372189465817127,28.66759357375,14.24860756625,0,2.998074051,2,1,0,637.6397268,-0.000118527546019025,-0.0313494533943155,"02",28.5580065434822,0.602115601265929,15.9080145788393,2.012485486445,0,0,2.99761052241518,0.000977126035979048,-0.0394113006390975
193,0.00376638675879069,28.6471813142857,13.4983338871429,0,2.99811148314286,2,1,0,624.7005951,-7.40354453996053e-05,-0.0194661865882901,"02",28.5651129780804,0.584422531297439,15.6161671564286,1.43908752860966,0,0,2.68406403975,0.628044977509795,-0.042182835342246
194,0.00381667617808066,28.600718515,13.9995961925,0,2.998074051,2,1,0,611.7598792,-2.37460261096351e-05,-0.00620237599900264,"02",28.7471858377232,0.372124058768144,13.3089123086518,6.24050798090456,0,0,2.62336209341518,0.749473824901179,-0.043687786312651
195,0.00386223747277057,28.5747336542857,16.42558085,0,2.99811148314286,2,1,0,598.8565114,2.18152685802745e-05,0.00566436198852838,"02",28.9534248261161,0.463107816621524,12.7989141613482,6.3857993905374,0,0,2.62332883167857,0.749515393612476,-0.0428089463965569
196,0.00388893150651121,28.652915155,16.39046712875,0,2.998074051,2,1,0,585.924233975,4.85093023209148e-05,0.0125521330219396,"02",28.9967439342857,0.575285613547584,13.9253517758393,2.99928803342659,0,0,2.62218593601786,0.748769041800331,-0.0411046658157393
197,0.00390204487124913,28.6815073857143,11.2452199977143,0,2.99352118442857,2,1,0,572.972027057143,6.16226670588347e-05,0.0159184317112979,"02",28.8285390401786,0.57986842185102,16.5310690070982,1.65462436780263,0,0,2.87629074327232,1.03466046873898,-0.0402328961226625
198,0.00391356584491529,28.3952743525,16.58034954375,0,4.009921697375,2,1,0,560.0715212875,7.31436407249942e-05,0.0188666291419626,"02",28.7728949857143,0.488687464698606,16.9762128120536,0.37107355340897,0,0,2.99765766467857,1.22404986026211,-0.0395435233799443
199,0.00392728200180605,28.3910789357143,17.3435309671429,0,4.49637122457143,2,1,0,547.263251428571,8.68597976157546e-05,0.0223652738804132,"02",28.8084597528571,0.356010218330402,16.286498454375,0.918747812237186,0,0,3.11157029979018,1.04686809066577,-0.0366496528778276
200,0.00395931031489099,28.56858553625,14.91166339875,0,4.497111076875,2,1,0,534.3827894,0.000118888110700694,0.0304875368464979,"02",28.8649812616518,0.306179841773294,15.6980048823661,1.31387251207956,0,0,3.37333755737947,0.749220316594927,-0.0296839344024297
201,0.00400561463856378,28.5976373757143,13.97850905,0,4.497167225,2,1,0,521.476776071429,0.000165192434373485,0.042114725914109,"02",28.892373009375,0.399387034252088,16.0226913253125,1.74943458849807,0,0,3.37285202354018,0.749506035764263,-0.0197056841644679
202,0.00403710402864968,28.59877011125,13.6848906675,0,4.497111076875,2,1,0,508.5526484875,0.000196681824459385,0.0499452995076561,"02",28.8909060828571,0.447725146718637,15.83299456555,2.38071197420458,0,0,3.29790765865714,0.670406478513639,-0.00833769236642556
203,0.0040151257672342,28.5904604271429,15.2871936671429,0,4.497167225,2,1,0,495.639300428571,0.000174703563043905,0.0444863605538348,"02",28.8738178088929,0.287527655287836,12.8530298355714,5.70302890324998,0,0,3.29789642903214,0.670381368308787,-0.00190638421352096
204,0.00396878433839527,28.628102435,15.555728295,0,4.497111076875,2,1,0,482.7048436875,0.000128362134204974,0.0328775254097708,"02",28.90282468875,0.31678681435686,10.2149936321786,6.32093207595029,0,0,3.29791629463214,0.670401650816217,0.00148818912216333
205,0.00392404576548814,28.6762157614286,15.1211105371429,0,4.497167225,2,1,0,469.766589728571,8.36235612978447e-05,0.0215408944850628,"02",28.963989025,0.709267972751156,10.7046132265536,6.7388845660947,0,0,3.299152882175,0.66968455858296,0.0025765572748135
206,0.00390288864632907,28.72644616625,14.9532266,0,4.497111076875,2,1,0,456.7949954125,6.24664421387745e-05,0.0161346475342015,"02",29.0691955547143,0.859002387726464,12.8880834607857,5.55425722621473,0,0,3.02979968230714,1.00489986357956,0.00228590258718274
207,0.00391793750162005,28.7577813442857,14.9406920171429,0,4.497167225,2,1,0,443.815323942857,7.75152974297547e-05,0.0199830577135289,"02",29.0755343945357,0.82624120578018,15.53736545855,1.97062679282569,0,0,2.99807541106071,1.05999007645604,0.00334642799641313
208,0.0039635333177356,28.781589555,14.67664861125,0,4.497111076875,2,1,0,430.8139311,0.000123111113545305,0.0315535690273032,"02",28.8437837171428,0.704356157948431,16.0185681842411,1.19922121686521,0,0,2.99810680419643,1.22398152854588,0.00586321241452683
209,0.00401536241700368,28.8308069257143,15.1567157014286,0,4.497167225,2,1,0,417.8038148,0.000174940212813384,0.0445452983813306,"02",28.8056749182589,0.601402009660671,16.4094439099107,1.35782102661599,0,0,2.99807873011161,1.22395096536567,0.00922536618890479
210,0.00406789700733057,28.8727490975,15.13764055875,0,4.497111076875,2,1,0,404.764850175,0.000227474803140275,0.0575438490808136,"02",28.7823693808036,0.474988413866907,16.8350413487947,2.19596598805855,0,0,2.99789660782143,1.22432480291813,0.0126388652437213
211,0.00411927959099593,28.9032873314286,15.0357385757143,0,4.497167225,2,1,0,391.722765671429,0.000278857386805635,0.070095980191569,"02",28.7724836487054,0.217715201403106,16.3936297379464,3.15120729957086,0,0,3.02810224018303,1.17543429936809,0.0145796037635458
212,0.00416368649228315,28.94267782125,14.79088468125,0,4.497111076875,2,1,0,378.650089875,0.000323264288092854,0.0808185462954158,"02",28.7514867250446,0.417675949783821,16.1603069121875,3.3271812917425,0,0,3.37601921475893,0.747455514395773,0.0184613028078115
213,0.00416408501683761,28.9871897485714,15.07857012,0,4.497167225,2,1,0,365.571073785714,0.000323662812647315,0.0809142560647711,"02",28.4286403188214,0.773212957498736,17.519717752,2.27988903446214,0,0,3.29796398786071,0.670343620091308,0.0222848841145726
214,0.00411928645593369,29.03838067375,15.1613955625,0,4.497111076875,2,1,0,352.4580039375,0.000278864251743395,0.0700976467285743,"02",28.437225175,0.835816413850543,16.7197523711429,0.95712491497539,0,0,3.29790765865714,0.670406478513639,0.0245287327587874
215,0.0040685083583886,29.0775453414286,15.4812196342857,0,4.497167225,2,1,0,339.339068985714,0.000228086154198305,0.0576941245444056,"02",28.47538651875,0.890667474693126,15.9782213845357,1.45367495465415,0,0,3.29789642903214,0.670381368308787,0.025998562067272
216,0.00401973764956059,29.11908802,15.69879871,0,4.497111076875,2,1,0,326.1877995875,0.000179315445370295,0.0456343284728478,"02",28.47914728675,0.901554296113906,15.7308068708929,1.66719488240172,0,0,3.29809983822857,0.670836205099071,0.0281498123747645
217,0.00399289148515891,29.08312432,16.1439141771429,0,4.49812812285714,2,1,0,313.037857428571,0.000152469280968614,0.0389333408851877,"02",28.7119374306696,0.825624643286624,15.6939276305357,1.99213496711062,0,0,3.29516421947768,0.594130427693585,0.0306947764810646
218,0.00396848695691849,29.03669398,17.3683039775,0,4.186359860625,2,1,0,299.9131730625,0.000128064752728195,0.0328025924867648,"02",28.6517336523661,0.748051167231475,15.6859881736161,2.36648229277465,0,0,2.99923448785268,0.00370574772633159,0.0306792522736398
219,0.00392605333227897,29.0834069485714,15.9835873757143,0,3.00461784114286,2,1,0,286.787484371429,8.56311280886743e-05,0.0220523700112816,"02",28.5517047875,0.695743084178472,16.0925837765134,2.08394540867481,0,0,2.80396843870536,0.388039161435493,0.0285044724142214
220,0.00387633083030235,29.111852805,15.9893012,0,2.99777848125,2,1,0,273.6358342,3.59086261120549e-05,0.00930673411650407,"02",28.4560603933036,0.70490427214417,16.6690344855804,1.63117280993284,0,0,2.62378954950893,0.748618912713916,0.024944348662762
221,0.00383812457427862,29.1394682842857,15.4005651642857,0,2.99811148314286,2,1,0,260.484130771429,-2.2976299116754e-06,-0.000598454365570156,"02",28.4096437683036,0.8292359938657,16.5711660495982,2.25394641417505,0,0,2.62332883167857,0.749515393612476,0.0196893080426952
222,0.00382895610456669,29.1498261875,14.97382038375,0,2.998074051,2,1,0,247.3108761875,-1.14660996236053e-05,-0.00299010099799624,"02",28.4064111014286,0.850213560271448,15.8933172242411,2.14020783937334,0,0,2.62333351069643,0.749530990338663,0.0142406064791364
223,0.00384106718432987,29.0423840642857,12.8657388585714,0,2.99811148314286,2,1,0,234.163130957143,6.44980139574702e-07,0.000167931007041489,"02",28.4473971737054,0.822977860400705,15.36356481875,1.46759338794828,0,0,2.62332883167857,0.749515393612476,0.010979287819978
224,0.00386150010653814,28.896347285,14.1957904325,0,2.998074051,2,1,0,221.0721955375,2.10779023478449e-05,0.0054734269113057,"02",28.5236248054018,0.754815458740905,14.605560579692,0.991541516066221,0,0,2.62333351069643,0.749530990338663,0.0142430227302326
225,0.00387192124949392,28.7620140042857,13.2538195571429,0,2.99811148314286,2,1,0,208.050281242857,3.14990453036245e-05,0.00816852097494447,"02",28.6415096403571,0.615763702612687,13.4763132712947,0.551802353480942,0,0,2.62348820528572,0.749196646398279,0.0172589495335729
226,0.00386426596210195,28.62620786125,12.70378514375,0,2.998074051,2,1,0,195.08712975,2.38437579116548e-05,0.00618943502902525,"02",28.6275480281696,0.595662339655166,13.9387610837053,2.8583523464926,0,0,2.81617846244643,0.363841087058846,0.0215846369662232
227,0.0038674379962552,28.5262591771429,13.0713187185714,0,2.99811148314286,2,1,0,182.185367057143,2.70157920649046e-05,0.00700996159503209,"02",28.5274270858929,0.562877770635158,14.3478364528482,2.84198042011409,0,0,2.99836794585714,0.000563111493125111,0.0258127402028383
228,0.00387228161378572,28.4207135875,12.70569401875,0,2.998074051,2,1,0,169.321259125,3.18594095954248e-05,0.00826158782484931,"02",28.4015790724107,0.465559338589654,15.6731402433928,2.45877835096259,0,0,2.99809276707143,2.16114577565687e-05,0.0291475799639059
229,0.00386386330486279,28.3070942114286,12.2317957785714,0,2.99811148314286,2,1,0,156.5128776,2.34411006724946e-05,0.00608522941465317,"02",28.3809416778214,0.34432975612738,14.009334866775,3.65624350371783,0,0,2.99770322813214,0.000871236602439398,0.0322783963234484
230,0.00387813295333833,28.20771165875,12.17132132375,0,2.998074051,2,1,0,143.7475425,3.77107491480347e-05,0.00977153041247636,"02",28.4865381102232,0.332984738014175,13.1644235514598,3.40715709660196,0,0,2.99759818534375,0.000968970106916599,0.0359038660494351
231,0.00388999145422982,28.0795179614286,12.5621265171429,0,2.99806213485714,2,1,0,131.036239614286,4.95692500395249e-05,0.012824650876472,"02",28.3069021896786,0.519425217687262,16.7523146423357,5.09378870816242,0,0,2.44770435443214,0.767233302136569,0.039759405608588
232,0.00385844205472014,27.9443805425,9.60102873775,0,3.015946195,1.25,0.625,0,118.380015525,1.80198505298447e-05,0.00468117955119673,"02",28.0129899003572,0.691168738378521,15.5599797952214,7.10992163185887,0,0,2.98361711660357,1.06765536556578,0.0457281754151359
233,0.0038119711591547,27.5217883871429,5.10967842771429,0,4.50344949042857,0,0,0,105.832644228571,-2.84510450355951e-05,-0.00743588941001594,"02",27.6271561930714,0.828020129434434,15.9522446152429,6.36109143777854,5.15526e-05,0.000115275118016856,3.28538468266786,0.677983209485454,0.0481939458353845
234,0.00377821014982393,26.881089915,9.93481384825,0,4.497154256625,0,0,0,93.55158714875,-6.22120543663654e-05,-0.0163319169799614,"02",27.05090910875,0.965819065524401,14.8653993087857,10.1775666169547,1.20647239262857,2.69062500620928,3.20786136708214,0.747203289470965,0.0487872857282486
235,0.00377376776327307,26.5529335228571,3.75807532985714,0.0127633915714286,4.497167225,0,0,0,81.4829734771429,-6.66544409172252e-05,-0.0175084000144006,"02",26.3808363359821,1.24141664361384,13.7074370560119,10.890647629612,5.93800360824107,7.67478441002685,3.05193395146726,1.0286587513873,0.0484235127730239
236,0.00379420908212045,25.99794530875,3.743245556375,10.835208246625,4.497269966,0,0,0,69.59621481125,-4.62131220698454e-05,-0.0121063306277653,"02",24.9961372410417,1.18099545602967,13.828836616003,11.0853781923915,9.08108885497023,9.95798799499014,2.70765531034821,1.31079200628871,0.0475194212949679
237,0.0038396051169912,24.6584979171429,3.805793095,17.3820402257143,4.49442827985714,0,0,0,58.1189165242857,-8.17087199095345e-07,-0.000212782363064434,"02",23.4981954297619,1.01435362662444,14.1454088349464,11.6703062385069,9.44015631401785,10.439641511562,0.724550438255951,1.80219677705293,0.0493173051767798
238,0.00389291129547664,23.25344551625,3.5778565265,16.94359624125,0.690393955375,0,0,0,47.31060986125,5.24890912863446e-05,0.0135749728071639,"02",21.8875135775893,0.917030138934234,14.2303754918155,11.8149994747381,10.303215005,11.2943003936798,-8.53499930384524,7.91814784240634,0.0560688663865285
239,0.00394764694254623,21.6845018528571,3.64741113914286,20.1872079028571,-15.5936236982857,0,0,0,37.1323062714286,0.000107224738355935,0.027537380388261,"02",20.1910415828214,0.960723198532391,12.5530734068321,12.5898112225408,11.6151834589286,10.6218438244309,-22.3511064405714,6.58139371016982,0.077404408319652
240,0.00400296061890121,20.055839375,3.542574506625,19.32385831875,-29.8564965375,0,0,0,27.75453695125,0.000162538414710914,0.0414519314448984,"02",18.0934826027381,1.86282766288662,14.5450555515417,12.2351236455138,8.93137950550595,9.79605677219437,-17.8843911813452,11.1847318115819,0.0921943644863755
241,0.0040584974425896,18.8842882357143,3.628991692,18.1050508942857,-18.1367809442857,0,0,0,19.0612314328571,0.000218075238399305,0.0552305061193268,"02",16.1480015378571,2.28549807606624,16.3849111365944,12.1221852101801,8.40654441321429,10.8624699169602,-2.93855434512754,20.4080222193226,0.0963484881679552
242,0.00411405023743412,17.488250595,3.79844205825,25.288450655,-8.930380957625,0,0,0,10.961602918,0.000273628033243825,0.0688256911962437,"02",13.4072856588552,3.06786436376965,15.549528872498,11.7524206904357,9.67468147763889,12.0741178622886,59.3018831829782,57.1597553774849,0.109316486999994
243,0.00416938777714827,14.9256546957143,3.34037744214286,27.8491105985714,48.8818352614286,0,0,0,3.774732271,0.000328965572957975,0.0821868973825488,"02",5.09992393997143,5.76934025089671,9.713166713065,9.42216543179092,12.8825237314286,19.7382881363436,42.8294832917285,182.297961141442,0.122151179136932
244,0.00422396335744416,12.1903893725,3.04370869925,26.27096272125,167.683341,0,0,0,-2.2863467035,0.000383541153253865,0.0951915595909014,"02",4.36890966399256,5.12033843188059,9.26675596024479,8.58971441938827,12.6653306316443,20.1011344779687,76.3750428001116,231.011996928597,0.132039797273517
245,0.00427488864808579,10.03353259,2.90387859142857,20.7155728457143,309.095510828571,0,0,0,-7.244819741,0.000434466443895495,0.107175742608137,"02",3.49539511913776,4.64307584806526,7.87321178789371,7.21555030231951,13.5658595367262,21.1229306347705,64.2206516193441,238.958831202277,0.14618945161264
246,0.00429968536818541,8.6770969805,4.79309384975,5.84673688725,437.2720271,0,0,0,-10.72670497225,0.000459263163995115,0.112959537488145,"02",9.42604748697194,2.62302328631267,11.0672273848469,7.57367597065281,10.1309680919898,12.6398801325788,260.417048160272,207.001553463831,0.174960678720944
247,0.00433597112626623,7.79571502642857,15.28228233,0.0196863835714286,524.4089312,0,0,0,-12.3160285385714,0.000495548922075935,0.121363292504236,"02",8.3176958898244,2.22439898395686,10.1678570869464,8.06031382754326,10.0905896399375,11.5326718391285,280.342956377222,189.95272469362,0.177122795186628
248,0.00438674782779087,7.566543877875,17.52915243125,0,539.394558475,0,0,0,-11.65951438125,0.000546325623600574,0.133005826027491,"02",8.96527780460045,2.7820182537625,9.92816230645982,7.55919311281262,10.6389034870067,11.7901128497227,282.102694958988,204.537151812096,0.177248188130007
249,0.00443523940933387,8.14958251371429,20.7785315642857,0,470.684713442857,0,0,0,-9.15887129042857,0.000594817205143575,0.143999283060365,"02",3.68874515167517,4.78368882704623,6.91185042690051,6.44319572157208,14.6500301272024,20.9756039096071,76.8295900449904,222.671705174973,0.151159685181109
250,0.00445673953282713,9.844309319,24.9661205875,0,222.0879975875,0,0,0,-5.31050146575,0.000616317328636835,0.148835139071446,"02",4.27342520216926,5.27208167065852,7.63982747896506,7.34244943478012,14.2412799716071,20.2647224120309,70.7968701684549,234.183529775939,0.142169474114865
251,0.00442156112550257,12.0281283171429,26.0294305314286,0,46.8151792728571,0,0,0,-0.593227722714286,0.000581138921312275,0.140910516559775,"02",4.68176885233286,5.25095004557992,9.017834069805,8.50046744321782,13.2095559152286,19.865157587582,80.0273747281071,226.884166461373,0.129988734208943
252,0.00437083249919704,14.2513718675,26.4511992575,0,-5.14076309025,0,0,0,5.09696724675,0.000530410295006745,0.129371181489367,"02",10.2366311771539,4.41560174745672,15.1819606769451,10.1172185086798,8.70602675822802,11.7617668705568,76.2657946880192,204.213065399441,0.125005770690816
253,0.00431759228941486,16.5170945742857,26.5761206585714,0,-26.6193869828571,0,0,0,11.8443079442857,0.000477170085224564,0.117115594029568,"02",13.8153821524696,3.16724874237951,14.3744201910732,11.6868129571764,11.236058395375,12.4082651054807,52.4786567689179,58.0497667344237,0.112208686700262
254,0.00426341920596081,18.68061415375,26.07695779375,0,-32.1253629975,0,0,0,19.714999095,0.000422997001770515,0.104489156705871,"02",16.4900373750893,2.3266274032684,14.7904212060201,12.0952088589232,9.61885772334821,10.6251918681779,-4.83833267002231,19.643381494305,0.0992854868857144
255,0.00420898382682645,20.5440747242857,26.4799827242857,0,-22.5905236457143,0,0,0,28.5488978428571,0.000368561622636154,0.0916389354157428,"02",18.9314696237755,1.0476371576842,13.0542990106607,12.0200996166893,10.4160193359694,9.76719141924136,-21.2551913870102,8.45476914299118,0.0806334060333298
256,0.00415477114863823,22.2798324475,25.625461015,0,-7.018891344375,0,0,0,38.23500893,0.000314348944447935,0.0786750367101119,"02",20.4547182556888,0.962618028301964,13.0020452247577,11.9518386712502,11.1804464567857,10.4750766182325,-19.036883399898,8.29031535324416,0.0787750987121803
257,0.00410150477148274,23.8933966357143,25.4138696742857,0,2.01641641242857,0,0,0,48.6709624514286,0.000261082567292445,0.0657716125895691,"02",22.0826467116837,0.983527059403356,12.708587068199,11.5125753215266,11.2518408958929,10.6113267495164,-7.21708598109949,8.0253238602812,0.060790410117569
258,0.00405183015686831,25.35672986625,24.52895788875,0,3.374359244,0,0,0,59.82062465,0.000211407952678015,0.0535863587092402,"02",23.6639529279592,1.02457628835802,12.6683208720969,11.3476529893664,10.5747111585459,9.99160974392862,1.26310441562755,2.17643678026325,0.0548206482367625
259,0.00402742602518341,26.76290428,24.53853389,0,3.77557106114286,0,0,0,71.5951139957143,0.000187003820993114,0.0475451576996049,"02",25.1392526792857,1.14265746833807,12.388037893199,10.813694162545,9.33167733949234,9.11450306985148,2.9633145468699,1.37453431616818,0.0541445048419383
260,0.00406108776239529,27.7497532525,21.05754328,0,3.000013526125,0,0,0,83.95149017625,0.000220665558204994,0.0558685485228168,"02",26.67237174375,0.961304263699614,11.8059370495607,11.0435783104795,3.37351404195357,4.91768448201158,3.66246047448572,0.880105271413719,0.0557492808605155
261,0.00410628624150864,28.2323248257143,19.9251644271429,0,2.99811148314286,0,0,0,96.6098751128571,0.000265864037318345,0.0669367179005382,"02",27.56830243625,0.878697689211493,15.472549235125,7.34628952803397,6.444075e-05,0.0001288815,3.3737684494375,0.748924382175154,0.0561979684781013
262,0.00413325462124497,28.61402405875,18.55279048,0,2.998074051,0.375,0.125,0,109.458090675,0.000292832417054674,0.073482829106001,"02",28.0073731125,0.699654383224154,13.9857245605,6.91783028187559,0,0,3.35835602882143,0.763998292413698,0.0546578988652861
263,0.00412149094681779,28.7303137942857,16.2614114728571,0,2.99811148314286,3,1,0,122.428093628571,0.000281068742627495,0.0706326668548183,"02",28.27593729,0.574561885192195,16.6268602550625,5.74231540753697,0,0,2.62419829921875,0.759712983192511,0.0508171112326446
264,0.00410208427077969,28.6751285425,16.1604575875,0,2.998074051,3,1,0,135.3937290875,0.000261662066589395,0.0659128920419647,"02",28.5687073588571,0.354033522155522,15.7648096756786,2.5197332773806,0,0,2.74681005905714,0.561878555798446,0.0456579417506696
265,0.00410465414633161,28.6393040142857,17.8897467842857,0,2.99811148314286,3,1,0,148.335074285714,0.000264231942141315,0.0665391763080576,"02",28.5708417868929,0.271670350655014,13.5333073859893,3.15299462057757,0,0,2.99769574170357,0.000867002030304281,0.0415267069637273
266,0.0040974454628324,28.76184540875,17.51078245625,0,2.998074051,3,1,0,161.2992128875,0.000257023258642105,0.0647814104863746,"02",28.47937463125,0.368140723085035,15.4149429232143,2.03734247256557,0,0,2.99810399671429,1.67401631956911e-05,0.0377926292912436
267,0.00407098549986095,28.8577869014286,16.6839511742857,0,2.99811148314286,3,1,0,174.318998357143,0.000230563295670655,0.0583027966636065,"02",28.5539905366429,0.486312844381496,14.87068849385,2.82867543102663,0,0,2.99808153742857,1.67401631956911e-05,0.0331221800928678
268,0.00403810747808039,28.80174903,13.7876613175,0,2.998074051,3,1,0,187.3491844875,0.000197685273890095,0.0501938253599352,"02",28.7041801535,0.589178557303117,13.7595824082428,2.84467765321395,0,0,2.99832413974286,0.000496704349539219,0.0277970389188464
269,0.00399045146452183,28.6138131271429,13.8605432757143,0,2.99811148314286,3,1,0,200.325228228571,0.000150029260331534,0.0383220629613126,"02",28.8053328791071,0.616163212593408,13.768319362,2.518576071481,0,0,2.85255009372857,0.32542238642134,0.0225544295029271
270,0.00393718855023166,28.38242360875,14.48622297625,0,2.998074051,3,1,0,213.197160225,9.67663460413647e-05,0.0248845924659022,"02",28.8158050986071,0.620705138155357,13.9364817257143,0.770180885052382,0,0,2.69842034728572,0.670108827022731,0.0183558136575493
271,0.00388375724972495,28.1665683371429,14.4162937857143,0,2.99811148314286,3,1,0,225.974255057143,4.33350455346549e-05,0.011220738550934,"02",28.7048378987143,0.745438026875927,14.958880273325,0.580087957341836,0,0,2.69827413232857,0.670393923198159,0.0164230512378814
272,0.003831907189508,27.94634411,16.48882709625,0,2.998074051,3,1,0,238.647297575,-8.51501468229548e-06,-0.00221966954739905,"02",28.4839063685268,0.852251760227793,15.0310519252678,1.90566429973746,0,0,2.62333818971429,0.749521632302951,0.0177395108542142
273,0.0037878905509881,27.8533358114286,15.6740998371429,0,2.99811148314286,3,1,0,251.253267385714,-5.25316532021952e-05,-0.0137730279106041,"02",28.4332716322321,0.878238335620704,16.4203376055357,1.19857005598998,0,0,2.62332415266071,0.749524751648188,0.0206840574811037
274,0.00379402525897635,27.76739163625,16.17011372875,0,2.998074051,3,1,0,263.8160511375,-4.63969452139455e-05,-0.0121547801434314,"02",28.4070542925,0.826164630379166,16.6778522447322,2.1613336001552,0,0,2.62333818971429,0.749521632302951,0.0242647535073994
275,0.00383804688900627,27.6666390328571,16.02491691,0,2.99811148314286,3,1,0,276.341182028571,-2.37531518402535e-06,-0.000618694994821034,"02",28.4491565234822,0.696059572826262,16.8162184945089,1.49983827996172,0,0,2.62370629903572,0.748563427007963,0.0269990063919259
276,0.00388393990147968,27.58059575625,15.352178845,0,2.998074051,3,1,0,288.8163468875,4.35176972893845e-05,0.0112677670965908,"02",28.5445933233928,0.688213729505194,16.091155320442,2.0840417591657,0,0,2.80567827867857,0.389191181948374,0.0282818991788466
277,0.00393010368221987,27.4940802314286,17.0262352071429,0,2.99811148314286,3,1,0,301.262875371429,8.96814780295746e-05,0.0230834976196483,"02",28.7287257178929,0.670316568770072,16.0224513343929,2.1831665360919,0,0,3.23665956240714,0.530908306170305,0.0303521357219781
278,0.00395988266510296,27.49068964625,17.3517472475,0,2.998074051,3,1,0,313.6760687875,0.000119460460912665,0.0306320844538002,"02",28.7861748085357,0.734028596216641,15.7839249398572,1.73693663494501,0,0,3.53575700015357,0.744424377892282,0.029779380436162
279,0.00396033308670611,27.53981933,17.1005622685714,0,2.99811148314286,3,1,0,326.112302028571,0.000119910882515815,0.0307458241817002,"02",28.7139792759375,0.846222849382399,15.3883680214732,1.71005533943487,0,0,3.373096927,0.750020797445668,0.0284094135554581
280,0.00392363248229181,27.5663265075,16.985006065,0,2.998074051,3,1,0,338.5564611625,8.32102781015143e-05,0.0214355682540095,"02",28.7026515215625,0.844623500311946,15.7265252144196,1.54765028932389,0,0,3.37285202354018,0.749506035764263,0.0255422626859457
281,0.00387675961306974,27.5858462414286,16.6057917571429,0,2.99811148314286,3,1,0,351.014795085714,3.63374088794446e-05,0.00941734362374458,"02",28.6500699083929,0.793368073466203,16.7482425246429,1.10274183055049,0,0,3.37285670253572,0.749540348517231,0.0230175938452831
282,0.00383525818385775,27.63326903875,21.26229152125,0,2.998074051,3,1,0,363.4954445,-5.16402033254532e-06,-0.00134555393556024,"02",28.6274831388393,0.730448211516433,16.5840743096875,1.04610436302106,0,0,3.37293647207589,0.749449755531923,0.0199218403095593
283,0.00379020023212001,28.1430512557143,20.8743889057143,0,2.99811148314286,3,1,0,376.1644154,-5.02219720702854e-05,-0.013163459825825,"02",28.6240411708036,0.667983830518651,16.2572825660714,3.51095745934524,0,0,3.37600985672321,0.747461823070855,0.0152988265444479
284,0.00375753938238653,28.823188835,21.12035145875,0,2.998074051,3,1,0,389.0476213125,-8.28828218037655e-05,-0.0218179853914258,"02",28.6024492538839,0.374240148614984,16.3321390996875,3.02822843886496,0,0,3.02811159821875,1.1754339807641,0.0115260105835585
285,0.00375964715255699,29.3375065971429,18.59650201,0,2.99811148314286,3,1,0,402.192911771429,-8.07750516333052e-05,-0.0212571984108658,"02",28.6537899402679,0.318433765318851,17.4660037109822,3.0624328525783,0,0,2.99788724978572,1.22432480087134,0.00981838163005282
286,0.00378958130370111,29.61388198,17.54463424375,0,2.998074051,3,1,0,415.51361405,-5.08409004891853e-05,-0.0133267701800932,"02",28.7365810725447,0.481526591036515,16.6724108514732,1.70772689177422,0,0,2.99808808814732,1.22395096546107,0.00801652746859496
287,0.00380004213907897,29.8439876,16.65218724,0,2.99811148314286,3,1,0,428.9438845,-4.03800651113252e-05,-0.0105701533847187,"02",28.7862573121429,0.596590079759911,16.2416799351786,1.41923496733014,0,0,2.99809744616072,1.22398152864128,0.00540178206376751
288,0.00379012176834883,30.037428825,13.21449989775,0,2.998074051,3,1,0,442.47703605,-5.03004358414654e-05,-0.013184161787855,"02",28.8350607869196,0.724372602398929,16.11808184875,1.71161223309793,0,0,2.99807575107589,1.22397111196013,0.00361736209944823
289,0.00379945299936839,29.8255300357143,3.32012196028571,0,2.99811148314286,3,1,0,456.020633542857,-4.09692048219052e-05,-0.0107252004465366,"02",28.8801119344643,0.863421121574345,15.2800738359107,1.72884684554197,0,0,3.03772173209822,1.16017811360024,0.00352052522673008
290,0.00381764690507908,29.39544460625,3.4408242765,0,2.998074051,3,1,0,469.4015205,-2.27752991112154e-05,-0.00594807002645048,"02",28.8561251296875,0.770184356813878,12.520560464067,6.21012542524833,0,0,3.37442258996875,0.748464885346597,0.00390685451949819
291,0.00381731569131557,28.85274342,12.9218329114286,0,2.99811148314286,3,1,0,482.568641428571,-2.31065128747255e-05,-0.00603483240435576,"02",28.9153450059375,0.364362628961844,9.53828381236608,7.08656018179237,0,0,3.37286749750447,0.749533151908191,0.00352300483691073
292,0.00378505938161636,28.66636292125,18.254932065,0,2.998074051,3,1,0,495.5412801875,-5.53628225739354e-05,-0.0145207337462603,"02",28.9256815308036,0.303804595758876,11.5025542782143,5.58636644175911,0,0,3.37285202354018,0.749506035764263,0.000436164643848791
293,0.003735262145348,28.8238911328571,17.30399097,0,2.99811148314286,3,1,0,508.526566557143,-0.000105160058842295,-0.0277643065378337,"02",28.9076598203571,0.515175527890742,15.4652454644375,2.57981717628098,0,0,3.37285670253572,0.749540348517231,-0.0101037482001899
294,0.00368204720747167,29.03658679125,17.17553012375,0,2.998074051,3,1,0,521.5953161,-0.000158374996718625,-0.042113404565594,"02",28.8334258826429,0.370143649271988,15.61385487025,1.7694991578171,0,0,3.59771506383214,0.821058102500684,-0.0258877251723256
295,0.00362861635403427,29.2303834385714,16.8138724242857,0,2.99811148314286,3,1,0,534.759566114286,-0.000211805850156025,-0.0567309021180655,"02",28.8057021165714,0.296445031731907,15.5407365856429,1.19095017497366,0,0,3.59809226127857,0.820714138249627,-0.0357010815273225
296,0.00357664531772863,29.43278594625,16.86571281875,0,2.998074051,3,1,0,548.0064906875,-0.000263776886461665,-0.0711570086347288,"02",28.7249835894286,0.360414769356789,16.4979049569286,0.925492681482488,0,0,3.38853048474643,1.09794549941955,-0.0425511455536516
297,0.0035347487900981,29.5824861942857,16.1583331471429,0,2.99811148314286,3,1,0,561.341860914286,-0.000305673414092195,-0.0829400741099002,"02",28.6973708590714,0.455665499177848,16.8970401583929,0.36689675927714,0,0,3.20011047121786,1.15267481957572,-0.0453845386321349
298,0.00353196872769444,29.68191005,14.01519978225,0,2.998074051,3,1,0,574.7276803625,-0.000308453476495855,-0.0837268785806877,"02",28.7991327092857,0.506467374544398,15.4738992052214,2.76430394473829,0,0,2.89973683150357,0.897574681820468,-0.0458480289060585
299,0.00354681752991617,29.3832468471429,3.377110692,0,2.99811148314286,3,1,0,588.109218971429,-0.000293604674274126,-0.0795315764368594,"02",28.9895958766071,0.580660652607598,15.2116635585982,2.53393511279397,0,0,2.62332415266071,0.749524751648188,-0.0464703456995072
300,0.00355038164716667,28.5518849325,3.954305948,0,2.998074051,3,1,0,601.1887030625,-0.000290040557023625,-0.0785272034833193,"02",28.9338794509375,0.481310504031216,12.8076925916607,6.39240309216423,0,0,2.62333818971429,0.749521632302951,-0.0476562772350654
301,0.00354015657778116,27.79051189,15.5201157214286,0,2.99811148314286,3,1,0,613.9081678,-0.000300265626409135,-0.0814113501758937,"02",28.7536820529018,0.368317373628137,12.7024161442768,5.94765753946801,0,0,2.62335273537947,0.749467586210704,-0.0474363273440159
302,0.00353856967809405,27.7010180225,17.6010587775,0,2.998074051,3,1,0,626.425298425,-0.000301852526096245,-0.081859707581307,"02",28.5815266453214,0.507453755210839,15.1926005025714,1.56533486434965,0,0,2.74687352842857,0.561743295172962,-0.0444545002176416
303,0.00356566613243137,27.85967996,16.0405356014286,0,2.99811148314286,3,1,0,638.9801529,-0.000274756071758925,-0.0742314177288614,"02",28.5799239495357,0.523745416597089,15.5761331763214,1.89428078740981,0,0,2.99770322813214,0.000871236602439398,-0.0390184898047836
304,0.00361455124218082,27.8649796675,14.9648122325,0,2.998074051,3,1,0,651.5703648375,-0.000225870962009476,-0.0606145977407397,"02",28.6239623148929,0.452343380684308,15.96675950275,1.26171205122555,0,0,2.99809651028572,2.0502429020181e-05,-0.0326320380715461
305,0.00366678724680534,27.7994686957143,16.6353549271429,0,2.99811148314286,3,1,0,664.150550785714,-0.000173634957384955,-0.0462664392486385,"02",28.6279466808929,0.44006538406712,15.3491923535,1.41937420904959,0,0,2.99808902385714,2.0502429020181e-05,-0.0260139043999871
306,0.00371773333828913,27.8221806875,16.69991176125,0,2.998074051,3,1,0,676.7027944375,-0.000122688865901165,-0.032468143792876,"02",28.6357031464286,0.482691103423742,15.277868521,1.621185183492,0,0,2.99809651028572,2.0502429020181e-05,-0.018132545340882
307,0.00375284401889909,27.8488462857143,16.3048214328571,0,2.99811148314286,3,1,0,689.285711242857,-8.75781852912052e-05,-0.0230683513776242,"02",28.5929071412054,0.559217668957387,15.7045274594196,1.56816811615559,0,0,2.99809276707143,2.16114577565687e-05,-0.00922505830056863
308,0.0037478167222317,27.8979551,15.53566400625,0,2.998074051,3,1,0,701.8696624,-9.26054819585954e-05,-0.0244088458912817,"02",28.5811470624107,0.583262387225829,15.9563800203571,1.73044866981203,0,0,2.99809276707143,2.16114577565687e-05,-0.00289801542202994
309,0.00374377356160187,27.9400730757143,15.8809512271429,0,2.99811148314286,3,1,0,714.491093285714,-9.66486425884251e-05,-0.0254882324464072,"02",28.5928085137054,0.611548350424192,15.9683239583929,1.29944463341295,0,0,2.99809276707143,2.16114577565687e-05,0.0010606854921833
310,0.00375157911387482,27.95529031375,15.5435237275,0,2.998074051,3,1,0,727.104409525,-8.88430903154755e-05,-0.0234054605678065,"02",28.6126613189286,0.689861230227304,15.5901342263839,1.63574490682139,0,0,2.99809276707143,2.16114577565687e-05,0.00170341124584015
311,0.00377575215640482,27.9793154028571,15.5474816357143,0,2.99811148314286,3,1,0,739.747208514286,-6.46700477854754e-05,-0.016982699533842,"02",28.5320491319643,0.693758861682444,14.9982693935268,2.27511294743819,0,0,2.99809276707143,2.16114577565687e-05,-0.00108190083083191
312,0.00381649905276794,28.02092658875,18.713794345,0,2.998074051,3,1,0,752.3817643,-2.39231514223555e-05,-0.00624878533790874,"02",28.3733031953125,0.529491878149523,16.5494130663839,1.49995773659616,0,0,2.99809276707143,2.16114577565687e-05,-0.00501225175509621
313,0.00384532768487519,28.2577254971429,17.6043484514286,0,2.99811148314286,3,1,0,765.097163242857,4.90548068489459e-06,0.00127651336412615,"02",28.4326522457143,0.437887643059256,15.8057274681696,4.13973745283031,0,0,2.99809276707143,2.16114577565687e-05,-0.00830596522493465
314,0.00386200270400258,28.4801931825,16.62069591,0,2.998074051,3,1,0,777.9053603,2.15804998122847e-05,0.00560357445302717,"02",28.7130970619643,0.429469133864761,13.6673616356339,7.1998812324714,0,0,2.99809276707143,2.16114577565687e-05,-0.0091714896005513
315,0.0038686694832015,28.70444374,17.0454381614286,0,2.99811148314286,3,1,0,790.824250028571,2.82472790112047e-05,0.00732833538395194,"02",28.8946711867411,0.557020669814793,15.5438955140714,3.33176304450671,0,0,2.99809276707143,2.16114577565687e-05,-0.00700348700011455
316,0.00384993766775995,28.7480285925,17.28443819375,0,2.998074051,3,1,0,803.8023477,9.51546356965476e-06,0.00247464834847655,"02",28.9641369994197,0.591325638812342,15.3739279401071,1.36478966658861,0,0,2.99809276707143,2.16114577565687e-05,-0.00346548802254967
317,0.00383283359829262,28.8170395314286,17.7056085085714,0,2.99811148314286,3,1,0,816.800637942857,-7.58860589767513e-06,-0.00197793697206361,"02",28.8285839901339,0.435662235685311,13.505045417375,4.75452968417177,0,0,2.99809276707143,2.16114577565687e-05,0.000804186275799612
318,0.00384262568094157,29.00231814625,16.74757913375,0,2.998074051,3,1,0,829.8556385,2.20347675127484e-06,0.000573594434727376,"02",28.6290228832589,0.285144266425057,16.4135252463393,1.01871383971735,0,0,2.99809276707143,2.16114577565687e-05,0.00531854898610922
319,0.0038605203980038,29.2046410685714,16.4449436814286,0,2.99811148314286,3,1,0,843.011783071429,2.00981938135048e-05,0.00521968282615504,"02",28.6351858940179,0.315699996389882,16.4794516465625,1.40708137863044,0,0,2.99809276707143,2.16114577565687e-05,0.00848697221665651
320,0.00386885290390451,29.37700251375,16.506489815,0,2.998074051,3,1,0,856.23429105,2.84306997142148e-05,0.00737574608963509,"02",28.7356937188839,0.412361775413232,16.2769620289286,1.63218590188867,0,0,2.99809276707143,2.16114577565687e-05,0.00899750428935171
321,0.00386928184906675,29.2578497685714,3.80440695657143,0,2.99811148314286,3,1,0,869.517200528571,2.88596448764548e-05,0.00748661134729378,"02",28.803793124375,0.587489536619957,16.5783672292411,1.01227685473433,0,0,2.99809276707143,2.16114577565687e-05,0.00688595632991742
322,0.00387677244575566,28.4951356675,10.986083174125,0,2.998074051,3,1,0,882.557195925,3.63502415653646e-05,0.00942065377594137,"02",28.5463742253214,0.802057896239973,14.6123987530643,6.09336621541937,0,0,3.08878995487143,0.203343931501857,0.00430372751009658
323,0.00389245460395599,28.1760291428571,17.6463186685714,0,2.99811148314286,3,1,0,895.343700314286,5.20323997656945e-05,0.0134576523073076,"02",28.3872761756786,0.873262347144418,15.2682222402536,3.30281469876312,0,0,3.34654190796786,0.560782561606076,0.00309981730133845
324,0.00390759790908667,28.32931979375,17.17292712375,0,2.998074051,3,1,0,908.0910514,6.71757048963748e-05,0.0173405296964111,"02",28.3541420512143,0.942928520076469,16.2441363634643,1.95691346067277,0,0,3.25625941473214,0.575592642818242,0.00575481383962975
325,0.00393065168832817,28.6161404785714,17.0465484585714,0,2.99811148314286,3,1,0,920.966184871429,9.02294841378746e-05,0.0232229259746628,"02",28.4157648250357,0.819426314980863,12.3214075551714,4.8950859839911,0,0,3.15168148042857,0.345273029833086,0.0106294475501081
326,0.00397278296962289,28.7497270725,16.9116723025,0,2.998074051,3,1,0,933.928038725,0.000132360765432595,0.0338845385873316,"02",28.4022524742857,0.435498664938168,12.7917656972643,2.75068812186919,0,0,3.74940826400357,0.746426768995359,0.0138224994803187
327,0.00400295693841782,28.7088353257143,17.2653420214286,0,2.99811148314286,3,1,0,946.914548728571,0.000162534734227525,0.0414510120041802,"02",28.4993953225595,0.321399235789067,13.9474171007857,3.3488156932639,0,0,3.59125398526488,0.734834369011954,0.0133324015946717
328,0.00398082033464865,28.76095791875,16.8901774825,0,2.998074051,3,1,0,959.8863610875,0.000140398130458355,0.0359056018091257,"02",28.4421945329464,0.175349384864635,15.5481108172024,3.06786334715138,0,0,3.49746272196429,0.774346381437634,0.00796666685825542
329,0.00394542383021143,28.7931397785714,17.0592146928571,0,2.99811148314286,3,1,0,972.892444357143,0.000105001626021135,0.0269740730516723,"02",28.5378298535714,0.242940541631458,15.3641923553274,2.93886022753168,0,0,3.49777489502679,0.774104224372066,0.000128333298082891
330,0.00390069834346507,28.809651875,17.2013208075,0,2.998074051,3,1,0,985.8915286375,6.02761392747746e-05,0.0155732895668343,"02",28.6717924498214,0.257504239907931,13.3188507461286,3.93786362024584,0,0,3.59771506383214,0.821058102500684,-0.00631338251819032
331,0.00386539251491148,28.8060466842857,17.0088690871429,0,2.99811148314286,3,1,0,998.915026671429,2.49703107211845e-05,0.00648092340246542,"02",28.7355867352857,0.116394987744984,12.5041322944643,5.84181525359457,0,0,3.59790020250357,0.821328761782036,-0.0100059719836084
332,0.00388174543121281,28.78891479625,17.4687848375,0,2.998074051,3,1,0,1011.9120705,4.13232270225147e-05,0.0107025960460652,"02",28.7896456521726,0.105853414075247,13.5535981085863,5.5820613707834,0,0,3.42222970311012,0.672648863563396,-0.0107972821044603
333,0.00390825154092253,28.7662848285714,17.8247499528571,0,2.99811148314286,3,1,0,1024.92183228571,6.78293367322343e-05,0.0175077877340275,"02",28.8165824558214,0.244551717725806,14.32755082185,6.00406194045698,0,0,2.99498200590714,0.00695589860460033,-0.0096007828714246
334,0.00390367594392011,28.7773994275,18.01276698125,0,2.998074051,3,1,0,1037.912574125,6.32537397298148e-05,0.01633634895214,"02",28.8342476595,0.421614907804913,15.2212545131536,3.397662770354,0,0,3.26101688565714,0.587916202379782,-0.00930787010469746
335,0.00386415098153773,28.79227947,17.0698065814286,0,2.99811148314286,3,1,0,1050.92564185714,2.37287773474345e-05,0.00615967976036114,"02",28.9147736591071,0.607630721439178,12.35263066975,6.74001603701506,0,0,2.99512895175447,0.0059151795726141,-0.0119331681024552
336,0.00381636744291189,28.8216714625,16.80712246,0,2.998074051,3,1,0,1063.931330625,-2.40547612784052e-05,-0.00628327037775289,"02",28.9475594468304,0.706292183443018,13.0887878814286,4.57991160865428,0,0,2.99801767660715,0.000163612639266952,-0.0138750185382208
337,0.00378485313335068,28.8478256914286,17.3611201614286,0,2.99811148314286,3,1,0,1076.96884028571,-5.55690708396155e-05,-0.0145752253298488,"02",28.9214880314732,0.720722813535348,16.4989494302232,2.90031924684887,0,0,2.99808340903571,1.87160714300028e-05,-0.0108709172360585
338,0.00381158458988043,28.91404172625,16.89051524375,0,2.998074051,3,1,0,1090.0064235,-2.88376143098654e-05,-0.00753730383582685,"02",28.8772706580803,0.592611435232216,17.0512785465625,2.06418844564394,0,0,2.99810212510715,1.87160714300028e-05,-0.00370365473756618
339,0.00385369251828936,28.98782038,15.6601936328571,0,2.99816083157143,3,1,0,1103.10585471429,1.32703140990646e-05,0.00344947466765166,"02",28.8612412038839,0.480163672803143,16.6040226154464,2.13522184498194,0,0,2.99808340903571,1.87160714300028e-05,0.00199142267396556
340,0.00386246584381975,28.82854215375,15.29933702625,0,2.83957690775,3,1,0,1116.156212125,2.20436396294547e-05,0.00572348944856849,"02",29.040458543125,0.364776593104843,13.1183887787768,4.80031523920225,0,0,2.99811446221429,3.55946309393031e-05,0.00364008386797899
341,0.00383451503625757,28.6243980542857,15.9018802471429,0,1.49277347628571,3,1,0,1129.14242771429,-5.90716793272533e-06,-0.00153933999984091,"02",29.0953429945982,0.433664479196557,13.4192332740625,6.40937378407835,0,0,2.95845912322322,0.0792548122798373,0.001636257604457
342,0.00380737833331362,28.4774132625,15.18045286,0,1.49899384575,3,1,0,1142.020628,-3.30438708766754e-05,-0.0086414585419563,"02",29.0400422313393,0.496268592915854,16.2820623676786,1.12220636504809,0,0,2.62176762339286,0.752662764944944,-0.00230021254052836
343,0.00378250973613586,28.31972581,16.7426781714286,0,1.49905574157143,3,1,0,1154.85822471429,-5.79124680544353e-05,-0.0151945684929053,"02",29.1478906724643,0.546650838876965,15.3757967793214,1.36855582984158,0,0,2.69827298280714,0.670417418875514,-0.00707883040048686
344,0.00376265328089711,28.18273069125,16.67646310875,0,1.4990370255,3,1,0,1167.601364375,-7.77689232931852e-05,-0.0204579406713439,"02",29.0099258312857,0.521548382867521,16.5708147228571,1.40421210746171,0,0,2.69828536197143,0.670389738222677,-0.0135866366998023
345,0.00375354691221117,28.0649375614286,16.8000368942857,0,1.49905574157143,3,1,0,1180.31781728571,-8.68752919791255e-05,-0.0228810727501561,"02",28.8008700730655,0.388219042338569,17.1293767655357,0.496222560003812,0,0,2.74824702413095,0.611985415920486,-0.0217616795586562
346,0.00372975526435091,27.95257822125,16.29326618375,0,1.4990370255,3,1,0,1192.956889375,-0.000110666939839385,-0.0292396900624121,"02",28.6589585230102,0.342831856202898,16.0008798068979,2.04032140791056,0,0,2.78394462057143,0.566582739673553,-0.0282915852377934
347,0.00368341468180503,27.8263315814286,15.9707421557143,0,1.49905574157143,3,1,0,1205.566326,-0.000157007522385265,-0.0417420838439613,"02",28.604145543699,0.511636965796945,13.6043120705459,4.83569644549726,0,0,2.78394194684694,0.566589813683624,-0.0305229799779986
348,0.00363868116504117,27.6819260175,15.64781106625,0,1.4990370255,3,1,0,1218.0915185,-0.000201741039149125,-0.0539610094203979,"02",28.7366877104464,0.820198029161366,12.109695524881,5.23230672508793,0,0,2.74808962255953,0.6118992622383,-0.0221886622703292
349,0.00361529201566665,27.4899892014286,15.3973463057143,0,1.49905574157143,3,1,0,1230.56783828571,-0.000225130188523646,-0.0604096767095337,"02",28.5209377801429,0.897042116171523,10.2557772510714,4.2558199413203,0,0,2.69808899365714,0.670290564063072,-0.0205325763595783
350,0.003618365543599,27.28644965875,15.02441248375,0,1.4990370255,0.375,0.125,0,1242.92547875,-0.000222056660591295,-0.0595598913811157,"02",28.3507357749643,1.09540780563651,11.7139336763143,5.3816480027361,0,0,2.78936361125714,0.74762918849427,-0.0121376430341528
351,0.00364541212278934,27.0689743085714,15.39173572,0,1.49905574157143,0,0,0,1255.21847757143,-0.000195010081400955,-0.0521128838642797,"02",27.9552903041429,1.13527060236018,13.3412257140179,6.33886061542609,0,0,2.89389036955714,0.993469264765954,-0.00224511410221425
352,0.00368779371600768,26.85535400375,17.36371126,0,1.4990370255,0,0,0,1267.38097725,-0.000152628488182615,-0.0405539381933,"02",27.3224451633214,0.971324194098001,14.193579895225,8.73006324432752,0,0,2.33810246906071,0.773532088014239,0.00744669222548106
353,0.00371183486845506,26.7324650942857,10.8185214161429,0,1.49905574157143,0,0,0,1279.49321357143,-0.000128587335735236,-0.0340559805958849,"02",26.66974853375,1.07750073401864,13.7712121283857,8.06935035015636,0,0,2.09993453128571,0.81997398120232,0.0161455619750646
354,0.00372126714781866,26.250365175,3.38696583125,3.775e-06,1.4990370255,0,0,0,1291.468290125,-0.000119155056371635,-0.031518067312323,"02",25.9836268771071,1.2414835720634,12.4260139246643,8.0821939612552,0,0,2.10149818595714,0.825087492570071,0.0258561315225594
355,0.00375188056936861,25.3436768142857,3.62642646128571,0.0978128692857143,1.49865358328571,0,0,0,1303.14593642857,-8.85416348216854e-05,-0.0233251095034595,"02",25.0723547947857,1.28248020990958,12.2150573380714,10.6175224271796,7.55e-07,1.68823132301234e-06,1.81140149264643,0.664082980641463,0.0329814444716115
356,0.00379920369806835,24.0023437325,3.891437390625,18.54217141075,-0.871821569,0,0,0,1314.303053,-4.12185061219451e-05,-0.010790817647969,"02",23.9657214260714,1.19447510236315,12.1896175372143,11.0139917935723,0.0207693653714286,0.0431478080330234,1.927309197475,0.65502602102502,0.0384037981040637
357,0.00384972487765492,21.8741029857143,3.60003484557143,22.4756344757143,-15.2527701145714,0,0,0,1324.68323685714,9.30267346462487e-06,0.00241937577041185,"02",22.7114967160357,0.994240740061736,12.5813370934036,11.605720733193,5.21000032288929,8.12970766894667,-1.12215803980357,3.35716467509382,0.0477191116818881
358,0.00389518587419838,19.98037449,3.525879594,22.75899233625,-33.67991399875,0,0,0,1334.078679875,5.47636700080848e-05,0.014159089486359,"02",21.1763534706071,0.731060610621836,12.1494881255786,11.4723074651542,9.75767422436786,10.4788064610453,-13.0134074811571,8.40359600250196,0.0516084872371606
359,0.00390190162685362,18.0702129914286,3.47455383185714,22.1424771528571,-38.0193405228571,0,0,0,1342.57922571429,6.14794226633246e-05,0.0158817209542752,"02",19.50556491375,0.718252778130202,12.1399651392393,11.6254168247359,12.38085758825,11.3894802273228,-29.5281279871786,8.82704891932373,0.0462184483387458
360,0.00385822646640764,16.251278885,3.443528316875,23.6956219275,-13.138844494375,0,0,0,1350.069374,1.78042622173448e-05,0.00462530354554058,"02",18.289650723648,1.05073935409977,16.0799158960944,11.7351988121433,8.27007555846939,10.5087129662952,-31.7056576635459,10.2794770967183,0.0453739955179523
361,0.00380654562709531,13.8459929314286,3.574832251,26.8806624414286,51.0845845728571,0,0,0,1356.65411185714,-3.38765770949855e-05,-0.0088601910126469,"02",16.6774401271652,1.08862015779133,14.8811300796183,12.0958476349278,10.4986451397545,11.4926636566037,-22.3336695009107,14.5340662532327,0.0437901875973381
362,0.00375302362997994,11.03578400875,3.08576991275,26.18302179875,180.77403435,0,0,0,1362.144237375,-8.73985742103553e-05,-0.0230204925331838,"02",14.5403268416295,1.34404460369126,14.9626167693058,12.209028736798,12.3044899808259,13.2069514222767,25.2833488187768,52.4031811630875,0.0404927253246977
363,0.00369898392966264,9.22154986328571,2.82482455628571,17.7369310942857,345.570641685714,0,0,0,1366.67703014286,-0.000141438274527655,-0.0375241402356625,"02",13.0909348573701,1.9337505417716,15.8021593891153,11.8875255274735,10.8583977324188,12.6579598622831,97.9160157807581,106.508423103896,0.0346532358597209
364,0.00364509096525012,8.81555720425,6.308851361625,0.078507965,451.3588583875,0,0,0,1370.07629825,-0.000195331238940175,-0.0522009868461284,"02",11.2624237677827,1.68431925546412,13.6374142179717,11.138205431484,10.5334591699702,11.7100942594587,226.584753654048,152.513115868513,0.0236145291872921
365,0.00359220091255,8.56314188542857,11.3383172477143,0,506.229826285714,0,0,0,1371.74421857143,-0.000248221291640296,-0.0668172255505777,"02",10.4628079259417,1.63340898075041,13.8618493480238,9.78275310362432,6.64852398393095,10.1918879658213,309.347808040881,170.938025067896,-0.0668172255505777
366,0.00354362544664937,8.551357918,16.461415605,0,510.6594748125,0,0,0,1370.880067625,-0.000296796757540925,-0.0804319668364331,"02",10.8157835935036,1.75815997357779,13.0027437910905,10.0988883994772,8.44056814669286,11.2478866125694,278.709482024905,173.446207778704,-0.0736245961935054
367,0.00352656997532892,9.195448694,21.4207033571429,0,421.495549057143,0,0,0,1367.91855428571,-0.000313852228861375,-0.0852565870635491,"02",11.831114766377,1.55485152697446,13.3607333761528,12.0580716444597,12.7157711849603,12.4578574459796,161.511039657381,113.520463066944,0.0436754078716438
368,0.00355911841015203,11.00467351,26.58007355625,0,176.58935186875,0,0,0,1363.518572875,-0.000281303794038265,-0.0760694309065926,"02",14.1509331935317,1.71618636174289,13.6429671185774,12.0872292799042,13.8465490717064,13.1917450056648,42.5600916555794,71.3386592875912,0.0457854934795212
369,0.00356991737779437,13.4020469542857,26.8390439428571,0,22.9114267727143,0,0,0,1358.24802157143,-0.000270504826395925,-0.0730398555417597,"02",15.8215994822024,1.57637456445798,16.1362985980377,11.9009758934604,9.85859404517858,12.0617963708107,-6.31818249192461,30.2970966992434,0.0378884191902707
370,0.00356935705758896,15.89219692375,26.29288779625,0,-16.130623063625,0,0,0,1351.81091925,-0.000271065146601335,-0.0731968239272547,"02",17.4874397354762,0.783226763832808,11.0455533222738,11.651023984777,13.5976918061309,10.8945536966993,-31.7335870601935,12.6005290745078,0.0474114301165729
371,0.00359658692759205,17.8965403385714,25.6906837828571,0,-24.3041802771429,0,0,0,1344.31081414286,-0.000243835276598245,-0.0655969877130493,"02",19.2663395933631,0.869529853494802,10.6957299213423,10.9834031732777,14.0077941823512,10.938818216161,-30.9433300764583,8.62265712065127,0.047482478646432
372,0.00364353638750328,19.69690499625,24.22517062875,0,-24.50322922375,0,0,0,1335.844069375,-0.000196885816687015,-0.0526275631142008,"02",20.9056100601071,0.891175195555684,12.0694028210286,11.5452283192636,12.8091134423929,11.7962962416102,-18.3651698441071,11.5028606110998,0.0535795081714133
373,0.00368937095949389,21.51022228,23.9197889871429,0,-10.1984765018571,0,0,0,1326.57013971429,-0.000151051244696405,-0.0401263366588731,"02",22.6249545040357,1.05523350738449,12.3910932538036,11.7767950609944,9.70392042651786,10.4212865617564,-4.47555245006071,6.73757656637127,0.0507390940759865
374,0.00370443921631753,23.18744377375,24.2892516375,0,0.017098457125,0,0,0,1316.4378695,-0.000135982987872765,-0.0360504199343126,"02",24.1153190975714,1.12810519221192,12.1108403557393,11.0858350837801,3.72920364752143,8.28080499058275,1.453108215075,1.43559611267331,0.0464510516425445
375,0.00368738845459548,24.6321142928571,23.7251533857143,0,2.993665586,0,0,0,1305.64206214286,-0.000153033749594815,-0.0406638368757308,"02",25.2992903716429,1.18846071285793,11.7524089765,11.0027381229125,0.0195633288571429,0.043742822932143,1.81132106098928,0.664130291237954,0.0361051277207631
376,0.00367381960095564,25.8974619425,22.07844768625,0,2.998369620875,0,0,0,1294.18685325,-0.000166602603234655,-0.0443504243316371,"02",26.2001252691071,1.15503932318794,12.3029325404143,8.24557990094285,7.55e-07,1.68823132301234e-06,2.10155729993214,0.825033520229426,0.031071967780276
377,0.00366336630907847,26.68764094,18.5330760642857,0,2.99811148314286,0,0,0,1282.29709457143,-0.000177055895111825,-0.0471998270298943,"02",26.7911440708929,1.03417359998655,14.6641891734429,7.24859589735215,0,0,2.09863325971429,0.821157351704493,0.0239112793397635
378,0.00363132306648894,27.19569698,22.10174059,0,2.997915161875,0,0,0,1270.1050285,-0.000209099137701355,-0.0559852450681282,"02",27.3270955298214,0.968441083919644,16.84546982135,6.6698726730488,0,0,2.10044530718571,0.82053014668514,0.016014157959316
379,0.00360501788117553,28.0160693657143,22.2457459571429,0,3.00049761842857,0,0,0,1257.665191,-0.000235404323014765,-0.0632555770344858,"02",27.9057843078571,1.1747990909229,14.0636587948179,6.32220079419548,0,0,2.59388704164286,1.16537709778928,0.00274166287399229
380,0.00360686170191154,28.965782935,21.67952853625,0,4.285908123125,0.5,0.125,0,1244.767412125,-0.000233560502278755,-0.0627442482737077,"02",28.3451058570408,1.0787746396704,12.530348067148,4.61741862304656,0,0,2.63485236641837,0.793431357292647,-0.0134687277677431
381,0.00360972197550638,29.7151725471429,17.6141462628571,0,3.45254183157143,4,1,0,1231.51717871429,-0.000230700228683915,-0.0619515536156259,"02",28.487583368699,0.904595703217492,10.0474443970102,4.86721335460699,0,0,2.56965353726531,0.731364007649878,-0.0223354336819557
382,0.0036214349172682,29.97456914,8.59821369125,0,2.9971109255,4,1,0,1217.99012325,-0.000218987286922095,-0.0587119747058162,"02",28.4891114245357,0.617414673222269,12.8119918916072,5.52468466804888,0,0,2.69828536197143,0.670389738222677,-0.025508963400828
383,0.00366077207794009,29.4552963757143,3.49442803642857,0,2.99811148314286,4,1,0,1204.55310328571,-0.000179650126250206,-0.0479082328624845,"02",28.5265194880357,0.387833570633767,14.8345459384786,1.92712263579274,0,0,2.69828161875714,0.670398108304271,-0.0266056135726596
384,0.00371169127935214,28.76711834625,12.73260441775,0,2.998074051,4,1,0,1191.39696325,-0.000128730924838155,-0.034094665473182,"02",28.7007489483929,0.382168599967234,16.3940936015357,1.719521566812,0,0,2.69828536197143,0.670389738222677,-0.023303270056544
385,0.00375946528899684,28.6432141757143,17.2365273728571,0,2.99811148314286,4,1,0,1178.45558757143,-8.09569151934554e-05,-0.0213055720870843,"02",28.8519932432857,0.427975962148905,17.2650530743214,0.552413595337931,0,0,2.69828161875714,0.670398108304271,-0.0166319365092321
386,0.00378891537732989,28.77543074375,16.6499202925,0,2.998074051,4,1,0,1165.47503,-5.15068268604054e-05,-0.0135025111966529,"02",28.9551246956786,0.483874531080677,16.2069995976071,1.6264308094108,0,0,2.69828536197143,0.670389738222677,-0.00958442563754632
387,0.00382813914725352,29.0135588271429,14.7732607328571,0,2.99811148314286,4,1,0,1152.43271571429,-1.22830569367753e-05,-0.00320348669271819,"02",28.9693267327143,0.474424904257884,16.4283051739643,1.30865185772361,0,0,2.69827298280714,0.670417418875514,-0.0040100722069847
388,0.00385402093566005,29.0209976325,17.646381525,0,2.998074051,4,1,0,1139.30337775,1.35987314697546e-05,0.00353469251191285,"02",28.9898407072143,0.436953619219436,14.1743853611429,5.7681668860955,0,0,2.69702890891429,0.673199252667898,-5.15431739971978e-05
389,0.00384968228308095,29.1884884971429,17.79237356,0,2.99811148314286,4,1,0,1126.17730242857,9.26007889065451e-06,0.00240831139312281,"02",28.94006830925,0.35649593937472,13.75408622845,4.41393365421405,0,0,2.96638959520714,0.0708904498615547,0.00226080885223742
390,0.00383882670468327,29.4889578025,13.89438151125,0,2.998074051,4,1,0,1112.898401875,-1.59549950702522e-06,-0.000415535297101144,"02",28.8796858673214,0.484267497796488,16.2964422127232,2.16855015218386,0,0,2.99810510417857,4.11292000852524e-05,0.00234989890968329
391,0.00383390000503597,29.5208210942857,18.7764169242857,0,2.99811148314286,4,1,0,1099.58243285714,-6.52219915432553e-06,-0.00169974634289005,"02",28.8938246667857,0.592439562059655,16.9336273171429,2.05402836587703,0,0,2.99809276707143,2.16114577565687e-05,-0.00104031507976562
392,0.00384240123694846,29.72451346375,17.47913503625,0,2.998074051,4,1,0,1086.19248025,1.97903275816471e-06,0.000515183712233025,"02",28.9280265887054,0.719633217648054,16.6374488555804,2.93298452042138,0,0,2.99809276707143,2.16114577565687e-05,-0.00684179235347671
393,0.00385832671368687,29.9631096571429,16.0020629471429,0,2.99811148314286,4,1,0,1072.72217257143,1.79045094965747e-05,0.00465128594319886,"02",28.9549074449554,0.704288266329126,13.0231168510714,4.50507204680814,0,0,2.99800831857143,0.000157411776222789,-0.0135453164990101
394,0.00385549691537778,29.98482754875,7.00909387,0,2.998074051,4,1,0,1059.156943,1.50747111874847e-05,0.00391759056753571,"02",28.9184936697322,0.606553947545544,12.1168905697947,6.48782861661519,0,0,2.99513830979018,0.00592141823536091,-0.0147569825714621
395,0.00382119831955023,29.8096712714286,2.873184759,0,2.99811148314286,4,1,0,1045.66166071429,-1.92238846400653e-05,-0.00501823978912785,"02",28.8802597853572,0.473030900610761,14.5221219826027,3.47985323847371,0,0,3.32674323628571,0.657313416046374,-0.0134379937810319
396,0.00378089052697374,29.5761177225,10.150143224875,0,2.998074051,4,1,0,1032.232151875,-5.95316772165552e-05,-0.015622738122361,"02",28.8232733778571,0.281879238626067,13.5831204547232,6.66403074309578,0,0,2.99420899463393,0.00778004226680045,-0.0135367071686156
397,0.0037752253193898,29.2368197828571,3.92701483728571,0,2.99811148314286,4,1,0,1018.95866685714,-6.51968848004955e-05,-0.0171222409385434,"02",28.78478203875,0.109022733165464,12.8395330501563,6.8986687989245,0,0,3.25929813328572,0.522423210107529,-0.0148066162713918
398,0.00379670747885755,28.92425389875,2.945118793125,0,2.998074051,4,1,0,1005.8088060375,-4.37147253327455e-05,-0.011448071050963,"02",28.7445378882143,0.131398258611419,12.6051179612054,6.69178144662196,0,0,3.37309280491518,0.74998759851413,-0.0115747235465613
399,0.003815953408253,28.5904909985714,2.98823055642857,0,2.99811148314286,4,1,0,992.822665985714,-2.44687959372954e-05,-0.00639176546241238,"02",28.6911780882589,0.296808497501153,13.896284287259,4.3618803876987,0,0,3.37285670253572,0.749540348517231,-0.00994621924101007
400,0.00382512078436572,28.28115878375,8.69195049725,0,2.998074051,4,1,0,979.967976125,-1.53014198245754e-05,-0.00399226506752459,"02",28.5784481738839,0.311264266335101,15.5632811195089,2.96382339347463,0,0,3.37285202354018,0.749506035764263,-0.00512003723161341
401,0.00381558989847191,28.1285914957143,16.5759344814286,0,2.99811148314286,4,1,0,967.245908771429,-2.48323057183853e-05,-0.00648703053717625,"02",28.4877820201786,0.215154380509138,15.8333330229464,2.55748657679328,0,0,3.37238844294196,0.749853051814772,5.96499899091799e-05
402,0.00377664167543391,28.24480187625,16.342087745,0,2.996201012625,4,1,0,954.500083475,-6.37805287563853e-05,-0.0167471400464922,"02",28.4828790489286,0.184600558226236,15.5694916974107,3.10504955805705,0,0,3.51279548018304,0.707283077013179,0.00598232418507375
403,0.00373296164000399,28.46851916,15.4324564957143,0,3.55788530971429,4,1,0,941.7023129,-0.000107460564186306,-0.0283803848507729,"02",28.5690454038393,0.381939897725343,13.196469646625,2.91004112518387,0,0,3.74442722971875,0.861814598921684,0.00877273003129606
404,0.00369778587926333,28.50249055,14.11400075,0,4.483255444875,4,1,0,928.8067036375,-0.000142636324926965,-0.0378480790382314,"02",28.6745011,0.793945342687649,11.9244635394554,5.53387269564854,0,0,3.18932743032143,0.386656300130523,0.00746554144133241
405,0.0036818068299047,28.4490050714286,15.09241032,0,2.99182921814286,4,1,0,915.954774557143,-0.000158615374285596,-0.0421786903681927,"02",28.5966170436161,0.93511522374956,15.8501105525,2.03122128942756,0,0,2.99883787959822,0.00153184308532443,0.00344866217310366
406,0.00370979888399475,28.497136455,14.47924696625,0,2.99803087125,4,1,0,903.0787905625,-0.000130623320195545,-0.0346046426626021,"02",28.4867465223661,0.918275754171297,16.38632454,2.65617346749504,0,0,3.32005128510268,0.643904558923329,0.000733160522332067
407,0.00375686920575437,28.5090832328571,12.4308739364286,0,2.99811148314286,4,1,0,890.205884828571,-8.35529984359253e-05,-0.0219963564789811,"02",28.5049348613839,0.754185940141366,15.5667803341562,3.1566355524369,0,0,3.11170035417857,0.227227652280388,0.00118492379747962
408,0.00380094264147856,28.35570610375,15.9853949525,0,2.998074051,4,1,0,877.343668275,-3.94795627117355e-05,-0.0103332097764612,"02",28.7055501845089,0.649957763819483,13.8191635247679,6.77430841873038,0,0,2.99785198569643,0.000494355156808751,0.00719366474406824
409,0.0038046360190996,28.3774725157143,15.53538,0,2.99811148314286,4,1,0,864.549648957143,-3.57861850906953e-05,-0.00936198116150067,"02",28.7660082653125,0.499193043433204,16.570770889375,1.47279774883442,0,0,2.99809276707143,2.16114577565687e-05,0.00874238105058973
410,0.0037638126693718,28.5352515275,14.9461070425,0,2.998074051,4,1,0,851.6775078375,-7.66095348184955e-05,-0.0201498575787706,"02",28.6966067926786,0.383070602484752,16.2419625253572,1.51479965100002,0,0,2.99809276707143,2.16114577565687e-05,0.00744768252925567
411,0.00373022408096068,28.6621803171429,15.01979836,0,2.99811148314286,4,1,0,838.771104828571,-0.000110198123229615,-0.0291140016184857,"02",28.6800103070089,0.327775106288474,16.2970792113839,0.482738169192632,0,0,2.99809276707143,2.16114577565687e-05,0.00346427875682638
412,0.00372832719378273,28.8095870175,15.9160082775,0,2.998074051,4,1,0,825.7759164875,-0.000112095010407565,-0.0296226492359946,"02",28.8310682044643,0.459110112118929,13.8252998441161,4.93981559410196,0,0,2.99809276707143,2.16114577565687e-05,-0.00247053122495835
413,0.00375751750482744,28.9908187314286,15.6598651771429,0,2.99811148314286,4,1,0,812.732691914286,-8.29046993628554e-05,-0.0218238077182118,"02",28.9648270770089,0.600875621140025,15.3134860754643,1.53248400186577,0,0,2.99809276707143,2.16114577565687e-05,-0.008343811881584
414,0.00377975149674703,29.15441569125,15.69380054125,0,2.998074051,4,1,0,799.584163625,-6.06707074432655e-05,-0.015924043276506,"02",28.9402690398661,0.527226905345599,15.0626865146518,3.19532303425071,0,0,2.99809276707143,2.16114577565687e-05,-0.0127558911104408
415,0.00378576519989941,29.2991447957143,10.5875416634286,0,2.99811148314286,4,1,0,786.388271971429,-5.46570042908854e-05,-0.0143342763111818,"02",28.8810091903929,0.464954149173476,14.4870807102928,6.48176412749446,0,0,2.99808902385714,2.0502429020181e-05,-0.011801225032194
416,0.00380655223502049,28.917938425,2.92475900575,0,2.998074051,4,1,0,773.1967189,-3.38699691698053e-05,-0.008858455076731,"02",28.6051987325357,0.462298020993408,15.9805235566071,3.54933400360287,0,0,2.99809651028572,2.0502429020181e-05,-0.0128189820095204
417,0.003834192380912,28.1300066885714,9.795597,0,2.99811148314286,4,1,0,760.317414,-6.22982327829532e-06,-0.00162348855833816,"02",28.4596653060357,0.495622214565757,17.4749841735,1.53699455378593,0,0,2.99808902385714,2.0502429020181e-05,-0.010388686590008
418,0.00386295396292724,27.85463036875,15.33641538625,0,2.998074051,4,1,0,747.6798289125,2.25317587369445e-05,0.00584985645714831,"02",28.5607052016071,0.583875778241265,15.7452835323214,2.55854952598166,0,0,2.99809651028572,2.0502429020181e-05,-0.00560945460725283
419,0.00388164824996508,27.9192694142857,16.2177650185714,0,2.99811148314286,4,1,0,735.096368614286,4.12260457747847e-05,0.010677560282268,"02",28.7371131367143,0.653747659840743,15.3381881637857,2.23915974141837,0,0,2.99808902385714,2.0502429020181e-05,-0.00136130650913863
420,0.00386541184565163,28.11932801,15.37816595625,0,2.998074051,4,1,0,722.428428075,2.49896414613346e-05,0.00648592436711315,"02",28.6581715589286,0.651400029663241,15.9057312426786,1.70166873902043,0,0,2.99810212510715,1.87160714300028e-05,0.000160853147134432
421,0.0038217247376401,28.30136897,16.6405540214286,0,2.99811148314286,4,1,0,709.6878026,-1.86974665501954e-05,-0.00488048671403174,"02",28.6222324721429,0.595472066658879,15.7520712442857,1.21981956276799,0,0,2.99808340903571,1.87160714300028e-05,-0.0010432952302843
422,0.00377102744236327,28.41906480375,15.775543165,0,2.998074051,4,1,0,696.8637573375,-6.93947618270255e-05,-0.0182348136235104,"02",28.6223844079018,0.573736444786278,15.7964042133929,1.78156308497587,0,0,2.99810212510715,1.87160714300028e-05,-0.00697988060634527
423,0.00372357800933602,28.5840141857143,15.1356399371429,0,2.99811148314286,4,1,0,683.997419757143,-0.000116844194854275,-0.030897272257298,"02",28.6287125157143,0.563030543023588,15.6884082795089,1.57627532067182,0,0,2.99808340903571,1.87160714300028e-05,-0.0144988781418523
424,0.00369422899387148,28.72723568375,15.0711632175,0,2.998074051,4,1,0,671.0395324875,-0.000146193210318816,-0.0388104379163376,"02",28.6201389967411,0.558418236391013,15.6286617029464,1.61092068590627,0,0,2.99810212510715,1.87160714300028e-05,-0.0227428970359518
425,0.00367984875956771,28.8702683314286,14.9597301385714,0,2.99811148314286,4,1,0,658.040687142857,-0.000160573444622586,-0.042710655034611,"02",28.6262770566964,0.528638536601793,16.0852171297322,1.12347890959918,0,0,2.99808340903571,1.87160714300028e-05,-0.0307307782574996
426,0.00367507329560832,29.005646105,16.2442123775,0,2.998074051,4,1,0,644.9565188875,-0.000165348908581975,-0.0440092315429084,"02",28.6356323630804,0.54688233269581,15.757984710134,1.51509390546506,0,0,2.99810212510715,1.87160714300028e-05,-0.0368876201077136
427,0.00368171823675118,29.1007830971429,14.9973667357143,0,2.99811148314286,4,1,0,631.8432824,-0.000158703967439115,-0.0422027530692271,"02",28.5850011463839,0.636026832541184,16.0191679117857,1.95693484113344,0,0,2.99760116437947,0.000970888369398899,-0.0411016491359768
428,0.00370421194627299,29.20876150875,15.4419800675,0,2.998074051,4,1,0,618.661268425,-0.000136210257917305,-0.0361117725431717,"02",28.5892171991071,0.620681995468042,15.7933598477678,1.45404817786961,0,0,2.68407339778572,0.628051216200269,-0.0430541074577666
429,0.0037466446094023,29.3051783928571,16.1507508328571,0,2.99811148314286,4,1,0,605.452043942857,-9.37775947879955e-05,-0.0247216403019301,"02",28.7491483404464,0.376047717547215,12.8610901998125,6.02929654011867,0,0,2.62335273537947,0.749467586210704,-0.0418812312613362
430,0.00379662763664347,29.31302840375,14.3594623975,0,2.998074051,4,1,0,592.1926675375,-4.37945675468253e-05,-0.0114691006014214,"02",28.9335298355357,0.443817454566129,12.2973817775089,6.3005924202213,0,0,2.62333818971429,0.749521632302951,-0.0383956121542245
431,0.00383822391508254,29.2334484414286,12.3533328621429,0,2.99811148314286,4,1,0,578.974094528571,-2.19828910775523e-06,-0.000572572059295062,"02",28.8179845819286,0.546376955523834,15.3467335157429,3.07211197733701,0,0,2.3975524107,0.820222137910362,-0.0350706646855842
432,0.00385449906250094,28.9853483525,14.6903390375,0,2.998074051,4,1,0,565.8070593625,1.40768583106448e-05,0.00365874403651478,"02",28.7193045738214,0.523650133080854,17.0259088906429,1.00428380950706,0,0,2.60065486104643,1.08756401473227,-0.0336370034703828
433,0.00385471338439696,28.8535663271429,17.1891071785714,0,2.99811148314286,4,1,0,552.753245514286,1.42911802066647e-05,0.00371434553718508,"02",28.7345767304643,0.457397039611763,16.8272404128214,0.317488733229117,0,0,2.78871556294286,1.15844205466861,-0.0320624249459909
434,0.00386702849662069,28.97051562375,16.66071764875,0,2.998074051,4,1,0,539.6910894875,2.66062924303948e-05,0.00690407203569876,"02",28.8178048534643,0.37116709742714,16.0246513048929,0.789987696880882,0,0,3.08926322033572,0.907985458259509,-0.0271771771266049
435,0.00387012761651738,29.2092742571429,15.8888518057143,0,2.99811148314286,4,1,0,526.557222214286,2.97054123270845e-05,0.00770517257884507,"02",28.8794963165714,0.377697514937837,16.0010102775,1.38335897057718,0,0,3.29828485610357,0.670196129459873,-0.0194559199222799
436,0.00384645807611282,29.47471633625,17.42169617375,0,2.998074051,4,1,0,513.2923083875,6.03587192252479e-06,0.00157043502328325,"02",28.8937183268571,0.445622503460821,14.9975850506214,2.10093034246318,0,0,3.29790391546072,0.670377183202674,-0.0111150179538204
437,0.00382615205117984,29.6775293942857,12.0687346318571,0,2.99811148314286,4,1,0,499.933147985714,-1.42701530104553e-05,-0.0037226976855802,"02",28.8349980310714,0.305835869915128,13.4649806264643,5.88178987001403,0,0,3.29790017222857,0.670410663489124,-0.00406599862632244
438,0.00382164448045361,29.3500812125,3.279706515,0,2.998074051,4,1,0,486.5653727875,-1.87777237366854e-05,-0.00490148718701722,"02",28.7676413777679,0.191279690832651,12.0171904105625,5.92703325217347,0,0,3.37286281850893,0.749498838915611,-0.00164251991648543
439,0.00384317268024932,28.5929085985714,3.38550602457143,0,2.99811148314286,4,1,0,473.479361428571,2.75047605902481e-06,0.000715934701472243,"02",28.7360461711161,0.602369315972612,12.5927070274063,6.17291637216297,0,0,3.37442726896429,0.748499232737551,5.01980577491956e-05
440,0.00387311875268688,27.9512778825,14.848589463125,0,2.998074051,4,1,0,460.717882975,3.26965484965846e-05,0.00847775195922384,"02",28.8396920409643,0.669532057437184,13.6397511643786,5.85453066062766,0,0,3.03105239225357,1.00483347699141,0.00195340781629236
441,0.00387786903034966,27.9463600785714,15.56248312,0,2.99811148314286,4,1,0,448.117629742857,3.74468261593645e-05,0.00970347396212468,"02",28.8577507303929,0.70809567167029,15.7402607534786,2.07238878345394,0,0,2.72997117790714,1.21779879377686,0.00200733702489004
442,0.0038612680619052,28.13721163125,14.83764239375,0,2.998074051,4,1,0,435.4404858,2.08458577149045e-05,0.00541333327080284,"02",28.7806743718571,0.621101820720989,16.3800109593571,1.57724465739233,0,0,2.69827549238929,1.25419615443978,0.00288823664518587
443,0.00384075064159179,28.3348743828571,14.8788734042857,0,2.99811148314286,4,1,0,422.687639028571,3.28437401494758e-07,8.55175113843032e-05,"02",28.70924469225,0.554183134992463,16.6086694347143,1.24890507284277,0,0,2.69828161881429,1.25420001676131,0.00541043234015495
444,0.0038289492906232,28.51685786125,15.33416802,0,2.998074051,4,1,0,409.83252915,-1.14729135670955e-05,-0.00299188058208877,"02",28.6636300047143,0.478811493781129,17.0126800390714,1.90859605382729,0,0,2.69811720494643,1.25438538737171,0.00781938868646521
445,0.00383161575259828,28.6948594671429,14.8382925757143,0,2.99811148314286,4,1,0,396.914177128571,-8.80645159201518e-06,-0.00229572775312459,"02",28.6488736465,0.311766319567782,16.937801016,2.90324712547186,0,0,2.72213226977143,1.22654255930611,0.00832274143386878
446,0.00385119294916653,28.86971689,14.8345818975,0,2.998074051,4,1,0,383.904618475,1.07707449762346e-05,0.00280064759392218,"02",28.6831572042857,0.377260755396547,15.8364486248571,2.96497564853672,0,0,3.02463409855357,1.01798527067545,0.00964913613647441
447,0.00387537812737482,29.0564809871429,15.6131332642857,0,2.99811148314286,4,1,0,370.821613757143,3.49559231845246e-05,0.00906092950414106,"02",28.66507786725,0.611221761942432,16.7970213838214,3.06172728917002,0,0,3.30049025440714,0.668984634130989,0.0139736160309635
448,0.00390429076048267,29.21479351875,16.91228471625,0,2.998074051,4,1,0,357.6492845125,6.38685562923745e-05,0.0164938333706468,"02",28.65030936425,0.673582784467934,16.7901513843571,1.1556200585365,0,0,3.29797147428929,0.670339433806392,0.0186038046295663
449,0.00393327601861241,29.3755198071429,16.4101437742857,0,2.99811148314286,4,1,0,344.427195614286,9.28538144221143e-05,0.0238903609798449,"02",28.6988926462947,0.825891822225626,15.6432413945982,1.51801644361424,0,0,3.37285670253572,0.749540348517231,0.0177826194550224
450,0.00395552658821724,29.48573669625,13.57170843625,0,2.998074051,4,1,0,331.1133983125,0.000115104384026944,0.0295314269701477,"02",28.735252621875,0.827954951061964,15.2142929099554,1.55498420009378,0,0,3.37285202354018,0.749506035764263,0.0209617881912561
451,0.00395848039055675,29.41563513,13.45843088,0,2.99811148314286,4,1,0,317.8132995,0.000118058186366454,0.0302779015208898,"02",28.722697369375,0.833684179484286,15.4692081905357,1.83267418628804,0,0,3.373096927,0.750020797445668,0.0252687682038641
452,0.00394007069679722,29.32806192125,13.0058596575,0,2.998074051,4,1,0,304.541798825,9.96484926069248e-05,0.0256163562762861,"02",28.6184265290179,0.780807671204139,16.4506814145982,2.50919289392341,0,0,3.29467935075893,0.594454403729707,0.02846703898123
453,0.00394169058370242,29.2366130171429,12.82311547,0,2.99811148314286,4,1,0,291.313134057143,0.000101268379512125,0.0260274032058376,"02",28.3517938099643,0.735586069064018,15.9433600253536,1.83484053440924,0,0,2.84415743314286,0.347858532626714,0.0299833123870721
454,0.00395238807746263,29.102932455,13.628683334625,0,2.998074051,4,1,0,278.125743975,0.000111965873272335,0.0287376625018387,"02",28.2926530253571,0.69702289870501,16.6579581776071,1.34624209897706,0,0,2.69858733585714,0.669549289871694,0.0297607765306006
455,0.00395153223129774,28.9827830214286,16.0423646642857,0,2.99811148314286,4,1,0,265.022732542857,0.000111110027107445,0.028521100058609,"02",28.27912176125,0.770548285396392,16.5763045415357,1.88549247638176,0,0,2.69828536197143,0.670389738222677,0.0279067068724824
456,0.00394084557579011,29.08862921,15.7239105975,0,2.998074051,4,1,0,251.8985340125,0.000100423371599815,0.0258130032013186,"02",28.3172844680714,0.803580762503424,16.2710900518572,1.09032187712255,0,0,2.69828161875714,0.670398108304271,0.0241297660202744
457,0.00392906709380825,29.1950978914286,16.3146416371429,0,2.99811148314286,4,1,0,238.738606885714,8.86448896179545e-05,0.0228197068404947,"02",28.3763939168214,0.776237356397523,15.3226069594643,1.77445456614048,0,0,2.69828536197143,0.670389738222677,0.0197354288943755
458,0.00392755566582854,29.29535699125,15.4301881725,0,2.998074051,4,1,0,225.5183036375,8.71334616382446e-05,0.0224349542550346,"02",28.5572081255804,0.771755662831873,14.8410532985312,0.596753503894519,0,0,2.62332415266071,0.749524751648188,0.0169695878758044
459,0.00393772360923156,29.3771807885714,15.22712113,0,2.99811148314286,4,1,0,212.265166342857,9.73014050412646e-05,0.0250204819783946,"02",28.6754611761161,0.618377215655697,13.6138218746429,0.311194897629336,0,0,2.62349756332143,0.749202885088754,0.0189616925958079
460,0.00394413500570933,29.41652359875,13.45408605,0,2.998074051,4,1,0,198.9757578875,0.000103712801519035,0.0266473565627789,"02",28.6525351991964,0.592082707761837,13.84687769,2.90111895041571,0,0,2.81616910441072,0.363834848368377,0.0221727990472952
461,0.00393660207706431,29.3056468342857,11.04094153,0,2.99811148314286,4,1,0,185.706369257143,9.61798728740144e-05,0.0247356240258458,"02",28.5538134833036,0.558665904760007,14.4392426278035,2.77668888676861,0,0,2.99837730389286,0.000556875900747895,0.0275209774674809
462,0.00393149186831799,29.0500170175,11.1869832555,0,2.998074051,4,1,0,172.5118188875,9.10696641276947e-05,0.0234366539397124,"02",28.4299839164286,0.461319807112263,15.7916148034375,2.23930892781424,0,0,2.99808340903571,1.87160714300028e-05,0.0321536274775522
463,0.0039445749551136,28.7566419057143,15.57192386,0,2.99811148314286,4,1,0,159.465509285714,0.000104152750923305,0.026758895558574,"02",28.4100578126339,0.385579192520038,15.3756976890178,2.35033711297874,0,0,2.99810212510715,1.87160714300028e-05,0.0366892559179767
464,0.00397256457380202,28.77986279625,15.3996479175,0,2.998074051,4,1,0,146.4645360125,0.000132142369611725,0.0338295640719348,"02",28.5185865345536,0.283200099905365,13.0667222531116,3.43566910441595,0,0,2.99760116437947,0.000970888369398899,0.0407569926745481
465,0.003991677826828,28.8276462457143,15.3307520685714,0,2.99811148314286,4,1,0,133.455333514286,0.000151255622637705,0.0386293399397557,"02",28.5039726371429,0.373071599620792,15.8733240774554,2.89601540331408,0,0,2.68398470303572,0.628195706947074,0.0449550815695782
466,0.00400105093167521,28.89158674,15.12424712125,0,2.998074051,3,0.75,0,120.41514895,0.000160628727484915,0.0409747489214976,"02",28.1258660794286,0.602325145573287,13.6795045450571,7.21413416938303,0,0,3.00005602388929,1.06732836272712,0.0498328750015299
467,0.00401979342517079,28.89537959,11.9046503985714,0,2.99811148314286,0,0,0,107.361222185714,0.000179371220980495,0.0456482038116697,"02",27.75075723825,0.733811467358601,12.4698708082857,6.62617540694043,5.15526e-05,0.000115275118016856,3.58610818795357,0.834957082278288,0.0537569293599245
468,0.00402607781219802,28.73858341625,8.37629234975,0.000257763,2.998074051,0,0,0,94.3388605625,0.000185655608007725,0.0472103436877838,"02",27.0226059097917,0.866632332821705,14.0436350653631,9.32298603584968,1.00539366052381,2.45645400491442,3.42274351533929,0.850703373964517,0.0552992059990696
469,0.00401773794547309,28.2430072185714,3.74188754442857,6.01959857157143,2.99811148314286,0,0,0,81.4404590242857,0.000177315741282795,0.0451367334119714,"02",26.0084021594643,0.941323528343374,15.7005469583286,10.8841216512919,5.921684615575,8.58055344101281,3.06269844513214,1.14969755852491,0.0481247146492918
470,0.00402091679076014,26.91860730625,3.842798211875,18.77321483125,2.998391829375,0,0,0,68.94837283875,0.000180494586569845,0.0459276233003836,"02",24.611643228,0.796662091772155,15.8260442968286,11.1216331167154,7.14266365971428,9.78625129216681,2.64950800654286,1.45683262169655,0.0473747123863694
471,0.00405023702737096,25.1663955914286,3.50699415128571,18.3312780728571,2.99595773628571,0,0,0,57.18251756,0.000209814823180664,0.0531930937702239,"02",23.1259174339286,0.769250375257311,14.3017991788839,12.4826453980008,9.5774149528125,11.2054542872412,0.116656713169642,1.78666189841356,0.0582367181813518
472,0.00409814739204485,23.2986684425,3.40976979475,21.36606357,-2.2556813225,0,0,0,46.2251981575,0.000257725187854554,0.0649527047928311,"02",21.4920634704464,0.720814416349814,14.2916956090357,12.5037729103388,10.113306615,11.6778849157375,-12.2424530769866,6.97528105028199,0.0658702000653262
473,0.00415238187630902,21.4606015585714,3.292371882,20.2660185571429,-20.4482693671429,0,0,0,36.1394287085714,0.000311959672118725,0.0780998041772829,"02",19.8736515888839,0.747713869462636,14.8682487880402,13.251574064513,9.452474684375,10.9201355310848,-22.8268157089286,7.49962191298188,0.0774623579744546
474,0.00420790979356873,20.09197618875,3.2433099825,18.48604041875,-26.36502127375,0,0,0,26.8169041625,0.000367487589378435,0.0913837264784636,"02",17.4976690003274,1.65600084650278,18.4338573308869,11.6169845668578,5.85037276904762,9.07012702296902,-17.9267854661964,11.223719612686,0.0903535748660768
475,0.00426389828922278,19.0431728528571,3.26274025242857,16.99718572,-19.5675014257143,0,0,0,18.1057247614286,0.000423476085032484,0.104601521057616,"02",15.5597846582653,1.91620849211212,16.3960021636964,12.1082057240514,9.95681939586734,12.8798958998022,6.8399223244643,26.5782645581819,0.0989371487324917
476,0.00432012462094182,18.13925854,3.235914255125,16.5601745175,3.872620444375,0,0,0,9.907526211875,0.000479702416751525,0.117701936825276,"02",12.8157890487121,2.67538570702634,17.0887306996697,11.5534589354785,8.81399484765625,12.6091707613222,66.2305410253036,56.922814299965,0.109840577614074
477,0.00437646426073112,17.2680802514286,3.10277224257143,16.3918854614286,19.94926545,0,0,0,2.08865923114286,0.000536042056540825,0.130658839228215,"02",5.17083737865146,5.34779705802807,10.2101371831594,9.23132737938137,12.2310702918783,19.4086833038864,80.1831924713624,218.203926873301,0.122682907892637
478,0.00443284921257509,16.23617349125,3.26714047025,21.95081623,25.106892495,0,0,0,-5.40744101675,0.000592427008384795,0.143460227382268,"02",3.72966391630195,4.6897779778191,7.8385859793612,7.45163740734665,13.8908465053166,20.6701519435665,72.8736873354302,239.477596110208,0.142241182629721
479,0.00448922453279076,14.0203320714286,3.1358736,24.5480036728571,50.3548902085714,0,0,0,-12.233166769,0.000648802328600465,0.156097663665126,"02",8.24312719505357,2.040150925349,10.8984892645255,7.60771403365044,8.65188917474235,11.1948401651859,315.209524209048,196.413104320224,0.17876278055964
480,0.00454553939215727,11.9039866775,3.09392651925,23.5815041875,114.936548425,0,0,0,-18.07498002875,0.000705117187966974,0.168564085127372,"02",6.87100088654018,1.61300437914742,11.3098810019621,7.06404693247613,4.62373981528348,8.85449259028774,416.279558899658,204.918425096402,0.175850983375624
481,0.00460174420128551,9.64262187785714,2.84255582914286,22.7675824,239.1122237,0,0,0,-22.9166833728571,0.000761321997095214,0.180853091947695,"02",6.20441103541071,1.12754280579367,11.6616995477589,6.87696244702776,2.37038935371131,5.79259440640907,506.052298897321,129.257788276781,0.183675438970461
482,0.00465776489955061,7.809702344,2.51524992025,14.194451252125,400.1047153125,0,0,0,-26.39850985625,0.000817342695360315,0.192953383653332,"02",5.65527281029167,0.951874677045578,10.855277337756,6.46214443160373,0.0092949567142857,0.0160993372832963,587.705093786309,51.5055677166498,0.192072261593544
485,0.00482341289245018,4.77640263728571,17.6096252957143,0,625.170786485714,0,0,0,-27.6284150271429,0.000982990688259884,0.227899431602839,"02",6.09470789679465,0.808400661863883,7.47810335877679,3.88417260224751,0.0139424350714286,0.0197175807705205,568.972247436607,56.5696899183605,0.193095895022381
486,0.00487654488904668,5.496731561875,16.96860926875,0,573.1920657125,0,0,0,-25.76807291125,0.00103612268485638,0.238854639468721,"02",6.19388019371875,1.32832046376709,8.77027048337947,6.72521782307402,3.55558403056696,7.09259032891004,540.804999167857,102.796033506918,0.18881442376205
487,0.00492586443592269,6.95421387571429,17.9205060842857,0,299.901731,0,0,0,-23.15925042,0.00108544223173239,0.24891746390515,"02",6.05445046735,1.19185975845447,10.4099382404536,6.88214849039067,2.84446722445357,6.34484544650189,547.282412476786,90.1945275193566,0.185594322056775
488,0.00495077787334945,8.098919002,17.6662949,0,54.8104541133333,0,0,0,-21.30810807,0.00111035566915915,0.253962394962108,"02",6.69558401290306,1.65777468487481,10.4018218736709,7.10785148202439,5.28427407460969,9.34862881912441,467.918002440561,155.249965611168,0.185003139122966
1,0.00451583403330617,0,1.58060791557143,0,-101.969892557143,0,0,0,-10.7593343314286,0.000904816333139837,0.223600245226772,"03",6.72444719563393,3.58509184552413,5.26715597366964,5.06774606136583,8.90253801522023,13.2431859683347,131.038742476518,262.454992392257,0.219527999167948
2,0.00456272208654026,0,1.596454052625,0.032678612375,-101.934517775,0,0,0,-10.7589850725,0.000951704386373927,0.233929744430987,"03",5.04333539672544,4.29756744534926,4.33908856929687,4.6465039953078,15.0753630099241,19.3787673786183,72.7936001841741,247.729515304579,0.215697441149846
3,0.00459816329654186,0,1.59388497757143,29.2202089032857,-101.935790471429,0,0,0,-10.7591194028571,0.000987145596375527,0.241667290435895,"03",5.76381188197194,4.10345648148799,4.73726828024745,4.85235216812635,11.2582340616173,16.8360699112939,97.7549417064031,255.819198682558,0.217712538393349
4,0.00460503202617809,0,1.537540494,53.1209255225,-101.934517775,0,0,0,-10.7589850725,0.000994014326011757,0.243159974340008,"03",5.04333539672544,4.29756744534926,4.33908856929687,4.6465039953078,15.0753630099241,19.3787673786183,72.7936001841741,247.729515304579,0.215697441149846
5,0.00463747556685562,0,1.50977620771429,54.3703223928571,-101.935790471429,0,0,0,-10.7591194028571,0.00102645786668929,0.250180509168891,"03",5.76381188197194,4.10345648148799,4.73726828024745,4.85235216812635,11.2582340616173,16.8360699112939,97.7549417064031,255.819198682558,0.217712538393349
6,0.00468319323392592,0,1.52730707375,54.4158199125,-101.934517775,0,0,0,-10.7589850725,0.00107217553375959,0.259990541841257,"03",5.04333539672544,4.29756744534926,4.33908856929687,4.6465039953078,15.0753630099241,19.3787673786183,72.7936001841741,247.729515304579,0.215697441149846
7,0.00472992443607684,0,1.53527632385714,50.78482068,-101.925833271429,0,0,0,-10.7591222928571,0.00111890673591051,0.269919576347101,"03",6.20718202673901,3.90642192124898,4.98357535381593,4.95855955704048,8.21772739866483,12.9175602413801,113.115001320082,259.4586497059,0.219396636391857
8,0.00477602495783139,0.0123615055,1.577561282,27.94499043,-106.4117644875,0,0,0,-10.75896999,0.00116500725766506,0.279618950979473,"03",4.24701928145301,4.3543957179184,3.89930098574342,4.3681420682457,18.3565911687453,21.9214575250806,45.2049499800939,235.428321024883,0.212097923663337
9,0.00481976158626566,0.506705591428571,6.14958146871429,0.350488530571429,-188.246058271429,0,0,0,-10.6725028442857,0.00120874388609933,0.288734812445029,"03",4.03528639265536,4.34274608358604,3.78321400055625,4.28321647338799,18.836011131808,21.4442311354286,37.6241142567142,231.643458429608,0.209284547525165
10,0.00484806631197772,1.5493050535,16.21880351875,0,-287.6984482125,0,0,0,-10.239527427125,0.00123704861181139,0.294590275801797,"03",3.78210467889556,4.21752280743541,3.81268716910633,4.12371126749645,18.4260936062909,20.8907523798965,21.7017082405844,226.824454520463,0.204491133065578
11,0.00482678891071303,3.56183948457143,18.8381012657143,0,-202.484351742857,0,0,0,-9.13173861085714,0.0012157712105467,0.290191773779958,"03",4.13511718571809,4.90481350958235,4.16502426539857,4.62957740321364,18.3986382901359,20.0927203547651,6.35601622436423,221.596020874117,0.205403810813003
12,0.00478356798004454,6.064114928375,20.17549298875,0,-14.7989154915,0,0,0,-6.9799996015,0.00117255027987821,0.281197056589157,"03",4.12401612876534,4.77349692681687,5.19240831530495,5.55137366258229,16.6531633804625,20.2005044976254,7.06441862610572,234.417874633981,0.202474823037858
13,0.00473715046293189,8.42764909514286,23.2994997271429,0,94.8737601814286,0,0,0,-3.74088835371429,0.00112613276276556,0.271446136173185,"03",4.53430801657611,4.8364994953877,6.05108287265178,6.53915127916451,16.5289864259906,19.8625071301939,18.8729571036773,232.766250877437,0.197429434371053
14,0.00468948655683458,10.931662768625,26.1495196975,0,63.45079477,0,0,0,0.64315080725,0.00107846885666825,0.261333449923182,"03",4.9644659814173,5.39060269076054,7.58367151482717,8.02775168993142,15.9629622175672,19.6196522896121,30.8475830355727,229.469822482508,0.193096286278065
15,0.00464120093381461,14.0266168871429,28.3414635185714,0,12.022497941,0,0,0,6.24947173785714,0.00103018323364828,0.250983504526817,"03",11.2739232923214,3.72453458388222,15.2355966749089,11.3282934612775,8.34296690332679,13.9094276244185,107.504942202772,117.590148543072,0.187730051914317
16,0.00459251586903201,17.01111450875,26.155896905,0,-5.6489252075,0,0,0,13.299053511375,0.000981498168865677,0.240438343587464,"03",15.5684824445278,3.44600625914681,16.0038932837917,13.351770289515,11.2445608434127,13.9783707022534,20.6548980764107,38.8292222534992,0.178945790677455
17,0.00454357474994198,19.15348257,26.0545660657143,0,-5.62424957,0,0,0,21.46559385,0.000932557049775647,0.229724442376978,"03",19.4103670275,1.78685742621908,12.2343323805612,13.0805658637964,11.3269343469923,11.1860260246636,-14.1440679631199,18.9785067115316,0.166200845668148
18,0.00449444293695877,21.32726722875,28.55403282375,0,-6.427062645625,0,0,0,30.58510965,0.000883425236792437,0.218852081295342,"03",21.175340920051,1.24906737342178,11.821068810699,12.7620106258641,8.48922438828826,8.12217662865322,-18.4183610275918,10.7055808205877,0.158834891809843
19,0.00444517622607169,23.6819858014286,27.0391483157143,0,-1.42495182157143,0,0,0,40.7500498685714,0.000834158525905357,0.207829864875,"03",22.64205090375,0.910469674103984,12.0783765582806,13.1419679013115,6.93556622156632,7.66194664762123,-13.9224708909311,7.91987882612096,0.150295744532789
20,0.00439580223765066,25.51357723,22.9870229425,0,0.601866604875,0,0,0,51.893541115,0.000784784537484327,0.196660399681079,"03",24.093699181301,0.765458652264215,11.6058625091403,12.5066990549673,5.05200220534183,7.33979288325789,-3.67361109252296,6.90747338794581,0.146606593634665
21,0.00434634895918968,26.3153095328571,23.0394793485714,0,1.49872367785714,0,0,0,63.6416968271429,0.000735331259023347,0.185346524244208,"03",25.5651848765774,0.57731189146943,11.3344971542292,10.9414113267507,2.58510326421428,5.97481400068459,1.69341238132738,1.82655144592697,0.140559692780534
22,0.00429683104203987,27.3018085675,28.24770199375,0,1.4990370255,0,0,0,75.70930578375,0.000685813341873537,0.173888135599683,"03",26.49476013475,0.347435679386883,12.1587802068571,9.8825525521314,0,0,2.41299331141786,1.38092606746447,0.134559979004385
23,0.00424726500808071,28.7325907714286,21.3107423114286,0,1.49905574157143,0,0,0,88.3798600128571,0.000636247307914377,0.162285600106085,"03",27.1792855234643,0.294747729948423,14.0567282996214,11.2593984461625,0,0,2.30068167897143,1.43773509205901,0.12874074658033
24,0.00419766030821435,29.1666749875,16.25385755625,0,1.4990370255,0,0,0,101.49756597875,0.000586642608048017,0.150537652706819,"03",27.8934151936072,0.575902107477487,14.8190987909964,7.42263936472387,0,0,2.39985731651429,1.33978562970468,0.123010112776001
25,0.00414802808386707,29.17550444,16.6215834257143,0,1.49905574157143,0.571428571428571,0.571428571428571,0,114.678974985714,0.000537010383700737,0.138643413200281,"03",28.4477893144196,0.512704056047368,12.6724603606696,4.7395096384012,0,0,2.62163056366072,1.4322747446986,0.117811244932048
26,0.00409837582941908,29.35872872375,16.36532816,0,1.4990370255,1,1,0,127.898142825,0.000487358129252747,0.126601108748569,"03",28.724916776875,0.324639991332288,12.6464452352009,4.09295200302268,0,0,2.32280363894643,0.958818854797504,0.113764250234775
27,0.00404871219252536,29.5526427971429,16.6114661771429,0,1.49905574157143,1,1,0,141.203471685714,0.000437694492359027,0.114409206386296,"03",29.0499145127678,0.30943225595205,12.5329156778393,4.08258689340231,0,0,2.79984828190625,1.52618525775941,0.11055312673104
28,0.00399904460347589,29.74362874875,16.8677452025,0,1.4990370255,1,1,0,154.6017163125,0.000388026903309557,0.102065836754162,"03",29.2606538852232,0.276661347486675,13.4098003843304,3.25189433141338,0,0,2.99856664273214,1.73149685693109,0.107874456889638
29,0.00394938108365938,29.8934814814286,13.81216786,0,1.49905574157143,1,1,0,168.079856171429,0.000338363383493047,0.08956923256381,"03",29.3945925614732,0.239704890862351,14.0410723680848,2.58324067882371,0,0,2.99864690298661,1.73031004624832,0.103920712483826
30,0.00389973080292394,29.89217938,14.7397362575,0,1.4990370255,1,1,0,181.588186375,0.000288713102757607,0.0769178797930943,"03",29.45623621875,0.297285398025845,14.1754850688839,0.4135539185414,0,0,3.21382239664286,1.52314429199931,0.0979450625278829
31,0.00385010312096444,29.8320328457143,10.2796868518571,0,1.49905574157143,1,1,0,195.196932342857,0.000239085420798107,0.0641102868687318,"03",29.4000646180804,0.366511918296798,14.2951166035714,0.334443241311079,0,0,3.37337016123661,1.43505168839063,0.0918094943037331
32,0.00380051184363076,29.45547640125,11.83026662625,0,1.4990370255,1,1,0,208.615748075,0.000189494143464427,0.0511461079545636,"03",29.2888109473661,0.442067671349968,13.5566935488125,2.18573969801688,0,0,3.37285202361161,1.43522520024561,0.0870619205596209
33,0.00375097121936411,29.26725366,11.6359550414286,0,1.49905574157143,1,1,0,221.879650942857,0.000139953519197777,0.0380251532282392,"03",29.0458552050446,0.49783521461183,14.4041035053571,2.08673923573835,0,0,3.37268577295089,1.43528963417281,0.0779904555399106
34,0.00370150650158545,29.07614659125,12.403006445,0,1.4990370255,1,1,0,235.05830235,9.04888014191169e-05,0.024750254676996,"03",28.7973971926339,0.749236524860333,14.8201706298661,3.03862104523314,0,0,3.26267517025893,1.48925833155214,0.0672590372578085
35,0.00365214661562446,28.9669230828571,12.0010436242857,0,1.49905574157143,1,1,0,248.170296271429,4.11289154581269e-05,0.0113254642624083,"03",28.7033655146875,0.725666708031823,13.5217383305402,1.39379600982042,0,0,3.08633807907589,1.84141105189019,0.0574091295771798
36,0.00360295057616303,28.8467368025,11.56426675,0,1.4990370255,1,1,0,261.229783425,-8.06712400330291e-06,-0.00223652969720156,"03",28.7776526998214,0.4647217096382,12.5000244084732,3.16685015874073,0,0,3.13742735302232,1.90547571613377,0.0505044492379551
37,0.00355400294708903,28.7148721471429,15.4351458885714,0,1.49905574157143,1,1,0,274.234880442857,-5.7014753077303e-05,-0.0159150846106959,"03",28.9264425954464,0.372025348172124,12.5817315067321,4.26802231358015,0,0,2.99766422992411,1.73045498498773,0.0459934766949178
38,0.00350551906689178,28.793013775,18.90980992375,0,1.4990370255,1,1,0,287.208455925,-0.000105498633274553,-0.0296510403989867,"03",29.0247929100893,0.485930084688719,13.5377937675804,2.89133256931429,0,0,2.99809276723661,1.73094966648353,0.0420440955974314
39,0.00345803777374541,29.1562790657143,16.6745695642857,0,1.49905574157143,1,1,0,300.304132242857,-0.000152979926420923,-0.0432883320104374,"03",29.0438222278571,0.40017954675669,15.4095285143304,2.59167617386977,0,0,2.99809276723661,1.73094966648353,0.0383822318038106
40,0.00341592690927716,29.41545122375,16.3060336875,0,1.4990370255,1,1,0,313.5399613875,-0.000195090790889173,-0.0555407633212601,"03",29.1284101044197,0.297860236117738,15.1495815459821,1.34902333814913,0,0,2.99809276723661,1.73094966648353,0.0363982564624439
41,0.0033903520974667,29.5998552671429,16.2530573157143,0,1.49905574157143,1,1,0,326.873246942857,-0.000220665602699633,-0.0630558626578042,"03",29.1661697838393,0.33106250882772,15.1125370002678,1.08257932249551,0,0,2.99881579342411,1.73178493207134,0.0367273727494195
42,0.00338337876233837,29.779917135,16.5486219575,0,1.4990370255,1,1,0,340.2854626,-0.000227638937827963,-0.0651147981337532,"03",29.1661862266964,0.442221201902766,15.0641184268304,0.904930828647007,0,0,3.15846071166518,1.93394266457552,0.048913178448586
43,0.00339395469532416,29.8567845928571,14.3985921771429,0,1.49905574157143,1,1,0,353.769701142857,-0.000217063004842173,-0.0619938239853477,"03",29.1663718946429,0.58238025758204,15.3191238350446,0.876086685441308,0,0,2.99758332979911,1.73036162979929,0.0511199852378931
44,0.00341020856203974,29.78643937875,15.4628285175,0,1.4990370255,1,1,0,367.2420553125,-0.000200809138126593,-0.0572161910743576,"03",29.1284001902232,0.709728094941135,14.9565411336161,0.594284770062703,0,0,2.99809276723661,1.73094966648353,0.0533449917030479
45,0.00341671998697652,29.7081227771429,15.8541435142857,0,1.49905574157143,1,1,0,380.683043285714,-0.000194297713189813,-0.0553086197049577,"03",29.0766637994643,0.757275071169248,15.2824393103125,0.277928351308628,0,0,2.99809276723661,1.73094966648353,0.0536222292383692
46,0.00340683780963771,29.6975503575,15.49518174,0,1.4990370255,1,1,0,394.09888225,-0.000204179890528623,-0.0582051098506318,"03",29.0134378442857,0.64853816033235,14.7049290732607,1.18159276151389,0,0,3.29886498624643,1.64300325610299,0.0450952173153174
47,0.00338824719398581,29.7036726828571,14.9755753828571,0,1.49905574157143,1,1,0,407.5204423,-0.000222770506180523,-0.0636769064445621,"03",28.99629595175,0.607563432715548,13.8096354537143,2.25317007631381,0,0,3.08613020656429,1.51191699988507,0.0425003493724233
48,0.00337130165324431,29.6647975725,11.6086504715,0,1.498937762125,1,1,0,420.930408575,-0.000239716046922023,-0.0686907250060376,"03",28.8303014296131,0.588807563722225,14.1201446276488,1.43489127805438,0,0,2.99784480199405,1.34078821334945,0.0255987444570077
49,0.00337492267736136,29.3444713857143,8.07024348028571,0,3.10632234914286,1,1,0,434.287339314286,-0.000236095022804973,-0.0676172284307723,"03",28.72658817625,0.61772517560066,13.7154212918869,1.50686884167738,0,0,2.88524109683631,1.36878284673218,0.025713491167394
50,0.00339159067274596,28.560890575,9.431319820125,0,4.49805814625,1,1,0,447.367455875,-0.000219427027420373,-0.062690605887445,"03",28.5856477064881,0.560661424435839,13.3086438851072,2.9795395759551,0,0,3.40447833101488,1.30271145101251,0.02472617990887
51,0.00341332116471221,27.8397820471429,10.7611882211429,0,3.45204033,1,1,0,460.097404328571,-0.000197696535454123,-0.0563038765035202,"03",28.427377101994,0.369477196851984,13.3649464388244,2.45010737999091,0,0,3.99947896593155,1.22495498553338,0.0205863017731508
52,0.00342022765904329,27.6196955,15.16882757125,0,2.9971109255,1,1,0,472.609003475,-0.000190790041123043,-0.054282526643104,"03",28.4365677711607,0.420489942536437,12.0944137282679,2.81664841963076,0,0,3.66744283361905,1.1689977373873,0.0142186680482714
53,0.00340728227400564,27.60808974,14.8746625942857,0,2.99811148314286,1,1,0,485.080293728571,-0.000203735426160693,-0.0580746559255294,"03",28.6088922679464,0.607151707031193,11.9421742139821,3.09637068514134,0,0,3.3410892962619,1.12738558793146,0.00773987894672295
54,0.00339483438888629,27.64306436125,16.01806497625,0,2.998074051,1,1,0,497.558299925,-0.000216183311280043,-0.0617346633220164,"03",28.4851542075,0.660493518588917,13.2684632727929,3.02259616341882,0,0,2.99816897511071,1.06072591293092,0.0206629248548874
55,0.00338443282458206,27.7028202442857,15.8886265228571,0,2.99811148314286,1,1,0,510.060385571429,-0.000226584875584273,-0.0648033053542854,"03",28.3913592944345,0.577834476345393,15.173204070625,1.58849003955191,0,0,2.65143162711309,0.950829863273016,0.0173491151225256
56,0.00335806570298631,27.87267287,14.7926300275,0,2.997915161875,1,1,0,522.6059991875,-0.000252951997180023,-0.0726245173619908,"03",28.2545287197619,0.535803707305077,15.5427281756845,0.752436723438392,0,0,2.76177933163393,1.13674048916105,0.0132056277466568
57,0.00331523533853019,28.0710739871429,14.64350166,0,3.00049761842857,1,1,0,535.246679857143,-0.000295782361636143,-0.0854610284147537,"03",28.1860425258631,0.514628606394214,15.7472475406845,1.21692818736522,0,0,3.1995849369375,1.4294967961505,0.00822021287314545
58,0.00327262269324294,28.27834040375,15.181107495,0,4.14351859325,1,1,0,547.97238655,-0.000338395006923393,-0.0983979308504077,"03",28.1892259494643,0.602925020952116,15.8489891002976,1.4426361189458,0,0,3.09191568096429,1.36011945463793,0.00305079639699164
59,0.00323969263883096,28.4548166185714,14.9839006857143,0,4.49533193985714,1,1,0,560.791324014286,-0.000371325061335373,-0.108511180098586,"03",28.2572232426488,0.763821952928033,15.8549163031845,1.34104423896583,0,0,3.18868177913691,1.4200435990905,-0.00282210727731425
60,0.00320548896422628,28.473115555,13.36522164,0,3.193328280375,1,1,0,573.6520422625,-0.000405528735940053,-0.119124998837981,"03",28.3631514824107,0.896896141134076,15.0455611543214,1.72172837966911,0,0,3.24763574865774,1.47354370051375,-0.00904554359583241
61,0.00316621613549741,28.4346029985714,12.7991653642857,0,1.48768167585714,1,1,0,586.508675242857,-0.000444801564668923,-0.131452413312433,"03",28.4229958176191,0.959333481873329,13.1814051395298,2.13904968719914,0,0,3.03048157253274,1.34315924267164,-0.0145661744928235
62,0.00315501983078448,28.3747307025,12.27256078875,0,2.51084149175,1,1,0,599.3331785,-0.000455997869381853,-0.134994858532596,"03",28.2006188047857,0.877128912539599,12.4855913503571,1.73858281083911,0,0,3.01848968154643,1.50278903700719,-0.0252053365605429
63,0.00316479480708075,28.3134533528571,12.2915322042857,0,2.99731548285714,1,1,0,612.1428881,-0.000446222893085583,-0.131901418505609,"03",28.2960824165625,0.758387687273234,12.510648154125,1.69538948508803,0,0,3.4715851004375,1.77867907701308,-0.0277096915041564
64,0.0031468712000813,28.22150799375,12.38931674375,0,2.998074051,1,1,0,624.9039300375,-0.000464146500085033,-0.137580950531356,"03",28.1937498378571,0.659874472624613,12.8083187642857,2.23397627927384,0,0,3.19331106482143,0.948805708463841,-0.0304811674998262
65,0.00311534005761628,28.1056682228571,12.30624811,0,2.99811148314286,1,1,0,637.634836985714,-0.000495677642550053,-0.147651325557318,"03",28.1025012071875,0.571473415364003,12.7050654521875,1.96484004878773,0,0,3.72402432078125,0.840221281521402,-0.0325978819953955
66,0.00310763335403599,27.97798632125,12.20713716125,0,2.998074051,1,1,0,650.292964975,-0.000503384346130343,-0.150128182443162,"03",28.0234899217857,0.495334747708698,13.2600468825,0.964856935943168,0,0,4.12237508325,1.43518750271959,-0.0343253674325404
67,0.00312462111349329,27.8551829114286,11.2592987772857,0,2.99811148314286,1,1,0,662.912188057143,-0.000486396586673043,-0.144676607552189,"03",27.988382498125,0.485298928882504,13.513472645625,1.18175159238327,0,0,3.98064317890625,1.19668828811669,-0.0359617217443335
68,0.003146654848047,27.60476880375,10.397290478,0,2.998074051,1,1,0,675.438204325,-0.000464362852119333,-0.137649704366917,"03",27.9981769632143,0.533022897790832,13.1165768828928,1.45137729767639,0,0,3.37579842621429,0.75177170157562,-0.0365206943258191
69,0.00316270932877919,27.3005379942857,11.1187364271429,0,2.99811148314286,1,1,0,687.844394085714,-0.000448308371387143,-0.132560597311779,"03",28.0011750271875,0.616151360079651,12.572549377,1.7694885081066,0,0,3.19482272546875,0.381675583355602,-0.036188134362937
70,0.00318653820731037,27.16523194375,17.1166431725,0,2.998074051,1,1,0,700.1305313125,-0.000424479492855963,-0.125054514260472,"03",27.9771215778572,0.74908512941023,12.9948414357143,1.68498141710402,0,0,3.17908782428572,0.361985581890355,-0.0305409540265612
71,0.00319971071418,27.3162908542857,17.87547983,0,2.99811148314286,1,1,0,712.429394314286,-0.000411306985986333,-0.120929236558411,"03",28.016414106875,0.852529617909717,13.917626551875,2.56237258139652,0,0,2.99752596196875,0.00109617806250006,-0.0347164298531939
72,0.00317690437028078,27.70560767625,17.76252016875,0,2.998074051,1,1,0,724.8423477,-0.000434113329885553,-0.128082386035723,"03",28.1298570292143,0.737509906505384,13.7987750854286,2.56908467368568,0,0,3.18584275054286,0.419800800925489,-0.0410803553988847
73,0.00314358625292615,28.1380352814286,17.2824648528571,0,3.00048523957143,1,1,0,737.463325057143,-0.000467431447240183,-0.13862537293588,"03",28.2512908298571,0.683999081556742,13.8240310360357,2.31292434233277,0,0,3.11566996385357,0.262931530312328,-0.0469667674816267
74,0.0031428536799733,28.3968496175,15.3238096,0,1.121225579875,1,1,0,750.23456215,-0.000468164020193033,-0.138858437417742,"03",28.3643311948571,0.645937181060883,13.8351345398214,1.99701614095716,0,0,3.12100396362857,0.274285039465271,-0.0503315058480151
75,0.00315660038159096,28.5429288614286,15.2522904271429,0,0.885540910714286,1,1,0,763.102742042857,-0.000454417318575373,-0.134494020162653,"03",28.4402043595714,0.644279416864793,13.7696045463571,1.03534031280107,0,0,3.20412032734286,1.37333722274308,-0.0530742802867072
76,0.00314938477209093,28.59789749125,13.71824277,0,2.645285804,1,1,0,776.0061970625,-0.000461632928075403,-0.136782516644796,"03",28.51448776825,0.603513936388939,12.9499583844286,1.78476526634143,0,0,3.75655139153572,1.92382673283085,-0.0583823076511548
77,0.00311501890625052,28.5506522042857,13.3439904757143,0,2.99861298485714,1,1,0,788.918914371429,-0.000495998793915813,-0.147754417965828,"03",28.5934515969286,0.526678114525356,11.9292905317321,1.42628597425194,0,0,4.20193522383929,1.38109191891191,-0.0670865006752255
78,0.00307349102135989,28.5198000675,13.49729716,0,2.998074051,1,1,0,801.8060939125,-0.000537526678806443,-0.161175583122716,"03",28.552419615119,0.569752057565207,11.7071832383601,1.59263483509303,0,0,3.81025161521428,0.900792854919765,-0.0887641436054232
79,0.00304339607383934,28.4595811842857,13.3591880357143,0,2.99811148314286,1,1,0,814.6862124,-0.000567621626326993,-0.171015617407992,"03",28.6595222215774,0.640379277215933,11.6068671773988,1.68789922365245,0,0,3.70745209198809,1.16854954672168,-0.0903327211987416
80,0.00305790679642947,28.422403085,12.81725412,0,2.998074051,1,1,0,827.52715605,-0.000553110903736863,-0.166259010571016,"03",28.7267383064881,0.704753437396506,11.8978258359822,1.16061960065919,0,0,4.1077530707381,1.32479208730676,-0.086565569992023
81,0.00309646714406361,28.3488158014286,12.3440113471429,0,2.99811148314286,1,1,0,840.366712271429,-0.000514550556102723,-0.153727808746069,"03",28.7034810922024,0.681627222441842,12.9245012867202,1.89450542924996,0,0,4.14820116669643,1.0133322812671,-0.0815118941041036
82,0.0031374345463016,28.26639588875,12.15439728625,0,2.998074051,1,1,0,853.1485858,-0.000473583153864733,-0.140584197334751,"03",28.5981310308036,0.574667456873852,13.8446041295536,2.42802997513654,0,0,3.99781541424405,0.774367951029047,-0.0796857164374999
83,0.00315848979585423,28.1800144842857,11.7690544071429,0,2.99811148314286,1,1,0,865.9088117,-0.000452527904312103,-0.133895639393188,"03",28.4522126298571,0.443562657167349,13.0109347308857,2.46590226296567,0,0,3.89844427540714,0.821924235401058,-0.0783190498629438
84,0.00315932589113363,28.06406148,11.95554816375,0,2.998074051,1,1,0,878.6053386625,-0.000451691809032703,-0.133630960808298,"03",28.54133357475,0.350846450849196,11.5052734819536,4.13715466755153,0,0,3.68632567883929,0.76360861193418,-0.080117803499492
85,0.00317129050264056,27.9643585271429,11.7753509314286,0,2.99811148314286,1,1,0,891.275467028571,-0.000439727197525773,-0.129851036506964,"03",28.7197905675,0.573062939500006,10.2507344185714,4.56706509178468,0,0,3.23019378543571,0.83091808160465,-0.0797826911551383
86,0.00320564134187459,27.82678933875,11.55392347375,0,2.998074051,1,1,0,903.86807455,-0.000405376358291743,-0.119077463493569,"03",28.5538572531696,0.705292561270547,11.7743279279822,4.05435046237139,0,0,3.4272899760134,1.42215123163799,-0.0707259629284762
87,0.0032503598565836,27.7094895085714,11.3397073757143,0,2.99811148314286,1,1,0,916.426826742857,-0.000360657843582733,-0.105223925631132,"03",28.5484528804911,0.822444414573687,12.1674233500625,1.25540571922206,0,0,3.65908450987946,1.20111698027149,-0.0670520239829792
88,0.00329536924059025,27.5911403175,11.3008675475,0,2.998074051,1,1,0,928.9105767875,-0.000315648459576083,-0.0914714188127821,"03",28.5418258065625,0.79252946530999,11.8208721797678,2.23084493803182,0,0,3.74777571991071,0.865639130220796,-0.0629526300806817
89,0.00333244676017266,27.4270272342857,11.3413701814286,0,2.99811148314286,1,1,0,941.348195228571,-0.000278570939993673,-0.0802828447027739,"03",28.3855393542143,0.587295830556601,13.0925537039714,3.47513730082453,0,0,3.59747368870357,0.820744785494952,-0.0617929593888859
90,0.00333548201261956,27.23615985625,11.15262233,0,2.998074051,1,1,0,953.682967875,-0.000275535687546773,-0.0793724412869814,"03",28.2245373820357,0.641676483235642,13.2674321590107,3.00215438252216,0,0,3.21336343683214,0.740616601726555,-0.0635039483714557
91,0.00330903396633107,27.0569570571429,11.0881260828571,0,2.99811148314286,1,1,0,965.958118985714,-0.000301983733835263,-0.0873333477719855,"03",28.0712820705357,0.703248675956653,14.4515851800714,2.42841424462122,0,0,3.59340792081429,0.823345888920687,-0.0648235041051976
92,0.00329849239281781,26.85459086375,11.0846937375,0,2.998074051,1,1,0,978.126614175,-0.000312525307348523,-0.0905241279716895,"03",28.0937662431429,0.719642235946735,12.5232851327214,5.61875884700624,0,0,3.29307303381071,1.25752928247432,-0.0644524866091827
93,0.00333147035625614,26.6786140571429,13.2938932885714,0,2.99811148314286,1,1,0,990.230031685714,-0.000279547343910193,-0.0805758867311015,"03",28.2279885189286,0.945879661837909,12.0657010946821,6.33408916130916,0,0,2.99682393498214,1.50062951934637,-0.056483934694558
94,0.0033767995185645,26.56265633625,16.68197726625,0,2.998074051,1,1,0,1002.234954225,-0.000234218181601833,-0.0670612691832133,"03",28.3766864690179,1.49466823867624,11.8582175727143,6.37265465941768,0,0,3.37269634422322,1.43509269278103,-0.053960011323753
95,0.0034238237236406,26.6556761785714,16.2668328057143,0,2.99811148314286,1,1,0,1014.26701585714,-0.000187193976525733,-0.0532316681319447,"03",28.5802095225893,1.9287584706164,11.7753169459375,7.03245528357729,0,0,3.29773518996875,1.36280160051025,-0.0477340642337551
96,0.00347126204759629,26.7594447675,15.58585175,0,2.998074051,1,1,0,1026.3245795,-0.000139755652570043,-0.0394714125913396,"03",28.9288812090178,2.28274831010443,10.8300558295089,6.87748494392776,0,0,2.99908607878571,1.22477114259189,-0.0420573435613002
97,0.00351854928380247,26.8658216885714,15.8266941014286,0,2.99811148314286,1,1,0,1038.45059457143,-9.24684163638632e-05,-0.0259408739153439,"03",29.153985724375,2.20466402389433,10.0865085315,6.84902298043245,0,0,3.21920527764286,0.89989340740889,-0.0357410032573958
98,0.0035650701291803,27.15348346875,22.851777255,0,2.998074051,1,1,0,1050.618018,-4.59475709860329e-05,-0.0128059184096347,"03",29.5573621077679,2.54758233573915,9.99014159179465,6.64714625561881,0,0,3.37308344694197,0.749351885693566,-0.0274187591026188
99,0.00360946432125754,28.1328031885714,21.9491072257143,0,2.99811148314286,1,1,0,1063.108186,-1.55337890879329e-06,-0.000430270135740152,"03",29.9055164025446,2.88378804126522,12.2572074200357,8.86554262488048,0,0,3.37287839767857,0.749525885723507,-0.02300636342403
100,0.00364092047907256,29.09602706875,22.27565408125,0,2.998074051,1,1,0,1076.02904225,2.99027789062269e-05,0.00824688430017062,"03",30.2889837865178,2.9573076646397,12.8816748079911,8.50936146306701,0.26358270678125,0.5271654135625,3.33300818331697,0.779638926196036,-0.0210339203505954
101,0.00362341245465725,29.94820601,21.1523275742857,0,2.99811148314286,1,1,0,1089.38574714286,1.2394754490917e-05,0.00342660472514567,"03",30.623066368259,3.19498031970592,13.6482115073482,8.80684525929106,1.7582589735,3.516517947,3.02627989025,1.22851868556162,-0.0215941146878776
102,0.0035812985386194,30.528648825,17.25025083625,0,2.999997470375,1,1,0,1103.059968875,-2.9719161546933e-05,-0.00826418885858615,"03",30.8844226059375,3.49098779250261,13.5568783279464,8.06251983246207,0.0012392528125,0.002478505625,3.52250229822322,1.1917798092821,-0.0307246107119292
103,0.00353593205787662,30.6444599557143,15.6820626214286,0,1.95298458814286,1,1,0,1116.904002,-7.50856422897131e-05,-0.021012713241201,"03",29.2458785935714,1.11585831216168,15.5092175039881,1.67491145222388,0,0,3.64973691855357,1.12756784084359,-0.028125133576183
104,0.00348959213568586,30.59446215875,15.44322031,0,1.4980739,1,1,0,1130.730923125,-0.000121425564480473,-0.0342047802357826,"03",31.0563210842411,3.71089989656026,12.4205701192589,3.3513659805186,0,0,3.86470521581697,1.77111796042992,-0.0259169678324811
105,0.00344312053406655,30.4911819557143,14.8698765414286,0,1.49905574157143,1,1,0,1144.55025414286,-0.000167897166099783,-0.0476114504824343,"03",31.0568228511161,3.62380172023182,13.7958935256339,2.68659872487879,0,0,3.07486741650446,1.23421693760602,-0.026537314314593
106,0.00339723201619533,30.34107703,15.11966130125,0,1.4990370255,1,1,0,1158.277533875,-0.000213785683971003,-0.0610286551074219,"03",31.123562611875,3.39741116807819,13.617504321067,2.86298799451597,0,0,3.08672451315625,1.34842328463055,-0.0315400530658015
107,0.00335343518009187,30.3012973014286,15.0783030314286,0,1.49905574157143,1,1,0,1171.99308014286,-0.000257582520074463,-0.0740043945524596,"03",30.6116333444643,2.99461056064307,14.0524182951,2.54097571656497,0,0,3.44565972211429,1.45568428104338,-0.0350791618127187
108,0.00332450638681718,30.36744736375,15.5317215875,0,1.4990370255,1,1,0,1185.68656075,-0.000286511313349153,-0.0826684336373313,"03",30.5320339213572,2.86433578285736,15.5036209731071,1.06104585521681,0,0,3.29764948042857,1.25388477284242,-0.0369832534468255
109,0.00334320975348501,30.4962894171429,15.8375691942857,0,1.49905574157143,1,1,0,1199.44688971429,-0.000267807946681323,-0.0770582922430201,"03",30.8294766540625,2.88333183025267,16.6049305872322,2.12943359043058,0,0,3.37284734459375,1.43523334534064,-0.0367392296987109
110,0.0033682291118305,30.670811925,15.60391297375,0,1.4990370255,1,1,0,1213.251385,-0.000242788588335833,-0.0696025218781342,"03",30.8136125440625,2.91568874093525,16.7289736678572,2.05204012740449,0,0,3.37284734461607,1.43520728083208,-0.0356369686311622
111,0.00339626460756066,30.7925768242857,14.6913265442857,0,1.49905574157143,1,1,0,1227.15184,-0.000214753092605673,-0.0613134594331788,"03",30.6820118565625,2.70253021762203,16.6273109994643,2.28427369651143,0,0,3.372861381625,1.43524800640849,-0.0333248690070676
112,0.00343899093169883,30.72367241625,4.56695862175,0,1.4990370255,0.25,0.25,0,1241.04997175,-0.000172026768467503,-0.0488115480873299,"03",30.4931740865625,2.38982085836244,16.5125357738393,3.19159937988268,0,0,3.37134965464732,1.43364415170655,-0.0221394617326658
113,0.00348419625985958,30.3194578171429,2.088586411,0,1.49905574157143,0,0,0,1254.86409828571,-0.000126821440306753,-0.0357522538447492,"03",30.1489169491518,1.87036639401271,13.6686948527143,7.36087456758103,0,0,3.11048472791071,1.49367957798017,-0.0138097759058733
114,0.00352492266229588,29.83966394125,1.73904375175,2.941803904,1.4990370255,0,0,0,1268.443989875,-8.60950378704533e-05,-0.0241311470929277,"03",29.7062219464286,1.34660783682036,12.2397991818482,8.66993766393023,0,0,5.38398794186607,4.32111319596538,-0.00592005033296816
115,0.00353549774502907,28.8900575942857,1.45031385885714,14.9841345128571,1.49905574157143,0,0,0,1281.75511757143,-7.55199551372631e-05,-0.0211355491733727,"03",29.2401722325893,1.06329347150547,10.0535889989598,10.0089330533402,0.735450976,1.470901952,2.58502931045089,0.821064473818219,0.00317004011089955
116,0.0035304120862285,27.96982640125,1.362268410375,3.34606273425,1.50206043825,0,0,0,1294.5546585,-8.06056139378329e-05,-0.0225750409461956,"03",28.5507505188393,0.998083087011092,10.0277253510446,9.9430860337603,3.74603362821427,7.49206725642855,3.21026616015179,2.29663713384713,0.0117684718879786
117,0.00353349768412857,27.1384787914286,1.37609999,13.9408325541429,0.560143381285714,0,0,0,1307.04524328571,-7.75200160377633e-05,-0.0217014176669448,"03",27.8540633731697,1.0634726371579,10.2963893497678,10.3506141527241,0.8678678710625,1.65318728618618,1.01186620735714,1.56632029196683,0.0203805990751283
118,0.00354695441898017,25.455561525,1.54163000725,18.508598415,-6.667548630375,0,0,0,1318.91801725,-6.40632811861629e-05,-0.0179003183931039,"03",26.7776527720536,0.919704383317097,12.6695885083304,13.2417803714058,6.55284967407145,7.5972418316878,0.428752855294644,1.84207934698471,0.0321060106733762
119,0.00358288505972718,23.5518396385714,1.59245750857143,20.0181506985714,-14.2291692404286,0,0,0,1329.99731857143,-2.81326404391533e-05,-0.007821285332275,"03",25.0115021597768,0.893741837970318,14.2658789651562,14.6761764961547,9.792070620625,11.3409607602916,-4.66697731272768,3.41114809545034,0.0514522107265592
120,0.00362889645905745,21.547161565,1.5731952455,18.449285745,-20.94329271125,0,0,0,1340.0939535,1.78787588911169e-05,0.00493895213324969,"03",22.8652646734375,0.856907234435249,14.8837208501161,15.3712050160292,9.76802467892858,11.2860100407255,-20.8078094009107,4.66911551394904,0.0695423079942766
121,0.00367631480052267,19.5477311514286,1.70250934614286,23.10682562,-18.4429793342857,0,0,0,1349.31845242857,6.52971003563367e-05,0.0179211930199674,"03",21.0437011374643,1.27387869095789,17.9964038413143,15.0119841657051,8.11076354,11.1810559814504,-28.2890043498571,8.6157220068972,0.0852784614108531
122,0.00372402380617451,16.52785114875,2.097444313125,28.39529713875,14.05525115875,0,0,0,1357.309818875,0.000113006106008177,0.0308151071708611,"03",17.7150634038988,2.07492352699579,19.8589877312024,14.0958375101125,8.00172862880952,12.4092387754118,-15.9369191388899,13.3231100938626,0.0892520427778154
123,0.00377158543164586,12.0600036814286,1.81111857485714,31.7239077828571,120.900770134286,0,0,0,1363.72555885714,0.000160567731479527,0.0435058067586978,"03",15.5345722711964,2.58134997673707,14.8824114955893,13.7439600675917,13.4562920227321,14.3019294904596,21.8265104682661,55.4388638895904,0.093538727496814
124,0.00381852861564013,8.817383322,2.04172399875,11.901887745125,276.667934,0,0,0,1368.295356,0.000207510915473797,0.0558755237425617,"03",13.0526899573312,2.5019010028484,15.0276185283815,12.7238247762519,12.3695585481656,14.6194753876238,102.052276240601,107.083026464975,0.0959737264569195
125,0.00386386167094341,8.29145515728571,6.74959347871429,0.0133332672857143,390.3276845,0,0,0,1371.89286185714,0.000252843970777077,0.0676774704333356,"03",11.5784946224494,2.52892357481263,11.9797325083973,10.9253921488505,12.3305859812455,13.9397766244713,187.007566141304,147.014331516566,0.0984099864898995
126,0.00390015541897125,7.908530048125,11.21983282525,0,476.8935535875,0,0,0,1374.2646895,0.000289137718804917,0.0770267572881655,"03",10.0092718652381,1.71836374221074,11.9751209798179,9.67481452076666,6.44614795645714,11.130967360981,295.87442121031,159.609513807858,0.0767924414853485
127,0.00389832811102874,7.59789237342857,15.5263863828571,0,497.608582442857,0,0,0,1374.85271442857,0.000287310410862407,0.0765581256825314,"03",9.87797550166853,1.74118985616934,11.9279154701574,9.34866589623523,6.04326370917857,10.8736190034609,307.188116983884,160.701107124461,0.0765581256825314
128,0.00388780987120235,8.01756828125,15.65163083375,0,469.8521940375,0,0,0,1373.418621625,0.000276792171036017,0.073856337972499,"03",10.3818614858601,1.72220824032844,12.3548416721771,10.6346032855831,8.05710203037351,11.9805435722836,250.13471080128,144.887290461313,0.100216914783662
129,0.00385784229918948,8.91702694242857,18.7978987742857,0,398.561251114286,0,0,0,1370.351555,0.000246824599023147,0.0661183915459311,"03",12.3042217603539,2.41635892642961,12.5350783347451,12.2921369394309,13.4515483431769,14.0414586931533,128.420695712578,111.438078587805,0.10042908231407
130,0.00381315699654869,11.03929133175,25.05080450875,0,175.0141714225,0,0,0,1366.01725075,0.000202139296382357,0.0544678085638468,"03",14.0840195102009,2.08761316337111,14.777903446,13.7353951613496,14.7845570296652,15.8351054200488,49.4912622739956,61.2641083689744,0.0973874137074383
131,0.00376632747103574,13.8757309228571,28.6256544585714,0,16.7150660014286,0,0,0,1360.66585771429,0.000155309770869407,0.0421107358972383,"03",17.2522023582366,1.9838892057061,15.4077249159643,14.4864307791314,13.1594970014509,14.1851060835815,-5.8016342959174,22.6004544274205,0.0930014511649032
132,0.00371880035939131,17.05053348875,29.45966612875,0,-13.38468019175,0,0,0,1353.913356875,0.000107782659224977,0.0294114874200178,"03",19.5564396295153,1.47941224680659,13.4637756906173,14.7765711371947,12.652027067551,11.9901484300275,-24.8296617043648,9.67205074333582,0.087956462560257
133,0.00367105856461939,20.1810643814286,29.25287454,0,-31.8910532485714,0,0,0,1345.70264714286,6.00408644530568e-05,0.0164904132308736,"03",21.6482769614286,1.31795094348403,15.0873292039107,14.82831830532,9.93462761952382,10.9531589677008,-25.6924039450298,7.99972701730714,0.0825269394836539
134,0.00362342840733092,23.0569985925,28.147595335,0,-24.40161319375,0,0,0,1335.947275125,1.24107071645869e-05,0.00343100738101576,"03",23.4861409722143,1.32934125165106,12.043140418625,14.3419206916121,11.9463565566429,10.9204471440893,-14.0414644710286,8.56148187793537,0.0601600138688879
135,0.00357646535723377,25.3493047385714,27.2550576742857,0,-8.184904273,0,0,0,1325.01933785714,-3.45523429325632e-05,-0.00961466145183199,"03",25.4777469399643,1.27861641175771,11.6748454609321,13.8933086825007,10.2877697249286,9.88390769052873,-2.44166225280357,2.6236993179978,0.0404245340695793
136,0.00353418599057447,27.290021935,27.09325327375,0,-0.22328651925,0,0,0,1313.081776875,-7.6831709591863e-05,-0.0215066419921186,"03",27.0486150717857,1.31918466428004,9.35949981651071,10.7674659010021,5.26736148925716,7.17989985677697,0.899320725807143,2.00128445943232,0.0289395894047935
137,0.0035058009537163,28.9976853757143,21.5631814528571,0,3.00059913385714,0,0,0,1300.356526,-0.000105216746450033,-0.0295706313416897,"03",27.8764509293571,1.19310986680168,8.57021858555715,9.64137036806054,0.69429429685,1.48337792916379,1.15940061094643,1.33021142560446,0.00795330342437213
138,0.00348617558133277,29.66996880125,21.329894935,0,2.555374904875,0,0,0,1287.046743125,-0.000124842118833563,-0.0351843296321839,"03",28.9465757347321,1.02634728672021,10.4801940248884,10.3629672239998,3.74603362821427,7.49206725642855,3.38482154865178,2.22606886379878,-0.000179941766389735
139,0.00347962464469572,30.4106904071429,22.7124199985714,0,2.44852615428571,0,0,0,1273.49618314286,-0.000131393055470613,-0.0370652157235689,"03",29.5702070588839,1.31011417281235,12.0818317010089,8.79141305496109,0.735450976,1.470901952,4.79984312913393,4.41577541252357,-0.00823777812769597
140,0.00347673366626851,31.31562363,23.004882235,0,11.30950270475,0,0,0,1259.533808375,-0.000134284033897823,-0.0378963915719925,"03",30.0299451986607,1.85726826868643,13.078600552125,8.4144686333856,0,0,3.26477260464286,1.77476711962759,-0.0157843132295961
141,0.00346387568234085,32.54576263,22.5928826,0,2.832678788,0.285714285714286,0.142857142857143,0,1245.12310071429,-0.000147142017825483,-0.0416015412558304,"03",29.2132760877679,1.00796399086824,12.0583448229821,5.03981701610254,0,0,3.52636137685268,1.61702406822378,-0.0242317613033294
142,0.0034713586104163,33.76066326,21.29344870375,0,4.49208344225,2,1,0,1230.107443375,-0.000139659089750033,-0.0394435951944256,"03",29.4480217427976,1.16917960819461,15.1824889308929,0.437388626268109,0,0,2.99809900585714,1.49905574187007,-0.0263499701861029
143,0.00349282867634451,34.5057470971429,20.0491907757143,0,4.497167225,2,1,0,1214.67334414286,-0.000118189023821823,-0.0332777261710477,"03",29.467342507619,1.05686323047114,15.6316161202976,0.26198655553848,0,0,2.99808652850595,1.49903702584328,-0.0265955169816283
144,0.00348805271547217,35.02694516125,19.78739009,0,4.497111076875,2,1,0,1198.948588125,-0.000122964984694163,-0.034646023729076,"03",29.2510931716072,0.782010371484718,15.5838880297322,0.198649087677889,0,0,2.99809744616072,1.22398152864128,-0.0365066512576404
145,0.00349351452630843,35.5206528014286,17.2246616328571,0,4.49606651042857,2,1,0,1183.02587714286,-0.000117503173857903,-0.033081385989469,"03",29.4753685246429,0.798231109096886,14.8634077908929,0.368669095047877,0,0,2.99802313619048,1.49894193786282,-0.0356016967605509
146,0.00352939649806712,35.82851380125,17.01102159375,0,5.2188903465,2,1,0,1166.883921,-8.16212020992133e-05,-0.0228627507693409,"03",29.4306510005804,0.693378748206841,12.1213375587812,2.65808742606587,0,0,3.01602635192411,1.23117954119479,-0.0272821256014273
147,0.00356267429329928,36.0934026842857,16.3475659157143,0,4.79699706542857,2,1,0,1150.65058071429,-4.83434068670532e-05,-0.0134781748099817,"03",29.2742750393452,1.05474206854732,12.8407199098929,2.48317748927665,0,0,2.60090158152381,0.96653369951297,-0.0101107969004685
148,0.00356781871903418,36.31704038,16.04127598125,0,4.497709330875,2,1,0,1134.27056325,-4.31989811321533e-05,-0.0120352377019035,"03",29.1105995817857,0.994808882075543,13.8063714482589,1.29561027730381,0,0,3.37621360831697,1.89326215987658,-0.0177690426865187
149,0.00355293266238705,36.42568071,7.84532951685714,0,4.497167225,2,1,0,1117.84093371429,-5.8085037779283e-05,-0.016216279032248,"03",29.5955239341071,1.1485210657683,15.5524287833482,1.37028747854221,0,0,3.22554883595089,1.25193780789023,-0.0289154025022921
150,0.00351536901814044,36.053732755,2.2691055775,0.00495701125,4.497111076875,2,1,0,1101.431229,-9.56486820258931e-05,-0.0268451396892111,"03",29.1825013175446,0.558971750289936,17.1187772064286,2.92180998640167,0,0,3.17777590986161,0.999877629311095,-0.0245060088332994
151,0.00347159579881826,35.4051773371429,1.42172922814286,7.033035894,4.497167225,2,1,0,1085.29224128571,-0.000139421901348073,-0.0393752702764614,"03",29.1596322052381,0.449806840843833,16.8574990889821,4.69791008558432,0,0,2.49566002602381,0.869478577721725,-0.0214453567205329
152,0.00342964838850333,34.6272106375,1.391919991625,1.054330827125,4.497111076875,2,1,0,1069.472817125,-0.000181369311663003,-0.0515318972713237,"03",28.8598392371875,0.669223000432159,15.2466438379464,4.76280942050853,0,0,2.95849017640179,0.0792755158477512,-0.028992888356385
153,0.00340998236073167,33.92009362,1.40717475657143,0,4.497167225,2,1,0,1053.99127928571,-0.000201035339434663,-0.0572825239099277,"03",28.5152686633333,1.24336096127821,15.1900520587917,7.39148792885271,0,0,2.99839509291667,0.000556060911025841,-0.0334193007252144
154,0.00343362179115339,32.97130422125,1.415493344375,0,4.497111076875,2,1,0,1038.873473,-0.000177395909012943,-0.050374022708854,"03",28.6963529172143,2.16622864089631,11.2345456454857,6.46310938444586,0,0,3.17498651874286,0.785577877563242,-0.0368299065176238
155,0.00343737624239,32.09733796,1.40728627257143,0,4.497167225,2,1,0,1024.19021057143,-0.000173641457776333,-0.0492811824889445,"03",28.7051942718304,1.87646037371499,10.8380552882411,6.86287473556656,0,0,2.99907204175447,1.22474825013784,-0.0423602749366068
156,0.00343359425584313,31.20259021125,1.4392841075,0,4.497111076875,2,1,0,1009.88016675,-0.000177423444323203,-0.0503820420602974,"03",28.3467341288571,1.33487429145317,12.7986607637071,5.90741858284504,0,0,3.5375019462,1.29628764382319,-0.047467760664681
157,0.00344726062928059,30.3221437714286,2.46964577228571,0,4.497167225,2,1,0,995.992593242857,-0.000163757070885743,-0.0464097475594913,"03",28.2531618866429,1.00476743500474,12.2575402391821,6.11948403730008,0,0,3.59757929075357,1.3407013000128,-0.0534356369501506
158,0.00346085167517627,29.43787851,1.469622791625,0,4.497111076875,2,1,0,982.484549575,-0.000150166024990063,-0.0424749351422156,"03",28.0894128224554,0.91247627977816,11.5371709408125,5.96853721141979,0,0,3.37128145729018,1.43796002460353,-0.0557013616775323
159,0.00349023784109182,28.56180627,3.38720043842857,0,4.497167225,2,1,0,969.388214542857,-0.000120779859074513,-0.0340197598580803,"03",28.0388329348214,0.876167441597962,14.7250122600893,2.73117782251144,0,0,3.74222905116071,0.869605127009606,-0.0607311440839482
160,0.0035314925560794,28.0015403925,17.1444322425,0,4.49343558875,2,1,0,956.6389328,-7.95251440869329e-05,-0.0222690413941038,"03",28.1939393252232,0.812286633249362,13.2409169352813,3.50260761225339,0,0,3.26717642525447,0.843827598615014,-0.0619170990799031
161,0.00355648411325406,28.3148964128571,18.1555457371429,0,2.57535974157143,2,1,0,943.9571609,-5.4533586912273e-05,-0.0152171953733236,"03",28.5437656870714,0.740116019861079,12.4711712149821,3.65765092482098,0,0,3.89728109387857,0.820843029329683,-0.0585351701792975
162,0.00354809170531196,28.99786549375,18.429094855,0,4.495941633375,2,1,0,931.0005400125,-6.29259948543731e-05,-0.017579732370252,"03",28.4489153003869,0.760386938746935,11.2704805069048,2.05544507205093,0,0,3.74772402594048,0.821173978587016,-0.0582256212794618
163,0.00354890784845181,29.5900659714286,13.5748644628571,0,4.49936865485714,2,1,0,917.770789385714,-6.2109851714523e-05,-0.017349735703557,"03",28.420578051131,0.726654678271457,11.4781305860774,1.6435102604717,0,0,3.68832679686012,1.04493161313873,-0.0627855256162765
164,0.00358305016386155,29.7320842075,10.76853438125,0,3.184245794375,2,1,0,904.33620395,-2.7967536304783e-05,-0.00777520505813367,"03",28.4084436702857,0.691956464073705,11.7302470371357,3.5125537545335,0,0,3.34144679101072,1.24648740719436,-0.065890812871967
165,0.00362745668211895,29.5690368742857,6.36656186585714,0,2.22386844714286,2,1,0,890.940610042857,1.6438981952617e-05,0.00454212003599697,"03",28.5074789908036,0.370621288526492,11.22177755675,4.63946256536677,0,0,3.48177512000893,0.706124652649333,-0.0721167992286714
166,0.00367014007774093,28.9133950075,5.362116815875,0,3.43634048875,2,1,0,877.7098056875,5.9122377574597e-05,0.0162401851951053,"03",28.4483182165625,0.326259503626031,13.0410626484732,2.66403376436257,0,0,3.74882197636161,0.866848065272534,-0.0713579863454377
167,0.00368997878371236,28.1606938428571,10.8145660115714,0,4.50195386228571,2,1,0,864.834728914286,7.89610835460271e-05,0.0216310637532091,"03",28.5250923266072,0.476362018975053,13.5600269107143,2.46932186662783,0,0,3.7475668786875,0.865439776094699,-0.069232675897839
168,0.00367764371541202,27.99477528,12.207739195,0,4.49695218775,2,1,0,852.1573456875,6.66260152456868e-05,0.0182826078592795,"03",28.6427843833482,0.605197908243803,13.4023755198661,2.19208601369504,0,0,3.74819326817857,0.866120469893981,-0.067984565471062
169,0.00367925283855427,27.9947869242857,11.8634091,0,4.49955336042857,2,1,0,839.5180498,6.82351383879368e-05,0.0187200540330466,"03",28.7098863556696,0.671832801495218,12.2597733491429,0.636122436608079,0,0,3.9731642234375,1.2604963460328,-0.0689737896708463
170,0.00371518376445865,27.986201495,11.75065889875,0,5.64228239875,2,1,0,826.8585202875,0.000104166064292317,0.0284384976851921,"03",28.8748456687857,0.675520783286532,11.9272592234286,1.29510613061965,0,0,3.80084720513572,1.21959358627358,-0.0750651632243015
171,0.00376101961088658,27.9503513957143,11.6123039657143,0,5.75378363614286,2,1,0,814.2339704,0.000150001910720247,0.0407004486260121,"03",28.80135638675,0.601439976458917,11.6057798197357,1.88712635213121,0,0,3.29818578315714,0.671299647957935,-0.0772294042162662
172,0.00380805056362001,27.90153039625,12.596433045,0,4.49904005625,2,1,0,801.605183575,0.000197032863453677,0.053127749650999,"03",28.6825974588928,0.527896510978005,11.5293332770321,1.7127105948925,0,0,3.67249392700714,0.933785764718976,-0.074574954279781
173,0.00385415456017875,27.8530591085714,11.9355711728571,0,4.497167225,2,1,0,789.022907242857,0.000243136860012417,0.0651620272570401,"03",28.5941699623571,0.526601464053435,12.4021671300179,1.42465639508759,0,0,3.60238482629643,1.00751705266713,-0.0581233987540474
174,0.00388739380301344,27.8036752525,11.30919253,0,4.497111076875,2,1,0,776.438030425,0.000276376102847107,0.0737493135919065,"03",28.56263946025,0.597394742884848,13.0147996954286,1.81063400658457,0,0,3.40449407908572,1.93638828854087,-0.049671173318528
175,0.00390146149418437,27.7183663628571,11.3249580342857,0,4.497167225,2,1,0,763.908551857143,0.000290443794018037,0.0773615789556175,"03",28.4852299592857,0.641447007185376,14.2605642429286,1.04113707610139,0,0,2.78188948074286,1.73101208652585,-0.0440276425227132
176,0.00393736518910408,27.66860688375,13.04796383375,0,4.499034495875,2,1,0,751.3897763625,0.000326347488937746,0.0865221195637931,"03",28.3885608883571,0.644050879246315,14.3577133065714,1.97098557932518,0,0,2.74563426940357,0.94609974573168,-0.0404951801180455
177,0.00397327898001813,27.6668840028571,12.5210497971429,0,3.61165390071429,2,1,0,738.901640142857,0.000362261279851797,0.0956020468063423,"03",28.2309713832857,0.68593831312752,14.7565587023214,2.6249329878977,0,0,3.11614471513929,0.262668210822397,-0.0367824779867097
178,0.00399421578771933,27.671910885,12.04299536875,0,3.586016183125,2,1,0,726.3941378625,0.000383198087552996,0.100857614830482,"03",28.0345256329643,0.759520247789274,14.8733062991786,2.93061181821923,0,0,3.18584275054286,0.419800800925489,-0.0314134631059027
179,0.00400252106796258,27.6534119242857,11.42678025,0,3.93680525228571,2,1,0,713.908755385714,0.000391503367796247,0.102934782848288,"03",27.8763894563571,0.801959834295465,14.7091972075,2.83852698571856,0,0,2.99764306620357,0.0009847699059151,-0.0333126669188667
180,0.00400581301445938,27.58656355125,11.388932865,0,2.995881694875,2,1,0,701.4234924125,0.000394795314293047,0.103756913035696,"03",27.8147436510357,0.743424074080053,13.8192017830714,2.35100440098766,0,0,3.14288506962857,0.323772093217128,-0.028383540528305
181,0.004008569246919,27.5286377971429,13.3868135,0,3.722066196,2,1,0,688.986870057143,0.000397551546752667,0.10444473460687,"03",27.8610476206071,0.618797482437259,12.2817867870286,1.66464158420828,0,0,3.15548047700357,0.342047146997104,-0.0265508880680528
182,0.00401144409622527,27.50464177,12.96142676375,0,3.767196604875,2,1,0,676.5423772875,0.000400426396058937,0.105161653453437,"03",27.9194953313214,0.494003090236908,12.5727196019143,1.74893560645462,0,0,3.30025355117143,0.67261107572923,-0.0264077933217093
183,0.00403818874020265,27.46021514,13.9270433928571,0,3.00352124814286,2,1,0,664.139902,0.000427171040036317,0.111806612861277,"03",27.9617425807857,0.424481700147483,13.0626378719571,1.43654536486533,0,0,3.78413683975357,1.12566462626427,-0.025090233163548
184,0.00408049051349914,27.47228354125,13.75973365125,0,5.429270357,2,1,0,651.7262211625,0.000469472813332807,0.122227557881785,"03",28.0143892016786,0.429454886743733,13.04946493825,0.959132658368367,0,0,3.8975148768,1.34075834444375,-0.0227450859314782
185,0.0041211558803213,27.53501753,13.4583276828571,0,5.99611014171429,2,1,0,639.311339185714,0.000510138180154967,0.132144030043071,"03",28.1990116095536,0.501103898776856,12.9411729355059,1.71477504150255,0,0,3.48205337490179,0.751067862388217,-0.0123873494520705
186,0.00413275608423142,27.623399575,15.31797842,0,4.404777579125,2,1,0,626.8444298625,0.000521738384065087,0.134954869634394,"03",28.3097284035714,0.578401695566041,12.3625015643155,1.95161907237321,0,0,3.12790881440178,0.741893274041698,-0.0104293831763851
187,0.00413709784277967,27.7500785842857,15.9158767571429,0,3.056851812,2,1,0,614.352110185714,0.000526080142613337,0.136004890319278,"03",28.4401630424643,0.746123328755964,12.1309474269786,1.70075057589444,0,0,3.31894482645714,1.59985893184736,-0.00745572780629357
188,0.00416171405984002,27.92655616375,14.74970913625,0,5.377526652375,2,1,0,601.7697792625,0.000550696359673686,0.141937375342905,"03",28.3203014301339,0.762358998333699,12.5206551060446,1.75208324528145,0,0,2.90507564648214,1.25227495086305,-0.00461759339239147
189,0.0041885825986383,28.1004736914286,14.8715465228571,0,3.11143268842857,2,1,0,589.124905228571,0.000577564898471967,0.148372746918649,"03",28.4230029130357,0.888040812927329,12.5340966310268,2.01109047288456,0,0,2.62025964504464,1.43810974359176,-0.00157881462397806
190,0.00422806811847995,28.2762564525,14.88895543375,0,2.997190085875,2,1,0,576.384383625,0.000617050418313616,0.15775553109518,"03",28.4369465983929,0.863532707558516,14.0544358046964,1.6142193176364,0,0,3.04691100350446,1.22786757862613,0.0031855069866285
191,0.00427052115898992,28.4672201414286,14.4665335414286,0,2.99811148314286,2,1,0,563.576873328571,0.000659503458823587,0.167746222783245,"03",28.3851137858482,0.784854955415065,15.4559979774107,1.37085339162702,0,0,3.37192494273214,1.43490936229067,0.00892112303616038
192,0.00429146715027878,28.6362170875,14.4031465625,0,2.996201012625,2,1,0,550.6663211875,0.000680449450112447,0.172639019135978,"03",28.3190467038393,0.66894801623826,15.6741292537946,1.34682492305804,0,0,3.42462992575893,1.3407766353983,0.0143228772022582
193,0.00427723075738118,28.8184858842857,14.40711042,0,3.55879685928571,2,1,0,537.700553914286,0.000666213057214847,0.169316132550858,"03",28.2843519187946,0.587832243002451,15.4916209797768,1.51786102217286,0,0,3.2967173370625,1.36118738896612,0.018629239682912
194,0.00426003778125936,28.99989839,14.3879588375,0,4.19037637225,2,1,0,524.6333919375,0.000649020081093027,0.165288380844469,"03",28.1615209240476,0.547411364796233,15.5448855893155,0.749825361540944,0,0,3.01158923501786,0.953703731453505,0.0227423105365066
195,0.00426253941771065,29.1782130928571,14.4875046142857,0,3.00683438428571,2,1,0,511.501918257143,0.000651521717544317,0.165875441872144,"03",28.2458155651488,0.629655280932714,15.7379086533929,0.902341167619591,0,0,2.90127737005357,0.766553765578887,0.0264771618421712
196,0.00429715044631321,29.3611847925,14.7979937975,0,3.860696998875,2,1,0,498.2704322375,0.000686132746146877,0.173962467681148,"03",28.3448058997917,0.683510962119798,13.726730223369,2.92727204776627,0,0,2.99815315442559,0.948742099515073,0.029818212430099
197,0.00434097884351461,29.4509573114286,9.08801850414286,0,4.49922105942857,2,1,0,484.982484528571,0.000729961143348277,0.184110213986923,"03",28.44047925925,0.498065691402478,12.51300535595,3.08877448674242,0,0,3.10946294362857,1.0892047904723,0.0253769124507429
198,0.00438408308522925,28.93161958875,7.2533183635,0,4.497111076875,2,1,0,471.7650272,0.000773065385062917,0.193990852486969,"03",28.3375574076429,0.384046675663694,13.0626328012214,1.69883021533274,0,0,3.50150918496786,1.22543454307465,0.0321958864921412
199,0.00441341003843506,28.1056803385714,12.7480800344286,0,4.49750501914286,2,1,0,458.891786014286,0.000802392338268727,0.200657992946315,"03",28.4917164546786,0.373624285162275,13.4883197197036,2.71838655613872,0,0,3.89987375528929,1.34210074540837,0.0385934708904673
200,0.00439669614235552,27.9456065625,16.03871824,0,4.503960075,2,1,0,446.2474066375,0.000785678442189187,0.196863733170372,"03",28.7136559352857,0.519644822223563,12.7626290141286,2.97675634052911,0,0,3.18458198221786,1.32614606063659,0.0419399352350202
201,0.00436551377894324,28.0417317828571,14.9608987114286,0,2.32327223457143,2,1,0,433.614271828571,0.000754496078776907,0.189746237785356,"03",28.8635594549286,0.579889650573489,13.4663258079786,1.54043920092491,0,0,2.99763486928929,1.49907151305024,0.0421167658291902
202,0.0043388077261881,28.2317435975,14.64556350125,0,2.995902540875,2,1,0,420.8972132125,0.000727790026021767,0.183609944238507,"03",28.9500129960357,0.57086468655492,14.0150608529286,1.57823373648352,0,0,2.99823325421786,1.49904641676218,0.0413998644351576
203,0.00430400704639002,28.3614724114286,13.60731147,0,2.99879520214286,2,1,0,408.116749285714,0.000692989346223687,0.175556811553031,"03",29.1141920736012,0.615389009573436,14.0039587752381,2.07074615391772,0,0,2.82161779573214,1.4995050198444,0.0542978222409773
204,0.00426151378149542,28.310659185,11.8834146975,0,3.438279963875,2,1,0,395.302984675,0.000650496081329087,0.165634796683254,"03",29.1274565964881,0.643803581419474,14.8366378510506,1.10499428782734,0,0,2.99889365945536,1.64300472946149,0.0565730314448674
205,0.00422752408465626,28.1988937514286,13.16652781,0,4.50195386228571,2,1,0,382.544431614286,0.000616506384489927,0.157626850856469,"03",29.00124016425,0.647339637466567,15.3832435976071,0.349261061391198,0,0,3.29790017237857,1.64211278715268,0.0588467866704185
206,0.00421993721685443,28.13441360625,15.50709013375,0,4.497111076875,2,1,0,369.8176204625,0.000608919516688097,0.15583060239996,"03",29.0495450927857,0.60980608223875,15.1575412921071,0.448900482402286,0,0,3.297903915575,1.64213328956539,0.0595855109565177
207,0.00423284077086727,28.2825660042857,15.6999342485714,0,4.497167225,2,1,0,357.0858821,0.000621823070700937,0.158883696601539,"03",29.1855532146429,0.610015517517127,14.7830373003125,0.400057782332864,0,0,2.99757397178572,1.73034000718069,0.0585952317934877
208,0.00424619179737256,28.534522505,15.31165961125,0,4.495073327125,2,1,0,344.2469437125,0.000635174097206227,0.162032885407424,"03",29.2196748946875,0.496572552699588,15.2419232837946,0.917993824552361,0,0,3.15847006967857,1.93396097282658,0.0574990018860556
209,0.00424381537317598,28.7761183371429,14.6468622028571,0,5.13863900271429,2,1,0,331.313748328571,0.000632797673009647,0.161473068635795,"03",29.2186587408036,0.375968875979409,15.2026402922322,0.892190504737389,0,0,2.99880643541072,1.73176333610385,0.0572012684253763
210,0.00424179020196735,29.01959626875,14.920905915,0,4.500003181625,2,1,0,318.2530722375,0.000630772501801016,0.160995749443567,"03",29.2081084525,0.303257984680972,15.1184046934375,1.11295241270683,0,0,2.99810212525,1.73097127774687,0.0574688374595705
211,0.00425651145472653,29.2447405457143,14.7948960671429,0,4.497167225,2,1,0,305.102451814286,0.000645493754560197,0.164460269234044,"03",29.1578816141072,0.320002399739017,15.0411291806696,1.34741557032817,0,0,2.99808340922322,1.73092805488291,0.0582835476725024
212,0.00426483381560677,29.428134325,14.578106055,0,4.497111076875,2,1,0,291.8425653125,0.000653816115440436,0.16641356723265,"03",28.9586384167857,0.450384136441183,14.0701610053857,3.52071155160034,0,0,3.297903915575,1.64213328956539,0.0598893590399453
213,0.00425220665551978,29.5484786957143,9.281146593,0,4.497167225,2,1,0,278.516119071429,0.000641188955353447,0.163448413060864,"03",28.8189606157857,0.374273524488261,13.67559834835,3.81860962210926,0,0,3.29755734252857,1.64179998177476,0.0625662051787368
214,0.00424825430829029,29.096987645,6.9793237955,0,4.495396927625,2,1,0,265.2414951,0.000637236608123957,0.162518499391913,"03",28.6876126183571,0.413890498870516,13.0116905796357,3.09738354573199,0,0,3.40937158420357,1.75867127666877,0.0657710424984938
215,0.00427967549258207,28.2858357114286,8.33713385585714,0,5.05450556814286,2,1,0,252.275822014286,0.000668657792415737,0.169887538883672,"03",28.6460817653214,0.617507973015601,13.8843893445393,1.668724424705,0,0,3.36849642185,1.714973641902,0.0705380312131709
216,0.00432116009472621,27.7009037475,12.676463922875,0,4.854878961375,2,1,0,239.64917085,0.000710142394559877,0.179534258081626,"03",28.7343980749286,0.619779428311331,15.1069313806071,2.42056333361335,0,0,3.50956983799286,1.40293646498502,0.0786016344059764
217,0.00435016904320187,27.7329067042857,18.8673308842857,0,4.49666572371429,2,1,0,227.162390457143,0.000739151343035537,0.186225056127655,"03",28.9625990290357,0.400655717122278,14.4893278928214,1.90066260329871,0,0,3.59757457695,1.340853856768,0.0798734649563757
218,0.0043463958778004,28.3744855475,16.88864046375,0,4.497111076875,2,1,0,214.4855652375,0.000735378177634067,0.185357319133629,"03",29.1609869011161,0.328151643721852,13.9710163663839,1.43105169613743,0,0,3.372861381625,1.43524800640849,0.0884451734851877
219,0.0043280917952066,28.80197585,14.6904830471429,0,4.497167225,2,1,0,201.5594917,0.000717074095040267,0.181137102325808,"03",29.3580074417857,0.362330177965738,13.3338611442589,2.0567024980989,0,0,3.37336080322321,1.43502888353154,0.0945126890845939
220,0.00433652126476396,29.05228481375,14.3588503225,0,4.497111076875,2,1,0,188.4841966,0.000725503564597627,0.183082826148402,"03",29.4340411579911,0.315203443835674,14.4693218545982,0.28855304798778,0,0,3.21383175465625,1.52316708448764,0.0990600165960276
221,0.0043497570365559,29.2486507585714,14.6380811042857,0,4.497167225,2,1,0,175.317371928571,0.000738739336389567,0.186130341153521,"03",29.4162450400447,0.319522475030744,13.1444189857634,1.71232294437808,0,0,2.99863754497321,1.73028843065468,0.103546967085717
222,0.00433594463792432,29.22181489,10.600207254125,0,4.497111076875,2,1,0,162.0938324375,0.000724926937757987,0.182949847400797,"03",29.2894322436607,0.343463102965052,13.9946376736161,3.25233676026599,0,0,2.99837730396428,1.7312890850739,0.10767192651331
223,0.00434310976982496,28.97035305,9.36495323642857,0,4.49826793985714,2,1,0,148.944575814286,0.000732092069658627,0.184600979661693,"03",29.1443640009375,0.41475238658817,13.5678187676786,3.19414396191093,0,0,2.81636780131696,1.54989950356313,0.110229789317524
224,0.00435412561914156,28.68853745875,9.6727931325,0,3.769453858125,2,1,0,135.920365275,0.000743107918975227,0.187134165084731,"03",28.9300698767411,0.450433182663537,12.8131640324375,3.62737753775901,0,0,2.60716738278572,1.40697024519873,0.111129363989093
225,0.00434773338219145,28.40883985,11.3795416057143,0,2.99874897771429,2,1,0,123.024743814286,0.000736715682025117,0.185664999024469,"03",28.6086050643303,0.409722753767871,13.0968749612277,4.2362522647923,0,0,2.32263958628572,0.958654938735557,0.112212869372914
226,0.00435294639834767,28.22430752875,12.200506385,0,2.998074051,0,0,0,110.23593455,0.000741928698181337,0.186863300028913,"03",28.2753172399553,0.602476640522074,12.1944580149375,6.93259359187456,0,0,2.62164603761607,1.43227163293138,0.115398262585183
227,0.00436856757318629,28.1001810757143,6.51640807814286,0,2.99811148314286,0,0,0,97.51158622,0.000757549873019957,0.190445520096671,"03",27.7755956643304,0.662726939336407,12.3495337467098,9.5589353373386,0,0,2.62504223629464,1.43362302706807,0.120422327896652
228,0.00440195895988599,27.59246000875,1.6840848125,0,2.998074051,0,0,0,84.91360108125,0.000790941259719657,0.198060011005408,"03",26.7863260996786,0.469492950812007,10.4870496782643,11.9251369263311,0,0,2.89898487960357,1.63330541416835,0.127513239024856
229,0.00443328231783072,26.8094847657143,1.365680603,0,2.99811148314286,0,0,0,72.6222205857143,0.000822264617664387,0.205150590082134,"03",25.9860767617857,0.532416424450703,9.04935990991785,10.2562690503137,0.1489285478,0.333014356671127,3.11283920193571,1.37331691964772,0.134075216149258
230,0.00445569659994646,26.01617679625,1.341701922875,0.744642739,3.003185459375,0,0,0,60.69566507125,0.000844678899780127,0.210193763055104,"03",25.0062496821072,0.529858818782885,10.2913704056821,11.7378541704791,2.95413706870714,6.60301948527043,1.8788546943,2.31688690162388,0.140594190733577
231,0.00449423886301273,24.9736660671429,1.44559370385714,14.7659768462857,-0.0393490498571428,0,0,0,49.1526802914286,0.000883221162846397,0.218806674427889,"03",23.6744165928929,0.309228684562637,11.297452959025,13.208465753892,4.11960771822143,7.05344827742071,-5.14110481516071,7.88336607995666,0.147467650445234
232,0.00453924867118723,23.46963863,1.4620137745,16.289065435,-17.02134442,0,0,0,38.2228832875,0.000928230971020897,0.228771857748599,"03",22.2522392089643,0.753552635069553,11.7330409429786,13.8799659765701,6.45197962319285,7.33950359775607,-15.1991156802179,8.19580051685731,0.155944145412997
233,0.00458330158696077,21.9970863757143,1.47284656642857,11.3012478158571,-16.2283886632857,0,0,0,28.00690534,0.000972283886794436,0.238429959045852,"03",20.2079717545238,1.98706775942371,13.7033820884941,13.2294109712501,8.02055381702678,8.79310105410882,-15.8041790189345,12.4807703899687,0.166347960226631
234,0.00461603328175644,20.9176787,1.55096351675,15.571274456625,-4.15412538825,0,0,0,18.4148845575,0.00100501558159011,0.245546089217634,"03",17.5867082752551,2.918527204788,16.5937473587806,13.8367817650961,9.10246656747449,11.7360576129491,-8.28166698928827,18.773119968154,0.171508869461312
235,0.00462391771593302,18.5316756428571,2.02575524242857,26.1793463442857,15.9221307741429,0,0,0,9.55604861385714,0.00101290001576669,0.247252686129564,"03",13.2301940931107,4.02519103125544,15.7610751494661,12.3344832638723,10.4851073282143,14.1663867468701,76.050920783034,89.6897070801075,0.178470978817646
236,0.004604044160569,14.964494395,2.014689783125,34.52245006125,66.230543505,0,0,0,2.014072342125,0.000993026460402667,0.242945432605008,"03",5.17766053414498,5.50729115280301,8.45018656717092,8.67355611302848,15.1953269977011,19.8147505597514,38.3829442251263,226.84420993317,0.188547142035057
237,0.00456209712947028,10.5631918514286,1.52327669171429,29.8293720357143,193.005246071429,0,0,0,-3.74847596957143,0.000951079429303947,0.233792764827892,"03",4.31101602269268,4.77929427190228,6.21877939787169,6.60207764216638,16.0363795515564,20.0658205353396,12.4236130678346,234.637064312842,0.199702142524605
238,0.00451540553191747,8.870517707125,4.72298947925,0.218852574875,331.375542575,0,0,0,-7.87426681875,0.000904387831751137,0.223505352078065,"03",4.19356411185668,4.8578452911795,5.07257799838668,5.5953635031335,17.6909983558999,20.0147027455884,2.66085467754803,229.09695803443,0.203581692987342
239,0.00446753667056525,8.21772492242857,9.28828799228571,0,427.986092,0,0,0,-10.8604035618571,0.000856518970398917,0.212847526986423,"03",7.24756414251785,3.18323973844779,5.23722187548928,5.2964596124015,10.6830456182643,13.900396801055,124.499290454107,261.509882514497,0.219155535351532
240,0.00441907163620706,7.5018429905,16.04575420875,0,502.285679875,0,0,0,-12.08359217,0.000808053936040727,0.201939987889019,"03",7.69045143321825,3.15140615774471,2.78899883950794,1.43274807855598,9.57167065178571,13.7587575475184,136.01579122004,239.680324832399,0.215505861016865
241,0.00437027513500305,7.72846244357143,13.7538400242857,0,510.636784957143,0,0,0,-11.3775055257143,0.000759257434836717,0.190836318250713,"03",7.09272828508928,3.19488486879009,4.106468990075,4.40886401123771,10.6830456182643,13.900396801055,125.280853039821,262.800633318703,0.218346414862937
242,0.00432125714914304,8.132975889,12.797017815,0,463.3956157125,0,0,0,-8.822264019875,0.000710239448976707,0.179556718097579,"03",4.1130680433663,4.80703110275667,4.72937338079533,5.37181584572007,17.6909983558999,20.0147027455884,-1.67630562052889,220.948133412055,0.200941286446321
243,0.00427209836113283,9.12122068414286,18.1080684128571,0,264.221777071429,0,0,0,-5.14005301571429,0.000661080660966496,0.1681154776986,"03",4.12600815109844,4.77432718846122,5.76149905114148,6.28165974098572,16.6531633804625,20.2005044976254,2.73906829846561,233.715851811156,0.197844103417193
244,0.0042228410659051,10.917312143375,25.49441031875,0,72.2971499075,0,0,0,-0.87142673075,0.000611823365738767,0.156518491859836,"03",4.74399019764109,5.36309788895354,6.92031081838558,7.35718821603746,16.55418304044,19.7375828664362,29.312413892168,233.694498628857,0.189200436938346
245,0.00417352361572133,14.0459281971429,28.8414923571429,0,-9.57470066814286,0,0,0,4.393613633,0.000562505915554997,0.144771023034727,"03",8.83690775320397,5.52034126340762,11.830755908519,9.77950971094766,11.0883276746623,14.4215252387599,62.6799710274501,195.117922631932,0.184661549851489
246,0.00412417191126616,17.3947870575,27.32937764875,0,-38.4364725925,0,0,0,11.2659263175,0.000513154211099827,0.132875603385563,"03",15.3401943679062,3.61044834963843,14.5882077381719,13.5322801283148,12.6501309488393,14.2473737569198,28.0413194100246,34.0868725423338,0.175655063013749
247,0.00407481218335571,19.92047765,25.1160875114286,0,-34.4348841557143,0,0,0,19.5815280771429,0.000463794483189377,0.120835008485923,"03",18.5683869185204,2.67454656496487,12.6951003815816,13.6541881736751,11.3269343469923,11.1860260246636,-7.50729909216071,18.8226253222248,0.1692805848955
248,0.0040254704594836,21.99358404625,25.2102394825,0,-23.52398962375,0,0,0,29.03535425,0.000414452759317267,0.108652141513975,"03",21.0389670656845,1.30995473491111,9.58954036539882,12.3940734611047,9.90409511966963,7.89608046170272,-17.5674229282322,11.4651188130019,0.154272823601128
249,0.00397617515305445,23.7635216514286,24.4214174185714,0,-4.44037341542857,0,0,0,39.3781353585714,0.000365157452888117,0.0963306938412485,"03",22.4551391124702,0.837426703725504,10.0212030815655,13.1036291763465,8.09149392516071,7.69562819575649,-15.5028204701815,7.36819764164725,0.148661374179437
250,0.00392696861714585,25.3101452375,23.308179065,0,0.029595478,0,0,0,50.4801212675,0.000315950916979517,0.0838781377576989,"03",23.8909581719345,0.59819682062699,9.65547641649702,12.4798788397429,5.89400257289881,7.66105532440751,-4.29081218761012,7.35227542433568,0.140333748046968
251,0.0038779037844983,26.4763277614286,17.0373648057143,0,2.06752273171429,0,0,0,62.2221687657143,0.000266886084331967,0.0713050999894378,"03",25.1745708677976,0.628165920427937,8.79975899188095,11.11625854686,2.58588801375595,5.9744068540001,2.06624315514583,2.12251231880573,0.133634233501424
252,0.00382908787510669,26.8513250625,17.41024329,0,1.0034975875,0,0,0,74.29342094875,0.000218070174940357,0.0586369765202388,"03",26.3277304815,0.333637207198353,8.94507193343214,10.3495301045185,0.1489285478,0.333014356671127,2.81293088579286,1.13904844870558,0.12696767875597
253,0.00378069760543597,27.2031754271429,19.4711218842857,0,1.50563250585714,0,0,0,86.5072464457143,0.000169679905269637,0.0459188990450317,"03",27.1005473911786,0.336410576080211,10.4356400433643,11.9716524175658,0,0,2.59917747442857,1.38538218772841,0.1204585618268
254,0.00373324376400114,27.85697224375,19.8650357025,0,1.49908020525,0,0,0,98.941091765,0.000122226063834807,0.0332878526344027,"03",27.8405127466072,0.592010460167982,11.1829086129964,8.67957398727751,0,0,2.69965608566429,1.25271400183507,0.114037886761841
255,0.00368848930734489,28.4227340885714,16.0929467785714,0,1.49905574157143,0.857142857142857,0.285714285714286,0,111.673511642857,7.7471607178557e-05,0.0212273278207773,"03",28.2651152977143,0.522258532633526,12.19566768895,6.00380277400342,0,0,2.69693164029286,1.25175522077081,0.108152853220921
256,0.00366431320095016,28.7034486175,15.11219265375,0,1.4990370255,3,1,0,124.5846713125,5.32955007838268e-05,0.0146512793458591,"03",28.5686520214643,0.365904057626635,12.753408290125,3.7482291430768,0,0,2.45786146457143,0.88356621172787,0.104051521633852
257,0.00367936510442012,28.9031295528571,15.6979477085714,0,1.49905574157143,3,1,0,137.602225728571,6.8347404253787e-05,0.0187505667906533,"03",28.8817633931429,0.404765513379569,12.18508985245,3.44104442414129,0,0,2.83962467785357,1.32470975058964,0.102684386089578
258,0.00369778623590531,29.08647349875,15.37371407125,0,1.4990370255,3,1,0,150.697581075,8.67685357389767e-05,0.0237446812999034,"03",29.10956181075,0.367519548928587,12.7272456614286,3.34435830493877,0,0,3.152747829025,1.53863542418704,0.101966323723728
259,0.00369353109532791,29.25565293,14.3241988314286,0,1.50127228457143,3,1,0,163.876917428571,8.25133951615768e-05,0.0225932922465972,"03",29.2759087729286,0.298980933550958,13.3157515897179,3.19964097613879,0,0,3.29812405854643,1.64233431629636,0.0993077130813666
260,0.00368020890946746,29.38878177625,14.41058931375,0,2.361955543125,3,1,0,177.12606105,6.91912093011269e-05,0.0189798749072683,"03",29.4229540071875,0.31431860435179,14.1538874483036,0.399189378190375,0,0,2.99865158200446,1.73030463937184,0.094371036633739
261,0.0036812290921629,29.4492415614286,13.9929990914286,0,3.00016531757143,3,1,0,190.420784428571,7.02113919965669e-05,0.0192570443065154,"03",29.3849496717857,0.365051614212534,14.3995141591518,0.267095739504263,0,0,3.213817717625,1.52315131557388,0.089724148867986
262,0.00368788967196482,29.4227645475,14.552695985,0,2.998074051,3,1,0,203.7204232625,7.68719717984868e-05,0.0210647452401336,"03",29.2954302008482,0.444930944091832,13.4167693254197,2.11757727941773,0,0,3.37337484025447,1.43504353999166,0.0848877542800146
263,0.00369092436776898,29.3897280657143,14.0868871242857,0,2.99742776442857,3,1,0,217.007344042857,7.9906667602647e-05,0.0218872882332661,"03",29.0541143254911,0.505654347872017,14.5205557205357,2.07610620576245,0,0,3.37284734459375,1.43523334534064,0.0776771573020276
264,0.00368189491620568,29.37163134,13.75285956625,0,2.557868138875,3,1,0,230.27666165,7.0877216039347e-05,0.0194378979837735,"03",28.8019213740625,0.753899914862022,14.903677519375,3.00390366913113,0,0,3.37256507664732,1.43515053832919,0.0680566214929002
265,0.00365330019075942,29.3629030471429,13.5205599742857,0,1.49426910442857,3,1,0,243.544860842857,4.22824905930868e-05,0.0116412765990228,"03",28.7055475879018,0.728319280770555,13.5798132285313,1.39856197728713,0,0,3.3522378376875,1.59521891049604,0.0582703758662478
266,0.00361686155384045,29.33168172875,13.9249639325,0,1.4990370255,3,1,0,256.7951993875,5.84385367411681e-06,0.00161703165767335,"03",28.7854580294197,0.477222838825839,12.3989234189196,3.11217899749507,0,0,3.13623537275446,1.90684325484658,0.0515810055532057
267,0.00359859170239661,29.3144073614286,16.2882033428571,0,1.49905574157143,3,1,0,270.044321342857,-1.24259977697231e-05,-0.00344706877593115,"03",28.9307611872768,0.378081152498248,11.9909216541429,3.711161460497,0,0,2.99765955090625,1.73046038783483,0.0484160267279852
268,0.00360839816383794,29.314923445,15.2546960125,0,1.4990370255,3,1,0,283.2829587125,-2.6195363283933e-06,-0.00072569205601436,"03",29.0246638891965,0.48582743101098,13.7961706001696,3.1320588139338,0,0,2.99809744625446,1.73094426360223,0.0456577056691746
269,0.00363392380191153,29.3382619957143,15.4252321571429,0,1.49905574157143,3,1,0,296.528495342857,2.2906101745197e-05,0.00632335745733581,"03",29.0379875901786,0.394586674035998,15.3668944781696,2.59273420836516,0,0,2.99808808821875,1.73095506933111,0.0420888519142327
270,0.00365195106013571,29.40376973625,15.64225160625,0,1.4990370255,3,1,0,309.793459775,4.09333599693767e-05,0.0112719174748044,"03",29.1120331692857,0.278869284911419,15.0953266837054,1.32678521389602,0,0,2.99809744625446,1.73094426360223,0.0394111706821442
271,0.00363350827064297,29.4611593385714,15.4927709857143,0,1.49905574157143,3,1,0,323.091856171429,2.24905704766369e-05,0.00620900310123584,"03",29.1518223832589,0.314864342548121,15.1499071554018,1.1024771402933,0,0,2.99881111440625,1.73179033491772,0.0376133310133329
272,0.00359160263812188,29.49474721375,15.21272723625,0,1.4990370255,3,1,0,336.4028001625,-1.9415062044453e-05,-0.00539112367918015,"03",29.1577892579018,0.434148036355041,15.1341293641964,0.930725832617461,0,0,3.15846539068304,1.9339373114689,0.0362553251922709
273,0.00354765149886541,29.5231310457143,14.8567320328571,0,1.49905574157143,3,1,0,349.740188014286,-6.3366201300923e-05,-0.0177038085725716,"03",29.1592759366518,0.576729902441407,15.4081226358929,0.830344216277756,0,0,2.99757865078125,1.7303670326462,0.0363073040666099
274,0.00351468260116607,29.54647544875,15.16247272875,0,1.4990370255,3,1,0,363.0763386625,-9.63350990002632e-05,-0.0270404204621535,"03",29.1225640894643,0.705226013994221,14.8801059596429,0.578419644440518,0,0,2.99809744625446,1.73094426360223,0.0378859478979843
275,0.00350888122812857,29.5813322957143,15.2625330042857,0,1.49905574157143,3,1,0,376.435836457143,-0.000102136472037763,-0.0286923949675879,"03",29.0679495877232,0.749694503335728,15.2574242414286,0.284736843635479,0,0,2.99808808821875,1.73095506933111,0.0387329365601976
276,0.0035130681932784,29.648142615,13.725087614875,0,1.4990370255,3,1,0,389.8160734125,-9.79495068879331e-05,-0.0274998584579915,"03",29.0665527623215,0.710113708603691,14.9195875196428,1.19587910322536,0,0,2.99929410557589,1.73232717479584,0.0367634854173219
277,0.00349784503979133,29.5753926771429,10.8637883514286,0,1.49905574157143,3,1,0,403.202692142857,-0.000113172660375003,-0.0318425671669207,"03",29.0976300025893,0.686633422500575,14.1218561823795,1.6976867734977,0,0,2.73338030996875,1.48941090049487,0.0371707709706954
278,0.00346553417020221,29.3978070025,11.458082035,0,1.4990370255,3,1,0,416.519602,-0.000145483529964123,-0.0411228604214005,"03",29.0760618644196,0.664303897605578,13.7171817516964,2.05297035183696,0,0,2.62350444054018,1.4352717206958,0.04768903517103
279,0.00343926100476264,29.24802354,11.9621827728571,0,1.49905574157143,3,1,0,429.773436785714,-0.000171756695403693,-0.0487330185252866,"03",28.9794378424107,0.665972488482183,13.0811448955089,1.78832921144625,0,0,2.622761138375,1.43508043290253,0.0459687961983477
280,0.00343501037211151,29.1185094075,11.5146232975,0,1.4990370255,3,1,0,442.9571024,-0.000176007328054823,-0.0499696973923722,"03",28.7960140190178,0.614997741072476,12.3740684211429,3.1578674864751,0,0,2.85644035054018,1.27553944954394,0.036165951453783
281,0.00344832518632206,28.9943107742857,12.0319894257143,0,1.49905574157143,3,1,0,456.090515485714,-0.000162692513844273,-0.0461009827793788,"03",28.5346860694643,0.479231977396274,12.9372730547634,3.01513450793371,0,0,3.7495556179375,1.50034875608389,0.0326545040850896
282,0.00345515877081358,28.85274885375,12.431465795,0,1.4990370255,3,1,0,469.1521299875,-0.000155858929352753,-0.0441212326798803,"03",28.3459524471875,0.497971949360771,12.6790994831339,1.85581185000348,0,0,3.48743216983482,1.41453395927019,0.0264336089654686
283,0.00344820158430218,28.71383428,13.2767565657143,0,1.49905574157143,3,1,0,482.161290171429,-0.000162816115864153,-0.0461368274938039,"03",28.462400778125,0.600825657462789,12.2627253585089,3.52659425203226,0,0,3.13777374736161,1.25558675689194,0.0195301158666531
284,0.00343096236483424,28.57608262,12.50039902625,0,1.4990370255,3,1,0,495.100403875,-0.000180055335332093,-0.0511488479027147,"03",28.5661472722322,0.758972053536132,12.4770680597857,2.44338512077943,0,0,2.99814732419197,1.22481314508434,0.0141686799427907
285,0.00341571362901221,28.4307196442857,14.7796855457143,0,1.49905574157143,3,1,0,507.985614985714,-0.000195304071154123,-0.0556032022793937,"03",28.4698163455804,0.711465619371923,15.1317148660714,2.01177766526584,0,0,2.83902059255804,0.981501975468999,0.0103774888358072
286,0.00340781550503542,28.35783651,16.4641604775,0,1.4990370255,3,1,0,520.806124975,-0.000203202195130913,-0.0579181707121084,"03",28.3374809303571,0.634535211351113,15.2221240241518,0.692894862438809,0,0,2.63936331496875,0.760593134081142,0.00680691723762853
287,0.00339497781664271,28.4533421342857,17.7063830328571,0,1.49905574157143,3,1,0,533.642948428571,-0.000216039883523623,-0.0616924153929501,"03",28.2624549642857,0.548068583726771,15.387115455625,0.962397238935976,0,0,3.30037856601339,1.36647226106689,0.00237295386960793
288,0.00336244737273854,28.79187678875,17.56522162875,0,1.4990370255,3,1,0,546.5623774,-0.000248570327427793,-0.071320548396133,"03",28.2389987923661,0.516947758182346,15.4964088754018,1.51324238883369,0,0,3.13882245882143,1.25549848773819,-0.00287242768095908
289,0.00331932410144022,29.1543940685714,17.4721889714286,0,1.49905574157143,3,1,0,559.656392357143,-0.000291693598726113,-0.0842284632862285,"03",28.2734795046429,0.628576811541591,15.6731382894196,1.34806879998136,0,0,3.28398096409375,1.35147672368378,-0.0081977569172164
290,0.00328420193163193,29.46028444,16.0816277245,0,1.4990370255,3,1,0,572.89060365,-0.000326815768534403,-0.0948659620284094,"03",28.1437248908929,0.802756589501396,14.8383478402857,1.83940359501254,0,0,3.59735549328929,1.34047922336231,-0.0168473998169758
291,0.00327887602769458,29.5710963685714,9.98199295357143,0,1.49905574157143,3,1,0,586.251103414286,-0.000332141672471753,-0.0964889520270455,"03",28.1933757074286,0.86888460066621,13.8212875767214,1.62743523824632,0,0,3.336766738725,1.24559881833886,-0.0220136997232073
292,0.00326507958617527,29.31913619375,10.629533974,0,1.50086118075,3,1,0,599.5507840875,-0.000345938113991063,-0.100705503101852,"03",28.3935537787857,0.757731175230729,12.4468489536071,1.7412771682575,0,0,2.62123576452143,1.25656591947235,-0.0142263843633375
293,0.0032484761294798,29.0777628957143,10.5931731028571,0,2.22190973942857,3,1,0,612.751500228571,-0.000362541570686533,-0.105803637783469,"03",28.2995566038214,0.656828945039181,12.4668249641571,1.47151673096336,0,0,3.37673117692143,1.55491503892819,-0.0172905188040112
294,0.00325483700002335,28.86186307625,10.552417585,0,2.996134576125,3,1,0,625.8359159,-0.000356180700142983,-0.103847443379267,"03",28.1993014690357,0.571602871546254,12.7245183601786,1.94373353392672,0,0,3.15426366205714,0.826315740273269,-0.0197711891966732
295,0.0032692166832281,28.6783966057143,14.5205276942857,0,2.99811148314286,3,1,0,638.837561871429,-0.000341801016938233,-0.099439231323398,"03",28.1031346103214,0.494912521915236,12.62530198375,1.71092325002497,0,0,3.57884175325357,0.796786509054178,-0.0210925376392033
296,0.00326922565926476,28.63988280125,15.00802392,0,2.998074051,3,1,0,651.7736345625,-0.000341792040901573,-0.0994364857042074,"03",27.9240382582738,0.443311355193208,13.1678430570833,0.90555432702303,0,0,4.15280745683333,1.3524615185198,-0.0388531574662852
297,0.00325781035604473,28.7327612028571,14.5524636385714,0,2.99811148314286,3,1,0,664.738524385714,-0.000353207344121603,-0.102934341233827,"03",27.8781546739881,0.431357624234143,13.2067054587738,1.33246496602346,0,0,3.65403424115179,1.05605719430141,-0.040300993832973
298,0.00323716637906587,28.8578726725,14.67295022,0,2.998074051,3,1,0,677.7409126,-0.000373851321100463,-0.109291268041896,"03",27.8503530711012,0.473196740712644,12.6375041288869,1.57232401687128,0,0,3.37807739345536,0.631081476452849,-0.04102662074117
299,0.00322680114190916,28.9821449542857,15.1048899485714,0,2.99811148314286,3,1,0,690.811647585714,-0.000384216558257173,-0.11249835275777,"03",27.8458214192857,0.627554692798801,12.8796913914286,1.31970020585418,0,0,3.30027890600357,0.406015600653034,-0.0411059572541553
300,0.00324301100860974,29.131596275,14.77506607,0,2.998074051,3,1,0,703.93507995,-0.000368006691556593,-0.107487418980787,"03",27.8719487624286,0.703920093537664,13.8732410706429,2.27530104746718,0,0,3.142439111975,0.324022792345948,-0.0430658131465273
301,0.00325766181848645,29.2576851957143,14.6819247257143,0,2.99811148314286,3,1,0,717.132073442857,-0.000353355881679883,-0.102979936564378,"03",28.0708909277678,0.791877501168171,14.1167975625,2.87399270130349,0,0,3.23276620935714,0.469359362284075,-0.0484512724485506
302,0.00325603195317732,29.36360192375,13.983897355,0,2.998074051,3,1,0,730.369350925,-0.000354985746989013,-0.10348037927791,"03",28.2187090678125,0.739858201664922,14.2768166961607,2.58520246637045,0,0,3.14507830010268,0.293958589211162,-0.0550808644325071
303,0.00324494380851966,29.4232346771429,13.8637503385714,0,2.99811148314286,3,1,0,743.659181757143,-0.000366073891646673,-0.10689160721514,"03",28.3610555895089,0.71740197522613,14.1245819428125,2.20316318261966,0,0,3.15207181057143,0.306390168463708,-0.0605542183264752
304,0.00322792864008808,29.4606254025,14.28472113875,0,2.998074051,3,1,0,756.9539458375,-0.000383089060078253,-0.112148997108957,"03",28.4516230103125,0.725270519022076,13.7582539291518,1.13866437286778,0,0,2.90376667565179,1.38321712193589,-0.0613246191324531
305,0.00320799465638669,29.4069442085714,13.7988997614286,0,2.99811148314286,3,1,0,770.265631685714,-0.000403023043779643,-0.118343616251547,"03",28.5197649145089,0.719824479252891,13.5640014537946,1.67451088765807,0,0,3.19658863824107,1.68656415582889,-0.0641492560239861
306,0.00318612494409316,29.271762705,13.1662522225,0,2.998074051,3,1,0,783.5110754875,-0.000424892756073173,-0.125184213004937,"03",28.5888943323661,0.655135034433049,12.4514856364286,1.51563598262176,0,0,4.03421833414732,1.53481161731647,-0.0702817288668603
307,0.00315300652354411,29.1667361028571,12.7472107042857,0,2.99811148314286,3,1,0,796.721475071429,-0.000458011176622223,-0.135633190439221,"03",28.6055840441518,0.586817631959391,12.2297428807366,1.32799675076099,0,0,3.84167361890179,0.985797119030868,-0.0775811228491811
308,0.00311954068446762,29.0475346875,12.72638345625,0,2.998074051,3,1,0,809.8627433875,-0.000491477015698713,-0.146303865188488,"03",28.6709360716518,0.589081297127484,11.9969193224286,1.9405351770052,0,0,3.37274082941964,0.750866972088575,-0.0727812407842307
309,0.00311540516414656,28.96272509,12.9340878271429,0,2.99811148314286,3,1,0,822.978568785714,-0.000495612536019773,-0.147630427085024,"03",28.7249265825,0.65548660899443,11.9399811286697,1.44528867413572,0,0,3.68749305013393,1.37752735176027,-0.0748664667253146
310,0.00314622191229963,28.87160923125,12.80251314625,0,2.998074051,3,1,0,836.0344706125,-0.000464795787866703,-0.137787299858068,"03",28.7326653203571,0.680630969923643,12.2926670193661,0.675712171658454,0,0,3.97317358147321,1.26048669392788,-0.0764797101295793
311,0.00318681261999692,28.8409806014286,12.7575764085714,0,2.99811148314286,3,1,0,849.082117328571,-0.000424205080169413,-0.124968401731743,"03",28.6504415408036,0.608724914977405,13.4136097042857,2.18779092694495,0,0,3.74818391014286,0.866131275749824,-0.0727332184927854
312,0.00321493945083266,28.81632476625,12.62758765875,0,2.998074051,3,1,0,862.0997782625,-0.000396078249333673,-0.116181116428202,"03",28.5312562854018,0.481518227444274,13.5925240981696,2.45376656211321,0,0,3.74757623672321,0.865428970500796,-0.073145045942036
313,0.0032206713010777,28.7973213028571,12.7171330814286,0,2.99811148314286,3,1,0,875.127399157143,-0.000390346399088633,-0.114399824239016,"03",28.4530690824107,0.333102173806288,13.0186762928036,2.66803637531623,0,0,3.74881261832589,0.866858871108006,-0.0749448061699026
314,0.00320740743386814,28.68432834,10.907013417375,0,2.998074051,3,1,0,888.1130840375,-0.000403610266298193,-0.118526682719906,"03",28.5357272315178,0.392267527612912,11.6743074727634,4.68656651393181,0,0,3.48178447804464,0.706116105739291,-0.0759842895196076
315,0.00319714467104905,28.44967284,12.8265024771429,0,2.99811148314286,3,1,0,901.030264871429,-0.000413873029117283,-0.121731519253213,"03",28.6125211281697,0.703494918859128,11.2944556630402,4.00155497404693,0,0,3.42728061797768,1.42215499719505,-0.0749764259555377
316,0.00321699831886292,28.29802751,13.60373617625,0,2.998074051,3,1,0,913.8397824125,-0.000394019381303413,-0.115540914949182,"03",28.5863642129911,0.810460774061375,11.9731149252857,0.991379218545519,0,0,3.65909386791518,1.2011101137232,-0.0761723621262391
317,0.00325749591120856,28.24758047,13.50953414,0,2.99811148314286,3,1,0,926.627096271429,-0.000353521788957773,-0.10303086619025,"03",28.5544375665625,0.786665944669956,11.8444226888303,2.25498068881128,0,0,3.747766361875,0.865649936066679,-0.0712981270375337
318,0.00329844716452536,28.15606223125,13.1847452025,0,2.998074051,3,1,0,939.3579068625,-0.000312570535640973,-0.0905378398726961,"03",28.4429086349554,0.661775612248774,13.0695058293393,4.01230162325096,0,0,3.74732359812946,0.865137388813602,-0.0689211920177462
319,0.00331381736480988,28.0218758142857,13.2933806128571,0,2.99816083157143,3,1,0,952.059164457143,-0.000297200335356453,-0.0858888342454245,"03",28.2752027739732,0.729304508360999,13.2609450455491,3.46654881657857,0,0,3.26716408814732,0.84383284311788,-0.0708027849804381
320,0.00328235754518567,27.9088137325,16.464309555,0,2.98020190775,3,1,0,964.6860579,-0.000328660154980663,-0.0954277132605723,"03",28.1118991550447,0.805241133627899,13.9484040863393,2.48495195876617,0,0,3.74670942408036,0.864400908748875,-0.0721799435545214
321,0.00324814886910318,27.9914353485714,17.1116781985714,0,1.49277347628571,3,1,0,977.3103956,-0.000362868831063153,-0.105904385592337,"03",28.1193489667857,0.828341772469537,11.3761868662589,5.77249556849313,0,0,3.74314792319197,0.870664777452754,-0.0685976765074981
322,0.00325244999268827,28.21270905375,15.80765686,0,1.49899384575,3,1,0,990.0024949125,-0.000358567707478063,-0.104581084717493,"03",28.2318083852232,1.09216322210315,11.1302121533527,6.9036210504986,0,0,3.37128145729018,1.43796002460353,-0.0612936496968515
323,0.00329147934715024,28.4003074528571,15.6558395228571,0,1.49905574157143,3,1,0,1002.80134194286,-0.000319538353016093,-0.0926525280252655,"03",28.0138804424643,1.52763409306634,12.8229695114214,5.92551913948005,0,0,3.29777188557857,1.25406804048708,-0.0525043160060351
324,0.00333640544422745,28.59417662,15.6166339625,0,1.4971136065,3,1,0,1015.667580875,-0.000274612255938883,-0.0790956285883029,"03",28.1953028537857,1.87905498773405,12.6736201178929,6.41298007406548,0,0,3.23781044860357,1.18780302445456,-0.0471232193561785
325,0.00338167762963034,28.7494173257143,15.5558717942857,0,2.38346835142857,3,1,0,1028.634285,-0.000229340070535993,-0.0656177156543265,"03",28.4949939207143,2.20215707437517,11.7812150136071,6.32442632441367,0,0,2.99888367322857,1.06068301986712,-0.0423446692246291
326,0.00342446263583759,28.80233097625,14.6161157825,0,2.99903717675,3,1,0,1041.63051525,-0.000186555064328743,-0.0530450777510385,"03",29.3990715199553,2.56591949537259,10.148770887308,6.91077421744477,0,0,3.21920059864732,0.899863762539361,-0.0369585592467871
327,0.00344780492171421,28.7940485385714,14.0868184842857,0,2.99816083157143,3,1,0,1054.650985,-0.000163212778452123,-0.0462518687358786,"03",29.8664749025,2.88680865138977,11.7443327332366,9.16049430345317,0,0,3.3730881259375,0.749386203578121,-0.0304363978271253
328,0.00341979319212996,28.75806523875,14.2675904575,0,2.83957690775,3,1,0,1067.633008375,-0.000191224508036373,-0.0544095633614603,"03",30.1503463325,2.59985643787819,12.0315399127143,8.51034364093978,0,0,3.37288775571429,0.749519646551487,-0.0318169633569489
329,0.00337764543233675,28.7450134657143,14.3787616285714,0,1.49167276157143,3,1,0,1080.63209042857,-0.000233372267829583,-0.0668107930129951,"03",30.5297897565625,2.75554512263789,12.963311521875,8.62611452222484,0.26358270678125,0.5271654135625,3.33299882528125,0.779644286106052,-0.0321404423387182
330,0.00333430403418647,28.72801447125,14.15978049375,0,2.086026065,3,1,0,1093.60450175,-0.000276713665979863,-0.079725669532011,"03",30.8361111035715,3.08575938648557,13.3673798806071,8.45074153024606,1.7582589735,3.516517947,3.02628924828571,1.22851839923313,-0.0323951043030918
331,0.00329457714621359,28.7094466714286,13.90936513,0,2.997473989,3,1,0,1106.58798957143,-0.000316440553952743,-0.0917118135929345,"03",31.0295333096875,3.45093380142869,12.5813591434375,7.00371993206776,0.0012392528125,0.002478505625,3.52297379503125,1.19150353480865,-0.0311436161389645
332,0.00328776281976491,28.68776728,13.87174727875,0,2.998074051,3,1,0,1119.53812875,-0.000323254880401423,-0.0937823018117818,"03",31.0697819053572,3.69882301881897,13.2011984535,3.65315874487563,0,0,3.59984127460714,1.37934832617782,-0.0305027929360476
333,0.00332402728362898,28.6927924971429,13.6273771442857,0,2.99811148314286,3,1,0,1132.51128085714,-0.000286990416537353,-0.0828125565968794,"03",31.043821635,3.712833296366,12.3608595414018,3.27514789628286,0,0,3.75097754378125,1.94122887045436,-0.0249960997876699
334,0.00336772515824915,28.70864679375,13.58058252125,0,2.998074051,3,1,0,1145.463244625,-0.000243292541917183,-0.0697521528130016,"03",30.9436946720357,3.14848282593006,14.0106901287929,2.37572040337943,0,0,2.75970508151786,1.28027538981902,-0.0241957436292773
335,0.00341042914795333,28.6846830257143,13.5870149971429,0,2.99811148314286,3,1,0,1158.43802128571,-0.000200588552213003,-0.0571515091731696,"03",30.9670654955,2.96298139057694,13.9179357171036,2.56881690884723,0,0,2.769187015625,1.36668735546665,-0.0282635417278436
336,0.00343201774449457,28.7080679325,14.4377119525,0,2.998074051,3,1,0,1171.391164625,-0.000178999955671763,-0.0508412906546729,"03",31.0875246974554,3.23219832532115,13.95609488075,2.92350624910401,0,0,3.55755613989286,1.65586339393015,-0.0366553746969141
337,0.00340970163534258,28.7134112314286,15.70321986,0,2.99811148314286,3,1,0,1184.37483914286,-0.000201316064823753,-0.057364851883241,"03",30.9866895938393,3.09211051427256,15.4537212513839,1.21839697730665,0,0,3.37253397975,1.43489306564309,-0.0396596007481803
338,0.00340258169440613,28.70500685125,15.77297927,0,2.998074051,3,1,0,1197.325254375,-0.000208436005760203,-0.0594551769549678,"03",30.9550046591518,3.12145964341407,15.9468086204464,0.865625299810061,0,0,3.37259556101786,1.43495741077277,-0.0388015038273731
339,0.00341612006777966,28.6903767828571,15.3845819771429,0,2.99811148314286,3,1,0,1210.29957114286,-0.000194897632386673,-0.0554842184826354,"03",30.8172700611607,2.91214450548184,16.8260729910714,1.97496238021832,0,0,3.37283798658036,1.43521053882275,-0.0363783764528628
340,0.00342002740697266,28.67034173125,15.32619548125,0,2.998074051,3,1,0,1223.23938825,-0.000190990293193673,-0.0543410776950459,"03",30.6870206194643,2.69757310400763,16.6419076234375,2.27334852491343,0,0,3.37287073966072,1.43524474829948,-0.0353902938793228
341,0.00341580383027915,28.6538498957143,15.0830093985714,0,2.99811148314286,1.71428571428571,0.571428571428571,0,1236.19906657143,-0.000195213869887183,-0.0555767948919161,"03",30.4972970454464,2.38560038051692,16.5733322945089,3.1574247190569,0,0,3.37134029661161,1.4336474002147,-0.030753394584614
342,0.00344365892409551,28.6162570775,13.91388536625,0,2.998074051,0,0,0,1249.119028375,-0.000167358776070823,-0.0474550958270568,"03",30.1583151537053,1.8601646209107,13.9609758607946,7.39697861055311,0,0,3.11049408594643,1.49367863907992,-0.0223017857530515
343,0.00348868586720342,28.5515030685714,10.1466802501429,0,2.99811148314286,0,0,0,1262.04895985714,-0.000122331832962913,-0.0344645200917144,"03",29.7224104486607,1.32836459060991,13.181600460875,8.57082097162895,0,0,5.38397858383036,4.32112008531069,-0.0133274156359965
344,0.00353633492299354,28.13629698625,2.326171678375,0,2.999832758875,0,0,0,1274.863100125,-7.46827771727931e-05,-0.0208987851027267,"03",29.3439737531696,0.931737562286675,12.0087161419018,8.67067512852058,0.735450976,1.470901952,2.58459899151786,0.820775009848013,-0.00503472950593231
345,0.00358473086140841,27.2937177285714,1.89882204657143,0,2.19476245428571,0,0,0,1287.40551285714,-2.62868387579233e-05,-0.00730624610840014,"03",29.0912543480357,0.945886394053572,12.6501342069107,10.2022800996662,2.99682690257142,6.70110867094983,3.21893221989643,1.96319466348992,0.00370943466314295
346,0.0036334846141683,26.42480083,1.649216870125,0.12540875,-0.44229344525,0,0,0,1299.518927125,2.24669140019671e-05,0.00620249243736293,"03",28.2393634541964,1.00993970172046,10.3004690144152,10.1972015665279,0.8365156835625,1.673031367125,1.55982412499553,1.13593866254094,0.00935568120133592
347,0.0036824126301778,25.4020088642857,1.47251584457143,12.2705661421429,-1.50201976685714,0,0,0,1311.25441771429,7.13949300114669e-05,0.0195784988361014,"03",27.4602666236607,1.091154237595,11.3312458094955,11.343098378896,3.51656032603573,6.94976626826718,1.49965584897321,1.71391488976989,0.0190727652909392
348,0.0037314292562981,23.67734002125,1.573356353375,20.6596840675,-3.19279367225,0,0,0,1322.346476875,0.000120411556131767,0.0328016939814439,"03",26.1982992352143,0.993790538900167,15.5074711752571,13.0261682090814,6.15583291142858,8.71297329516893,-1.22706865315357,3.46109630556948,0.040685319189689
349,0.00378047084484928,21.6170954914286,1.55137825814286,19.0539480171429,-23.8418765257143,0,0,0,1332.56670971429,0.000169453144682947,0.0458589187437717,"03",24.4721622081547,1.08969064509628,14.4832376113244,14.1553888584149,9.86440553017857,10.8284637845307,-8.94260952251489,7.42424079735851,0.057910859892996
350,0.00382948797770734,20.02686688125,1.5481804175,22.104531955,-41.74196159,0,0,0,1341.887687875,0.000218470277541007,0.0587414613744093,"03",22.2357724209822,1.23358406076621,15.0947087190893,14.820241592424,9.58689741011905,10.5138368374107,-21.1069385534345,3.67795198189463,0.0754234233177084
351,0.00387843404632302,17.8420954028571,1.64242389285714,24.9035461528571,-26.2193387928571,0,0,0,1350.27731871429,0.000267416346156687,0.0714418299316968,"03",20.3014257994643,1.75887604963877,17.2502287537806,14.6378045989431,9.09437761714286,11.43064549053,-24.5699866187781,9.65290455904868,0.087205797440777
352,0.00392724704142662,15.19938729375,2.010428627375,28.8703071,35.15318930725,0,0,0,1357.433229,0.000316229341260287,0.0839490358042774,"03",17.5454616531633,1.94656354790568,17.3216243857628,14.5136034517176,10.915095558801,13.7017621945389,-11.6523233820842,16.6260451623042,0.092498539200424
353,0.0039758560445994,11.7431218471429,2.13790434585714,29.2869442157143,162.691849,0,0,0,1363.39255585714,0.000364838344433067,0.0962504354923404,"03",15.9558445405357,2.34515404822691,16.2984678455595,13.7822283316678,11.6973306679563,13.9752085407838,6.17480618696231,26.4891072954344,0.093719508029849
354,0.00402412500002368,9.742083595,1.927464816875,17.7886877925,292.885145675,0,0,0,1368.12682875,0.000413107299857347,0.108317849077594,"03",13.3837505935643,2.36969197120638,16.3376338995321,12.6059145702678,11.8276456237321,15.2933789164894,82.9689892971608,91.0487312174471,0.0970959194224354
355,0.00407185027116857,9.07618564614286,1.85958942714286,5.970463561,416.406491885714,0,0,0,1371.95901871429,0.000460832571002237,0.120107861077652,"03",11.3256454328214,2.58720412318291,11.5774141214986,10.5603673501444,11.3831050032486,13.7765968448719,202.647575245819,151.631266677595,0.103532072499327
356,0.0041184953001422,8.826242637,4.92201149025,0.006994982375,489.9910443875,0,0,0,1374.0913675,0.000507477599975867,0.131498230809896,"03",10.0937739529694,1.75058910333118,12.478914514787,9.83372861331079,6.90608745460587,11.4022729504189,282.008948126225,155.978295917235,0.095027704593531
357,0.00416257873254549,8.71292923,10.7950723071429,0,476.656550114286,0,0,0,1373.87823842857,0.000551561032379157,0.142145122165217,"03",10.1999927778132,1.77449299943219,12.6084408384519,10.2228315274038,7.43732495111401,11.6861419108468,267.036055665604,151.51398389593,0.106807058986452
358,0.00419068033426918,9.0036814045,15.1024094,0,439.320331725,0,0,0,1371.35908275,0.000579662634102847,0.148873443851405,"03",12.0219555255268,2.50281482662402,13.0569800380402,11.8587161982627,12.3305859812455,13.9397766244713,150.93240866272,131.798415850173,0.104717918660088
359,0.00416827842859812,10.1260585222857,20.1023069185714,0,258.745623357143,0,0,0,1367.40014457143,0.000557260728431787,0.143513455986062,"03",13.7457163792619,2.20077343348274,15.9193368974167,13.2967769825902,13.1418284708135,15.6106936831345,63.438252179385,70.9562988694736,0.100964047469404
360,0.00412518538637678,11.8903154575,24.05163136375,0,53.3802108,0,0,0,1362.555595625,0.000514167686210447,0.13312131345838,"03",16.4640356759152,1.90500796825049,15.3293224057857,14.4022471197208,13.1594970014509,14.1851060835815,0.2741306103326,21.0661829199129,0.0961821208691322
361,0.00407909463564319,14.3252122414286,28.0293797557143,0,6.418441982,0,0,0,1356.85935928571,0.000468076935476857,0.121885413566887,"03",18.6653391772024,1.41150546273328,15.4454545081667,15.1335249108577,11.6858172879762,12.8325553187384,-23.9636530675565,11.55070225185,0.090883711317269
362,0.00403184458263442,17.3437437575,29.06707272375,0,-12.101905247875,0,0,0,1349.81450475,0.000420826882468086,0.110234337143412,"03",20.7943728064584,1.29274948666575,15.2807547587857,14.9845331762365,10.61010722,11.7257461712591,-26.6480001805952,8.69148437617625,0.0882070382974133
363,0.00398405975649674,20.4064142671429,29.4601736685714,0,-22.4671010057143,0,0,0,1341.40366042857,0.000373042056330407,0.098311692118882,"03",22.60164405175,0.947732381643215,12.2216157291929,14.5821629433987,11.5042768921429,10.5168139528554,-20.8349060629786,4.04402657105833,0.0765678367577671
364,0.00393599316831617,23.23512497125,28.24345229875,0,-20.75857864375,0,0,0,1331.5210325,0.000324975468149837,0.0861735971913413,"03",24.7195696555357,1.012523476205,11.7311946738393,13.9163838583505,11.8372866362143,10.8340936850745,-6.57941569826786,5.1975043423992,0.0547810121418601
365,0.00388782666319622,25.5638023542857,26.6934718257143,0,-0.622662675285714,0,0,0,1320.49960414286,0.000276808963029887,0.0738606571027374,"03",26.5132345226429,0.991956232717274,10.4439968081143,12.5009940658239,8.94399942225716,8.47800378497811,-0.990507441839285,3.55196300593688,0.0430549861834781
366,0.0038397097821156,27.2801014975,20.736484925,0,2.880174326,0,0,0,1308.4941125,0.000228692081949267,0.0614071405014025,"03",27.7109464568214,0.975009126220252,8.51233147781428,9.81150969302513,3.48246080767858,6.0191571065573,0.921521642142856,1.37143360943543,0.0242062369607713
367,0.00379182109460837,28.0239408857143,16.6108906657143,0,-0.0129012974285714,0,0,0,1295.97299514286,0.000180803394442037,0.0488567582487685,"03",28.4345656953214,0.90256409883873,8.29463396291071,9.4428146600571,3.66603944942142,6.49078571317374,2.86862501577143,2.13061022974447,0.012946688205648
368,0.00374450117713473,28.34925795125,15.43187056375,0,6.591871539875,0,0,0,1283.200687875,0.000133483476968397,0.0362987660650465,"03",29.1701493049286,0.934056104792698,8.33293397093929,9.48352910455523,3.58518768337142,6.49828138210393,2.367834596675,0.861091093372677,0.00313630440010446
369,0.0036985096115406,28.5740375957143,13.4367205671429,0,3.39272130314286,0,0,0,1270.34308342857,8.74919113742667e-05,0.0239402861358791,"03",29.5862734774554,1.29412209503497,12.1524135170357,8.80703612943186,0.735450976,1.470901952,5.38398326284821,4.32111880491763,-0.0028866863799391
370,0.00365829318489934,28.63830327,13.71904783125,0,5.729281838,0,0,0,1257.39637375,4.7275484733007e-05,0.0130070513413933,"03",30.047863299375,1.83962897742265,13.0491018000268,8.41168136381472,0,0,3.11048940692857,1.49367284741865,-0.0137529834846168
371,0.00365377247014585,28.7099756728571,13.6010528228571,0,5.11214904714286,0,0,0,1244.453848,4.27547699795171e-05,0.0117705429676702,"03",30.4759479845536,2.38719024039165,13.9814437932053,6.93573413047702,0,0,3.37134497562946,1.43365229924636,-0.0209648284962897
372,0.00367756029505398,28.76560636625,14.98235844875,0,4.496147951625,4,1,0,1231.449026125,6.65425948876467e-05,0.0182599245032078,"03",30.5261821220982,2.35818571182449,16.7102288741071,3.0762796594743,0,0,3.37159511495536,1.433914032361,-0.024895122962956
373,0.00369641608970316,28.8811466728571,15.5299447671429,0,4.497167225,4,1,0,1218.44281357143,8.53983895368268e-05,0.023374081167411,"03",30.726943655,2.66289694265757,16.7360097841518,2.21912131917873,0,0,3.37285670262946,1.43523008732038,-0.027520385324382
374,0.00373511654689058,29.040838815,15.90635341,0,4.497111076875,4,1,0,1205.345073875,0.000124098846724247,0.0337893771459639,"03",30.8616871674107,2.87716295049501,16.6813924889286,2.08303804644376,0,0,3.37285202361161,1.43522520024561,-0.0264488017819872
375,0.00377931728233727,29.21850724,15.3276314014286,0,4.497167225,4,1,0,1192.19848828571,0.000168299582170937,0.0455537349288191,"03",31.0045629341518,3.08607305242757,15.8834528672768,0.932722968692742,0,0,3.37253865876786,1.43489795523186,-0.0252007518018541
376,0.0038228721556094,29.41674034,15.07420838875,0,4.496939616,4,1,0,1178.938402625,0.000211854455443067,0.0570123677462773,"03",31.0834259920089,3.22957100556359,14.1584295521339,2.91422422212879,0,0,3.557551460875,1.65585985391081,-0.0231020760684494
377,0.00385966356042158,29.4958249328571,10.1066816308571,0,4.51418570442857,4,1,0,1165.63918571429,0.000248645860255247,0.0665903733628141,"03",31.0800454384375,3.41312791908577,13.6815586299955,2.90179799128111,0,0,3.08672919217411,1.34842981010707,-0.0168518479387338
378,0.00385263183248254,29.20101901375,9.671992305875,0,3.052771194625,4,1,0,1152.3475285,0.000241614132316207,0.0647668618537383,"03",30.9790569505804,3.51664319300951,13.7174314113482,2.68053586482939,0,0,3.1499254525,1.3522205583667,-0.0096898746617794
379,0.00381189950338867,28.6229963685714,10.071700667,0,3.305574952,4,1,0,1139.30503542857,0.000200881803222337,0.0541379767420249,"03",31.0179178567857,3.65930248133471,14.3487536238839,1.71752035859788,0,0,3.75112242828571,1.94129350827469,-0.00959883124408586
380,0.00376605413413507,28.46737639125,12.28314106,0,6.010594999125,4,1,0,1126.407366375,0.000155036433968737,0.0420381594113772,"03",31.0643620575,3.70344744499513,13.1917939906875,3.65077564157901,0,0,3.59999129010714,1.37926100616819,-0.0109945949592047
381,0.00371892490459008,28.4995402842857,15.3680365457143,0,4.95173929628571,4,1,0,1113.56047571429,0.000107907204423747,0.0294449775506731,"03",31.0248913597322,3.45507159405206,12.5187553025,6.98600476281336,0.0012392528125,0.002478505625,3.75083577603125,0.868463961666514,-0.0149380838795246
382,0.00367130371233034,28.8077371875,16.64629966625,0,4.508760567875,4,1,0,1100.612303625,6.02860121640069e-05,0.0165571894794745,"03",29.3074226942262,0.612406747449119,17.2762697198214,3.55761676467632,0,0,2.73411435719048,0.564463878812288,-0.0188657899760486
383,0.00362362441231572,29.2460476014286,16.5167010914286,0,3.11820552342857,4,1,0,1087.515174,1.26067121493868e-05,0.00348509970911515,"03",30.7210184882143,3.14429525141086,12.9985566237723,8.61854515453092,1.7582589735,3.516517947,2.99603682576786,1.22698944506451,-0.0194050726055039
384,0.00357631012754965,29.63785608125,13.918081557125,0,2.9972332655,4,1,0,1074.19732525,-3.47075726166829e-05,-0.00965806549272052,"03",30.3181297619196,2.94931504522358,12.0729192147812,8.53172758590638,0.26358270678125,0.5271654135625,3.33322773772768,0.779512962743679,-0.0198963348648079
385,0.00353016296102976,29.7544399828571,10.6830591842857,0,2.99811148314286,4,1,0,1060.77682585714,-8.08547391365731e-05,-0.0226456089070544,"03",29.8644042930804,2.88782914024805,11.612008408683,9.10886071096254,0,0,3.37286903964286,0.749532124687809,-0.0229702879723324
386,0.00348952400379606,29.589991545,8.102263138875,0,2.998074051,4,1,0,1047.355167,-0.000121493696370273,-0.034224304739026,"03",29.4122999325893,2.56158657287516,9.91383188436162,6.67772530400972,0,0,3.37309280497768,0.749345641658512,-0.0280993136662596
387,0.00348486715992896,29.0097428442857,7.79702430914286,0,2.99811148314286,4,1,0,1034.12047042857,-0.000126150540237373,-0.0355597171976321,"03",28.9936335326786,2.24166765117813,10.6446200235268,6.68936740824251,0,0,3.22066540698214,0.89941970431635,-0.033856018641013
388,0.00351931475923463,28.3683340775,10.02947027725,0,3.0039520005,4,1,0,1021.159917375,-9.17029409317031e-05,-0.0257233433098243,"03",28.6519317749554,1.89216713899087,11.6617294407143,6.93085693673873,0,0,3.29725901423661,1.36365337681994,-0.0392043568765964
389,0.00354985344784296,28.15528409,13.3241668871429,0,4.19669989042857,4,1,0,1008.42014342857,-6.1164252323373e-05,-0.017083323204071,"03",28.3945966385714,1.53641803113686,12.6672842328482,6.81285993286621,0,0,3.37270246014286,1.43506901228021,-0.0461606703585203
390,0.00353292565325656,28.29327899375,15.86167437,0,4.496512823,4,1,0,995.6731116875,-7.8092046909773e-05,-0.0218633187673341,"03",28.2431326098661,1.15991647198275,11.3565067064777,6.67220880443461,0,0,3.37284590769197,1.43524887901921,-0.0502784051318689
391,0.00349055294866789,28.6433288185714,14.8548538857143,0,4.497167225,4,1,0,982.831665228571,-0.000120464751498443,-0.0339294813848401,"03",28.3591059599643,0.994048119039212,9.52366131097499,6.85482913574939,0,0,3.59644738120714,1.34324057440774,-0.0571709646259008
392,0.00344512755384687,28.9498188075,14.56511138875,0,4.497111076875,4,1,0,969.8033658625,-0.000165890146319463,-0.0470287131148988,"03",28.1434276018572,0.794010239952102,12.4574498957571,5.59497047394457,0,0,3.89321668592857,0.825315780144184,-0.0636990756646001
393,0.00339984606973633,29.1880205571429,14.20318116,0,4.497167225,4,1,0,956.688618057143,-0.000211171630430003,-0.0602594853083076,"03",28.1554595386786,0.708703499906197,14.021619996725,3.49981162561641,0,0,3.51242825795357,0.913660806508433,-0.0663224388227697
394,0.00335807020414307,29.2028252175,10.362119061125,0,4.497111076875,4,1,0,943.4757773875,-0.000252947496023263,-0.0726231769612937,"03",28.2214287070714,0.732242596095168,12.6589209122571,3.5446756231591,0,0,3.59747368870357,0.820744785494952,-0.0599439708574971
395,0.00334348180716753,28.9350482585714,9.03852677485714,0,4.497167225,4,1,0,930.351836142857,-0.000267535892998803,-0.0769769205595603,"03",28.35168870875,0.80736472232889,11.7168712533143,1.94591439088996,0,0,3.59783538612857,0.821223992769673,-0.0601007512074717
396,0.00337606568991038,28.62016727625,8.8593827405,0,4.4955112585,4,1,0,917.343488575,-0.000234952010255953,-0.0672786076351501,"03",28.3806602061071,0.805036035952526,12.0018801551929,1.14850136557595,0,0,3.52688990453214,1.08138271145651,-0.0632348338181639
397,0.00341203483998892,28.3369104657143,12.743499369,0,5.45594414314286,4,1,0,904.492190428571,-0.000198982860177413,-0.0566808018096703,"03",28.6290504264881,0.82161246572306,11.5699615944881,3.16616102583845,0,0,3.31524662490476,1.1167378283461,-0.0723481026290596
398,0.00340986240783949,28.23236077125,16.1288964375,0,5.489068490625,4,1,0,891.715308825,-0.000201155292326843,-0.0573177015108106,"03",28.5938852274405,0.598192138059107,10.5048371707143,4.13205470607033,0,0,3.19151340172024,0.749210864294092,-0.0742195416716021
399,0.00339689187257551,28.3681311357143,16.66243183,0,4.49461188928571,4,1,0,878.955250557143,-0.000214125827590823,-0.0611287838703527,"03",28.461788225625,0.369376990435636,11.580319262253,3.70494672153854,0,0,3.57161707419941,0.738530211735855,-0.0741718971318469
400,0.00341701535774515,28.65524323625,16.86349709375,0,4.497111076875,4,1,0,866.0675091,-0.000194002342421183,-0.0552221748120054,"03",28.4068462722619,0.412003523134745,12.8039546769286,2.26309160946171,0,0,3.74838881002976,0.821916914979503,-0.0721438732484723
401,0.00343854446954289,29.0228733714286,17.2503835028571,0,4.497167225,4,1,0,853.055701528571,-0.000172473230623443,-0.0489413801034626,"03",28.5131825626786,0.598900276098985,13.1634482548929,1.97214654838731,0,0,3.89794505209286,0.821432581046419,-0.0766112828040962
402,0.00345618351280698,29.38655420625,16.64450522375,0,4.496996746,4,1,0,839.8472939875,-0.000154834187359353,-0.0438246934754236,"03",28.5668664693929,0.663922378163904,12.1805004993143,0.578713866575586,0,0,4.07844205083571,1.11671633975686,-0.0777431740412356
403,0.00346974622586474,29.5593316114286,11.6686672315714,0,4.254226393,4,1,0,826.530323871429,-0.000141271474301593,-0.0399081853633207,"03",28.703724183125,0.642822437254529,11.9919072213929,1.48611487728445,0,0,3.68750240816965,1.377521107247,-0.0718690743278487
404,0.00348429627105156,29.4422390625,10.062049057,0,3.00000303025,4,1,0,813.183360925,-0.000126721429114773,-0.0357235500214559,"03",28.6411357178125,0.557825219352207,11.9917125104196,1.9378770721988,0,0,3.37273147138393,0.75087319762387,-0.0734561447440107
405,0.00349642366107976,29.09567772,9.14673638042857,0,2.99573772728571,4,1,0,799.959978257143,-0.000114594039086573,-0.0322490081406039,"03",28.5793273936161,0.548149851033928,12.124982501183,1.24332221122776,0,0,3.8416829769375,0.985786441585341,-0.0707271409944013
406,0.00347956193556865,28.74686215875,10.473157651875,0,4.87284021475,4,1,0,786.898640075,-0.000131455764597683,-0.0370832376933912,"03",28.5550989564732,0.600039122247313,12.2933237516964,1.35237605921824,0,0,4.03420897611161,1.53482004052582,-0.0643589313132405
407,0.00344393923171127,28.5470603771429,10.9796074842857,0,5.99636497257143,4,1,0,773.9635377,-0.000167078468455063,-0.0473737009484836,"03",28.5063446160268,0.696560614041132,13.4425461094643,1.62159334057975,0,0,3.19659799627679,1.68656268730007,-0.0573815252236392
408,0.00342479926232212,28.35713903125,13.394036215,0,4.40557236625,4,1,0,761.106134875,-0.000186218437844213,-0.0529467820572904,"03",28.4609706916518,0.742015062071097,13.8634966291964,1.17066986363166,0,0,2.90375731761607,1.38321627102008,-0.0530626895385784
409,0.0034514741840252,28.3178008628571,12.7974919442857,0,2.99669514371429,4,1,0,748.3139786,-0.000159543516141133,-0.0451882032443587,"03",28.3759637778572,0.74525902158522,14.0945451887054,2.2065369680328,0,0,3.15208116860715,0.306383897592687,-0.0498639328840463
410,0.00349499062764865,28.27570115,12.71091576625,0,2.998074051,4,1,0,735.5200339375,-0.000116027072517683,-0.0326589490627125,"03",28.2451882498214,0.789656918038887,14.1023098534822,2.5722683924657,0,0,3.14506894206697,0.293964827901628,-0.0456660567162709
411,0.00354021394189384,28.2396325142857,12.6198265214286,0,2.99811148314286,4,1,0,722.703982157143,-7.08037582724933e-05,-0.0198024825820369,"03",28.1024131579464,0.848649933201943,14.0935122264286,2.86725098288527,0,0,3.23277556739286,0.469353123593603,-0.0391460033246258
412,0.00358001420320543,28.1822646575,12.3898641,0,2.998074051,4,1,0,709.8821761875,-3.10034969609029e-05,-0.00862287599826939,"03",27.9951393339286,0.848061353391022,13.9123919936607,2.56655189159891,0,0,2.99752298293303,0.00109420645760172,-0.0323442885936553
413,0.00361436675223219,28.0971655657143,12.3689258671429,0,2.99806213485714,4,1,0,697.181438671429,3.34905206585698e-06,0.000927023948706918,"03",27.9621844020536,0.746484668017634,12.9672424804911,1.69949252052044,0,0,3.18355883932143,0.359103334970407,-0.0276802287560823
414,0.00364192918578318,28.0374168625,12.25853004625,0,3.015946195,4,1,0,684.4955252375,3.09114856168469e-05,0.00852389309090196,"03",27.9779579612054,0.616080202777671,12.6897922961518,1.75724094553564,0,0,3.56669854932589,0.722119435211025,-0.0260514225760934
415,0.0036622755253955,27.9445485985714,12.7275017228571,0,4.50344949042857,4,1,0,671.8653819,5.1257825229167e-05,0.0140950380642249,"03",27.9778841457589,0.537273355287087,13.2044504146786,1.43045843515913,0,0,3.37422461776339,0.748624102860272,-0.0254677436853635
416,0.00365916994133315,27.86337732875,13.07899585,0,4.497154256625,4,1,0,659.2558618375,4.81522411668171e-05,0.0132466853235309,"03",27.9662574980803,0.494821602085457,13.4324946938393,1.23149826775778,0,0,3.980646421,1.19669015392342,-0.0245303546460334
417,0.00363371023629384,27.7748773285714,12.7550840428571,0,4.497167225,4,1,0,646.703744942857,2.26925361275069e-05,0.00626458575508693,"03",28.0055791355804,0.508442677219041,13.2114131367857,1.00294491206083,0,0,4.12236104621875,1.43518261538383,-0.0238202898146329
418,0.00363710988029884,27.70323418375,12.56054906,0,4.497111076875,4,1,0,634.1665492875,2.60921801325067e-05,0.0071997331262823,"03",28.0851187908928,0.58847066737185,12.6731014354018,1.96901026131362,0,0,3.7240383578125,0.840238502425054,-0.0225856934172037
419,0.00365137395114817,27.6337045185714,12.4326929928571,0,4.497167225,4,1,0,621.676857985714,4.03562509818369e-05,0.0111138774116704,"03",28.1763003597768,0.680229558916494,12.7978426954464,2.23642182043913,0,0,3.19329702779018,0.94877998880103,-0.0346970037263995
420,0.0036603315888343,27.56390660625,12.3907887175,0,4.497111076875,4,1,0,609.203958975,4.9313888667967e-05,0.0135640969599304,"03",28.2768220482143,0.783735287051284,12.4901957593929,1.69780912000597,0,0,3.47159913746875,1.77868986823619,-0.0384896854208056
421,0.00368144972389729,27.4868651328571,12.3089791385714,0,4.497167225,4,1,0,596.779623114286,7.04320237309569e-05,0.0193169767669623,"03",28.3790572227678,0.901963623917681,12.5297444033036,2.00430294773445,0,0,2.64882029568304,1.44918258133147,-0.0357178722757639
422,0.00370216692797643,27.4100558325,12.4662727725,0,4.497111076875,4,1,0,584.3720179125,9.11492278100967e-05,0.0249286597298868,"03",28.3892056761607,0.866574533056613,14.1600412777768,1.66323985233333,0,0,3.0466806541875,1.22787987145089,-0.0181018364354495
423,0.00369658314131552,27.3471662571429,12.3043603128571,0,4.497167225,4,1,0,572.011649028571,8.55654411491867e-05,0.0234192730043503,"03",28.3428645493304,0.771263140719959,15.4718447221429,1.35489930190715,0,0,3.37240256036161,1.43474292150299,-0.0134918437485319
424,0.00366220746259354,27.29502736875,14.96475569,0,4.497111076875,4,1,0,559.6644234375,5.1189762427207e-05,0.0140764530527742,"03",28.4496624174286,0.671962573209349,16.0329484258214,1.41784476879515,0,0,2.92699591958929,1.4167069601698,-0.00128587452003348
425,0.0036339968256097,27.3874837385714,15.5430774714286,0,4.497167225,4,1,0,547.336920242857,2.29791254433669e-05,0.00634345225470767,"03",28.3495743916429,0.511430400244662,15.9101714260714,1.60418955775356,0,0,2.81086537215714,1.3114825934801,0.0033501287476931
426,0.00363989697375696,27.61309316375,15.22864038875,0,4.496939616,4,1,0,534.9054986625,2.8879273590627e-05,0.00796573309679083,"03",28.3006323982857,0.482257153068071,15.8509689710714,1.33058511681655,0,0,2.940114001125,1.43156823580647,0.0081970783480223
427,0.00363836550722121,27.8194120871429,15.90371248,0,4.51418570442857,4,1,0,522.399650514286,2.7347807054877e-05,0.00754490009708242,"03",28.3415520462857,0.54959900905826,15.4705313148214,0.817684766939399,0,0,2.411298057075,0.833033760419855,0.0126910161421501
428,0.00363508160775772,28.03817074,15.73267941375,0,3.053451650875,4,1,0,509.7781617875,2.4063907591387e-05,0.006641917083825,"03",28.4619970053214,0.616395332616682,15.061309002,1.74934901015352,0,0,2.57102762236071,1.04000517126747,0.0163757334826437
429,0.00366391923267794,28.2989336085714,17.2104016642857,0,2.99827429485714,4,1,0,497.065532885714,5.2901532511607e-05,0.0145437586673287,"03",28.5681343417857,0.657304096871222,12.4817342530786,2.11605930992824,0,0,2.69832526445357,1.25482738566203,0.0201066370196548
430,0.00370883843809844,28.4917077575,12.668834575,0,2.996201012625,4,1,0,484.2171501125,9.78207379321067e-05,0.0267290933862112,"03",28.4276721346875,0.574165273249705,12.4740480511875,3.5651908732407,0,0,3.13777842637947,1.25557861443544,0.025499837990331
431,0.00375600285112699,28.44553917,14.1972897042857,0,3.55783596157143,4,1,0,471.365613314286,0.000144985150960657,0.0393656753440919,"03",28.3105619670536,0.437946846128289,12.7789685754554,1.81977915716173,0,0,3.48742749081697,1.4145427288514,0.0328476854786822
432,0.00380383576065343,28.44403662875,15.17514025125,0,4.501127588625,4,1,0,458.51392255,0.000192818060487097,0.0520203228957818,"03",28.5036364111607,0.430324961938208,13.066614586817,2.9440220499811,0,0,3.74956029695536,1.50033939806706,0.0398140938000413
433,0.00385184174114148,28.5137377328571,14.7644308614286,0,4.497167225,4,1,0,445.655149285714,0.000240824040975147,0.0645617624875658,"03",28.7636354858928,0.585993132916868,12.2621785523036,3.18513735699127,0,0,2.85643567152232,1.27554608855788,0.0439964649852516
434,0.00389973221508927,28.5498293675,14.50294872,0,4.497111076875,4,1,0,432.7613378875,0.000288714514922937,0.0769182419116889,"03",28.9419919767857,0.638241024919673,13.2071700799732,1.64808756844865,0,0,2.62276581739286,1.43507554778606,0.0452805363821447
435,0.00394718490849352,28.6234031971429,14.6122835742857,0,4.497167225,4,1,0,419.853378385714,0.000336167208327187,0.0890129970637092,"03",29.0316654457589,0.624554110414189,13.8657551725893,1.78114599666127,0,0,2.62349976152232,1.43527660835514,0.0457283310377532
436,0.00399348961611416,28.66370968625,15.4220518025,0,4.497111076875,4,1,0,406.91034765,0.000382471915947827,0.100675792504226,"03",29.079442518125,0.667898762062374,13.4065313665179,2.38448061912126,0,0,2.73338498898661,1.48940573022569,0.047789026020769
437,0.00403635039975201,28.7341678528571,15.3837406771429,0,4.497167225,4,1,0,393.9506617,0.000425332699585677,0.111351270356892,"03",29.0832553421429,0.726846458221725,14.5352261722902,1.29211252403338,0,0,2.99928942655804,1.73233257767361,0.0511184948645515
438,0.00405326086226003,28.777862225,15.39514575,0,4.497111076875,4,1,0,380.9540046375,0.000442243162093697,0.115532061293252,"03",29.202955595,0.714035880162176,15.3967801511071,0.351144223523576,0,0,2.69828536210357,1.64212132980106,0.0645153141327019
439,0.00402180637229226,28.8044699171429,14.8973055857143,0,4.497167225,4,1,0,367.953352728571,0.000410788672125927,0.107741501199225,"03",29.2600080279286,0.681460630769659,15.0577986103929,0.562268773774932,0,0,2.69828161888929,1.64212474687256,0.0644011099807884
440,0.00397866454701308,28.827774715,14.56516538,0,4.497111076875,4,1,0,354.929486925,0.000367646846846746,0.0969565754607826,"03",29.3044544342857,0.591361997499914,15.1350175034643,0.863204273011616,0,0,2.69787781215357,1.64156343585837,0.0624313661602172
441,0.00393400657143435,28.8279168928571,14.5594817385714,0,4.497167225,4,1,0,341.9108093,0.000322988871268017,0.0856687440936987,"03",29.2112016936607,0.50569094525487,15.1380095872768,1.03682766980324,0,0,3.15845603264732,1.93394801765224,0.0603159761068199
442,0.00388993137827869,28.79402408875,14.1438269525,0,4.497111076875,4,1,0,328.8894667375,0.000278913678112357,0.0744018709251524,"03",29.2122707946875,0.385680266366383,15.0992929073214,1.06326299537549,0,0,2.99882047244196,1.73177952919126,0.0589213286753539
443,0.00385097484199381,28.7684723042857,13.7304374128571,0,4.497167225,4,1,0,315.892587685714,0.000239957141827477,0.0643366762169881,"03",29.1932031439286,0.332157359338362,15.0574475767857,1.21620041209571,0,0,2.99808808821875,1.73095506933111,0.0581556213353123
444,0.00384980091036126,28.70885107,13.48660894625,0,4.497111076875,4,1,0,302.9027296125,0.000238783210194927,0.0640317896318168,"03",29.1346385505357,0.36385997829933,14.8507184244643,1.6582762352728,0,0,2.99809744625446,1.73094426360223,0.0588583718684339
445,0.00388092357615948,28.6158788157143,12.7249659214286,0,4.497167225,4,1,0,289.957841085714,0.000269905875993147,0.0720835144573595,"03",29.0443283170536,0.470647887233893,14.406459776375,3.97155309884812,0,0,2.99808808821875,1.73095506933111,0.0611087745816867
446,0.00390088683260652,28.5208973525,14.18018657625,0,4.497111076875,4,1,0,277.047129275,0.000289869132440187,0.0772142741852866,"03",28.8934764316071,0.38698430130984,13.549451291375,4.39730433275481,0,0,2.99766890894197,1.7304495821069,0.0640310120793917
447,0.00391864077661928,28.4476385728571,15.4951321385714,0,4.497167225,4,1,0,264.190439957143,0.000307623076452947,0.0817552068229581,"03",28.7476061297321,0.452119804210886,12.3908301899018,3.19717515142528,0,0,3.13742267400447,1.90548108031799,0.0673694589309402
448,0.00395650717718243,28.52617027625,15.73695622125,0,4.497111076875,4,1,0,251.32481105,0.000345489477016097,0.0913719636517154,"03",28.6760596375893,0.708823186800298,13.4212476253616,1.51091140062005,0,0,3.08634275809375,1.84140567413891,0.0726214244570254
449,0.00400255759029805,28.6735086728571,15.48692298,0,4.497167225,4,1,0,238.414443714286,0.000391539890131717,0.102943907639215,"03",28.7496204254464,0.714579540691799,15.0119334807589,2.78424229002088,0,0,3.26267049124107,1.48926571958684,0.0810358617293002
450,0.0040496844729377,28.81779706625,15.0245370275,0,4.497111076875,4,1,0,225.426094675,0.000438666772771367,0.114649323148456,"03",28.9987995197322,0.453096937427236,14.3555256091518,2.16733417697169,0,0,3.37269045196875,1.43528149009952,0.0911766941054539
451,0.00409671955441137,28.9637308057143,14.8106198071429,0,4.497167225,4,1,0,212.380782057143,0.000485701854245037,0.126196897470416,"03",29.19467183625,0.307414016089453,13.9443384924107,1.41103705365118,0,0,3.37284734459375,1.43523334534064,0.0999007355723271
452,0.00414271013585053,29.09847054625,14.70390831125,0,4.497111076875,4,1,0,199.2597086375,0.000531692435684196,0.137360548278811,"03",29.3850279845089,0.339856915063841,13.1801042521607,1.93980549919101,0,0,3.37337484025447,1.43504353999166,0.106304954114098
453,0.00418463159270512,29.2065527171429,14.0888807428571,0,4.497167225,4,1,0,186.093632214286,0.000573613892538787,0.147429021834887,"03",29.4559106933929,0.296647051716845,14.4073771682589,0.401814533168438,0,0,3.213817717625,1.52315131557388,0.11161418995619
454,0.0041946065808539,29.29403085875,13.8411019975,0,4.497111076875,4,1,0,172.8787884875,0.000583588880687567,0.149809904778205,"03",29.4320557446429,0.312956460317148,13.2771780324598,1.80255161287084,0,0,2.99865158200446,1.73030463937184,0.116421483039524
455,0.00416136668384866,29.3572736771429,14.3721381842857,0,4.497167225,4,1,0,159.636958257143,0.000550348983682327,0.141853902409285,"03",29.308400373125,0.350481948782094,13.4738701406696,3.33740163450382,0,0,2.99856196371428,1.73150225977865,0.119931612323587
456,0.00412547353403945,29.433146195,12.2890680525,0,4.497905864,4,1,0,146.353096,0.000514455833873117,0.133191161856813,"03",29.0983930311161,0.38088222462765,12.594450182125,4.16071267884156,0,0,2.79985296092411,1.52617994036487,0.121650918012479
457,0.00412625490537767,29.2492623157143,8.39559371028571,0,4.43184650242857,4,1,0,133.089733885714,0.000515237205211337,0.13338054553015,"03",28.7707228478125,0.410880732580956,12.5823814187723,4.01118096415194,0,0,2.32279895992857,0.95882421466038,0.122208089317448
458,0.00415808889276888,28.6118742,7.472463255625,0,3.294372811,3,0.75,0,120.0095955875,0.000547071192602547,0.141065920277427,"03",28.4499966775446,0.516833161504641,12.7643918280357,4.83474288765122,0,0,2.62163524267857,1.43226985493718,0.123944993270666
459,0.00416129224357856,27.9774406528571,6.14253072285714,0,4.49035543657143,0,0,0,107.250090271429,0.000550274543412227,0.141836013830897,"03",28.1744961892411,0.69550239929739,12.3918718288795,6.71049814122343,0,0,2.62340884016072,1.43533929863788,0.127706807289207
460,0.00412691306775782,27.57415645,6.932185978625,0,4.49740664675,0,0,0,94.68997824875,0.000515895367591486,0.133540038798126,"03",27.6189711896875,0.788331188859965,11.4841096314464,10.3378538768251,0,0,2.62498238085714,1.43351879707289,0.121614847069513
461,0.00408395445536517,26.9476585514286,3.47048951757143,0,4.497167225,0,0,0,82.3655851042857,0.000472936755198837,0.123076101047237,"03",26.7459929867411,0.532027356271609,12.2411897184375,13.0037868489171,0,0,2.49943929325446,1.57881947378261,0.126098028829124
462,0.00404169453885965,26.02135355125,1.941132987,0,4.497111076875,0,0,0,70.39739442625,0.000430676838693317,0.112674397374776,"03",25.9772575644197,0.614359675124122,10.8264166406473,10.9179608420417,0.18616068475,0.3723213695,2.76677123320089,1.3100555544808,0.130633102028163
463,0.00401321675470356,25.1012161671429,1.88712048542857,0,4.49765306385714,0,0,0,58.8527597671429,0.000402199054537227,0.10560345616532,"03",24.9825080608482,0.608749587205315,12.3924328857455,12.4206764604715,3.69267133588392,7.38220400728573,1.22415510191071,2.07358212876264,0.137678296186222
464,0.00403355763623137,24.13264370875,1.828935831625,0.00470849725,4.304507374625,0,0,0,47.740911695,0.000422539936065037,0.110659127757382,"03",23.5598598139286,0.200020336709307,13.664582240875,13.9736448305029,5.14833252346429,7.69932975244291,-7.50250786260714,6.75932333774764,0.144400273554579
465,0.00407530777611827,23.3242931728571,1.73574945471429,4.30426465885714,-7.12336179342857,0,0,0,37.0374715557143,0.000464290075951937,0.12095662454887,"03",21.9842257179911,0.527491443345507,14.2323638150446,14.6706228641496,6.98890836427677,8.3607695575997,-17.2180541519152,7.89857230556012,0.15302851867432
466,0.00411857895594881,22.61896522125,1.6923363875,16.65438564125,-22.692775675,0,0,0,26.66174542625,0.000507561255782477,0.131518542828941,"03",19.7257730611786,1.78652763810066,16.1055912286929,13.2473422866015,6.29378745218214,8.61889593242784,-14.4264596877214,13.4341433572042,0.163445508776823
467,0.00414705845559112,21.6261118771429,1.65044214457143,15.8976628042857,-22.2701141171429,0,0,0,16.7593510857143,0.000536040755424787,0.138409629441094,"03",16.635048634949,2.42646649638493,16.6457827357168,13.7717511171448,11.7631504613265,15.1484679490082,4.36128409958929,32.5373210689876,0.173821411268288
468,0.00414110346853012,20.47072375625,1.811803695,21.64025682375,-9.986085054875,0,0,0,7.3956311875,0.000530085768363787,0.136972643050979,"03",11.7895332103232,3.71172090281302,17.5974440788411,11.3550659217342,8.32108164583929,13.9237952402581,75.5696377393715,90.2140676692668,0.177727984223706
469,0.00415943263617836,18.8331411528571,2.02652729285714,18.8589943614286,13.9682241055714,0,0,0,-1.26736828085714,0.000548414936012027,0.141389031767835,"03",4.26019552148766,4.57444268863171,6.91380390623743,7.36175916180402,15.8971161342019,19.9520362434817,23.9370668147129,235.721385623591,0.191246492579212
470,0.0042028497456141,17.70235710875,1.954981008875,23.589678155,36.93505574875,0,0,0,-9.389284711,0.000591832045447767,0.151773158147102,"03",3.56981552225843,4.09471085725816,4.25710940108705,4.70570367628687,18.1823449624333,20.4951194486689,5.08188957751482,226.26850882606,0.202849970209865
471,0.00424971210315291,14.4745649628571,1.51341106685714,33.5894843042857,92.0071685971429,0,0,0,-16.7020323157143,0.000638694402986577,0.162861592026558,"03",7.42954307594048,1.71072497725747,2.99135365860318,1.29627407815237,3.32809419079563,8.99865774530001,329.759201347143,228.237761713309,0.213331438575392
472,0.00429725732409687,10.6787652675,1.607401239375,27.20256193625,216.8828799125,0,0,0,-22.311522675,0.000686239623930537,0.173987339152001,"03",7.38106175866667,1.30058037100782,2.56532403415476,0.682201648175063,0.458380963485118,1.11826416199585,461.380192115774,98.3678531738538,0.21264734638619
473,0.00434482426709754,9.20689863814286,1.99939194171429,2.74101557628571,342.2068997,0,0,0,-26.4088922114286,0.000733806566931207,0.184995664346931,"03",7.61976331210714,0.925309110298532,2.35751444514881,0.274914507341514,0.00309006820833333,0.00535215513568666,518.997464739286,65.9419565737845,0.214841170009548
476,0.00448010236147788,6.702064210625,2.132569947125,0,573.235665975,0,0,0,-28.43927372125,0.000869084661311547,0.215656245319281,"03",8.07861286284822,0.670176422974743,2.46998669416072,0.274328146399306,0.0046351023125,0.0065550245533244,491.878364121428,65.4523457458097,0.214123033502029
477,0.00449631080612908,6.18010386928571,2.44631117014286,0,518.452410814286,0,0,0,-26.0053880742857,0.000885293105962747,0.219267590207944,"03",8.01654714361607,1.09569503156152,2.26798381929018,0.287138043626703,0.687571445227677,1.36896972902554,474.799823479464,103.501789338382,0.215647805297727
478,0.004462989634263,6.04007810825,3.873697757625,0,350.6294479625,0,0,0,-23.37966569375,0.000851971934096667,0.211829213745268,"03",7.64925848875,1.25495636641602,2.30364928946072,0.261144253020729,0.550057156182142,1.22478956874219,483.530340946429,91.7364429950818,0.214617256141303
479,0.00441913284872896,6.01232234771429,5.379133857,0,97.6601930271429,0,0,0,-20.9187439257143,0.000808115148562626,0.201953839689035,"03",7.85216225992857,1.72137760545642,2.4284779206148,0.720361427003323,4.27897824530867,10.1597657818711,426.452004658163,128.854090874958,0.213692211446574
480,0.00437327735527643,5.88842951625,4.543703626125,0,-114.99141351,0,0,0,-18.5236689425,0.000762259655110097,0.191523046059811,"03",7.62218227090179,1.7213254736293,2.79730991266295,1.23817825056152,3.74410596464509,9.52699917097062,385.353028204286,166.566721458669,0.212757533509192
481,0.00432693366403474,5.77068489671429,1.85084066485714,1.118187893,-131.166146985714,0,0,0,-16.0388818785714,0.000715915963868407,0.180869481818517,"03",8.13404526463214,2.75038865194885,2.84355939942857,1.30845518581458,6.35423320214464,12.7888114649622,305.983998072143,227.940838607129,0.215428107536498
482,0.00428088078032674,4.96221529225,1.887098231875,21.49378615625,-147.5393185375,0,0,0,-13.5985354075,0.000669863080160407,0.170169129865859,"03",7.88376797970436,3.01347352413213,2.81627347453571,1.41566748771164,7.18347218998016,13.288039207963,216.101900610318,253.132109591465,0.216388069361997
483,0.00423626602110328,3.41827559957143,1.91733807814286,23.4264358928571,-131.412370757143,0,0,0,-11.7070881457143,0.000625248320936947,0.159692577732931,"03",7.67159058894643,2.97177279673576,4.11467437643214,4.40441121151136,8.61450358660714,13.3203372712172,172.642780085536,253.927271542223,0.215893457391946
484,0.00420226188364428,1.99386949116667,2.0652562405,28.3033481716667,-86.79864557,0,0,0,-10.5059950066667,0.000591244183477947,0.151633276136554,"03",3.86725873545408,4.30225179812297,3.89589816570663,4.20657798365792,17.9557481507968,21.2869541684741,26.8683917553741,231.095551966304,0.205830188180823
485,0.0041906089527037,0.919964545,2.072704387,31.00221976,-67.77378322,0,0,0,-9.893711397,0.000579591252537367,0.148856410299327,"03",3.68502643431315,4.14677371390329,4.35208353213432,4.78788620950556,17.6249591016695,20.7689162202202,8.24952752523286,230.809085465362,0.200395717486659
1,0.00494999472693602,0,3.51461829614286,37.8941116128571,-476.858091257143,0,0,0,-5.48602895028571,0.0010703670510154,0.243647316524483,"04",6.20324193759227,6.05519045370685,6.38400133202083,5.23769362029694,16.9044275541667,14.9491382068505,-182.888125493809,437.346882721114,0.215373557517629
2,0.00501288687780496,5.2625e-06,3.519742114625,38.09789957875,-476.685092425,0,0,0,-5.485850868625,0.00113325920188434,0.256272777215189,"04",2.66148954838648,4.92278418463285,4.86989570910077,3.52649704349102,26.0031021277449,14.2350811263718,-413.320872406531,343.921978880517,0.209292447400458
3,0.00507278207077714,0.00109400614285714,3.51987114142857,38.1663996928571,-508.764202785714,0,0,0,-5.48591936157143,0.00119315439485652,0.268150203734406,"04",4.65610005033706,5.86484246886069,5.74741705972991,4.58415966010517,20.1172831589107,14.6267116603099,-274.063397311429,408.110206896739,0.214825870292754
4,0.0051243409512363,0.00205743275,3.50581841625,38.15781977,-583.8929177625,0,0,0,-5.485850868625,0.00124471327531568,0.278262726397284,"04",2.66148954838648,4.92278418463285,4.86989570910077,3.52649704349102,26.0031021277449,14.2350811263718,-413.320872406531,343.921978880517,0.209292447400458
5,0.005145929820593,0.00320451814285714,3.46633816771429,36.3941878528571,-617.177720642857,0,0,0,-5.48591936157143,0.00126630214467238,0.282466880545574,"04",4.65610005033706,5.86484246886069,5.74741705972991,4.58415966010517,20.1172831589107,14.6267116603099,-274.063397311429,408.110206896739,0.214825870292754
6,0.00511366808261589,0.000135245875,3.990548670625,10.6331996285,-621.4808381375,0,0,0,-5.485850868625,0.00123404040669527,0.276177775652878,"04",2.66148954838648,4.92278418463285,4.86989570910077,3.52649704349102,26.0031021277449,14.2350811263718,-413.320872406531,343.921978880517,0.209292447400458
7,0.00506044173333509,5.05002857142857e-05,3.980470392,23.6058193571429,-620.172461371429,0,0,0,-5.48591936157143,0.00118081405741447,0.265714583336093,"04",4.65610005033706,5.86484246886069,5.74741705972991,4.58415966010517,20.1172831589107,14.6267116603099,-274.063397311429,408.110206896739,0.214825870292754
8,0.00500132975877851,0.008556435,3.907672879375,44.55980193875,-618.7866830875,0,0,0,-5.485850868625,0.00112170208285789,0.253964633833446,"04",2.66148954838648,4.92278418463285,4.86989570910077,3.52649704349102,26.0031021277449,14.2350811263718,-413.320872406531,343.921978880517,0.209292447400458
9,0.00494029284843194,0.00517560771428571,3.85502070971429,43.3583561857143,-617.617471957143,0,0,0,-5.48591936157143,0.00106066517251132,0.241685415751451,"04",4.65610005033706,5.86484246886069,5.74741705972991,4.58415966010517,20.1172831589107,14.6267116603099,-274.063397311429,408.110206896739,0.214825870292754
10,0.00487895613922984,0.0054567315,3.724309311,42.01007844125,-617.6028446625,0,0,0,-5.485850868625,0.000999328463309223,0.22919209659245,"04",2.66148954838648,4.92278418463285,4.86989570910077,3.52649704349102,26.0031021277449,14.2350811263718,-413.320872406531,343.921978880517,0.209292447400458
11,0.00481885215660446,0.00251379957142857,3.73659459942857,41.9896486757143,-617.211950085714,0,0,0,-5.48591936157143,0.000939224480683843,0.216796563678635,"04",4.65610005033706,5.86484246886069,5.74741705972991,4.58415966010517,20.1172831589107,14.6267116603099,-274.063397311429,408.110206896739,0.214825870292754
12,0.00476317331985532,4.45000000000004e-06,3.708655825,31.1596380025,-615.0773804,0,0,0,-5.485850868625,0.000883545643934703,0.205174915959128,"04",2.66148954838648,4.92278418463285,4.86989570910077,3.52649704349102,26.0031021277449,14.2350811263718,-413.320872406531,343.921978880517,0.209292447400458
13,0.00472318671834331,1.48428571428571e-05,3.64090843928571,19.5907527528571,-613.041228357143,0,0,0,-5.48591936157143,0.000843559042422693,0.196744530156142,"04",4.65610005033706,5.86484246886069,5.74741705972991,4.58415966010517,20.1172831589107,14.6267116603099,-274.063397311429,408.110206896739,0.214825870292754
14,0.00473289098391538,0.001454936,4.150380755125,46.727114595,-610.288425,0,0,0,-5.485849681875,0.000853263307994763,0.198797023606209,"04",1.86385346175179,4.25953999863031,4.52676435721429,2.96789104211463,28.4330933574089,13.9049598368555,-466.000898508321,297.645142451487,0.20028169772462
15,0.00477884456436486,0.0293487771428571,4.16071018957143,21.6175883334286,-618.320334271429,0,0,0,-5.48592859342857,0.000899216888444244,0.208459600280865,"04",5.31706451793623,6.00429977538124,5.97408946975255,4.90279405311031,19.9029538482653,15.7850793629429,-224.883834888571,414.41411306552,0.214666713542457
16,0.0048343577690217,0.634266298375,10.8381546675,0.02076203625,-622.1063869125,0,0,0,-5.50109512725,0.000954730093101083,0.220009096204239,"04",9.14629633179465,5.13766095539849,5.99968506922767,6.00634822894416,16.0001093307589,11.6728440231431,-1.29279882330342,427.81566619536,0.215854872133101
17,0.00489183384791739,1.80131102471429,14.9841900542857,0,-622.108182142857,0,0,0,-5.521765418,0.00101220617199677,0.231828058658445,"04",11.5946247674881,1.90459112798214,3.00485007420833,0.547821765409166,21.3334791076786,5.80636997777293,205.645662283214,132.658231001572,0.216217899099586
18,0.00494803402698141,2.994078169125,14.0961778375,0,-622.0783830875,0,0,0,-5.319560631,0.00106840635106079,0.243251136640713,"04",1.77516781766837,4.17153029028092,4.50884132854337,2.89390813780648,29.3042372258656,14.1285964303565,-472.871733103163,291.812225604653,0.200338800575328
19,0.00499809963630596,3.885808263,14.2219181914286,0,-618.994959814286,0,0,0,-4.55501008057143,0.00111847196038534,0.253318572464807,"04",1.83057283364367,4.07928277981744,4.94462935167776,3.48625232751283,27.9722264428718,15.1375432070559,-479.653853556997,286.550767310724,0.198622307132713
20,0.00502124421704604,4.696476587625,16.60103182875,0,-563.745187875,0,0,0,-3.0196334165,0.00114161654112542,0.257938559917851,"04",1.55826205344887,3.69880834669836,5.47512330071023,3.96040287297293,27.3000041704692,16.0516327195574,-523.291069497257,221.289488213722,0.19240246333784
21,0.00499210304801562,5.72210598785714,16.38874761,0,-347.711028542857,0,0,0,-0.777213627285714,0.001112475372095,0.252118078524902,"04",2.68564174239352,4.47455396211745,7.15037513294643,5.57416761484147,23.1014403801369,17.4643029747461,-377.650256086852,423.782512561257,0.188837835050196
22,0.00493709746850286,6.62151537475,16.94778973,0,-117.7404846445,0,0,0,1.95709154825,0.00105746979258224,0.241038406800033,"04",2.81273823176909,4.21857310754909,7.9315636785,6.09244764883808,21.5242263298454,17.8542732300245,-337.197288750012,454.314507539057,0.182192522150239
23,0.00487547600160678,7.48845807042857,18.73817831,0,22.1154733514286,0,0,0,5.06229871242857,0.000995848325686163,0.228478546557119,"04",3.39066213347433,4.43875334374084,8.53177069484766,6.59525547516355,20.477702548024,17.8782870559221,-295.75708776941,454.041691839839,0.178033845886122
24,0.00481100432060727,8.692313817875,21.63423729,0,62.39845868125,0,0,0,8.66741123325,0.000931376644686653,0.215166666578895,"04",3.84998096853466,4.8211531328502,9.26027774453309,7.08372990699604,19.0297064828041,17.9690871567092,-279.451947057785,444.822055347881,0.164058205586261
25,0.00474510301074376,10.3602726617143,22.1446967257143,0,47.7195976857143,0,0,0,12.9317014071429,0.000865475334823143,0.201373947232756,"04",9.8247998679739,3.80161185798447,13.3357471131635,8.39495505593391,9.73817994193818,13.2327639055445,128.054261475956,268.582753199037,0.161047458430089
26,0.0046783036082919,12.13978421,21.1624367075,0,25.084832185,0,0,0,18.0170071075,0.000798675932371283,0.187196373741363,"04",12.5843888942338,3.66743654525632,13.6050212146493,9.82875789820748,11.4169719655682,13.8781927134383,46.5808521199432,92.1634632679942,0.148183800748683
27,0.00461095130364664,13.663746,22.4311093157143,0,11.7710325814286,0,0,0,23.8398165757143,0.000731323627726023,0.172694998954735,"04",14.9714820553929,2.97919147694844,13.1733834038951,10.4313825486644,11.0321050865,13.3055780176335,-9.66560539320312,34.1602780502314,0.136512282098207
28,0.00454321136521335,14.9139577925,24.2659366275,0,8.71352937175,0,0,0,30.28700701625,0.000663583689292733,0.157894918184404,"04",16.7567687265625,2.8332935069368,13.1070680727188,10.1937648544572,9.93278795273661,12.531980287937,-16.9831589888192,24.7025263011312,0.122782896941722
29,0.00447522125223549,16.4600300471429,22.8990513142857,0,4.49473780314286,0,0,0,37.3445564957143,0.000595593576314873,0.142816599698068,"04",18.1528236529082,3.22853009507903,14.5807832699235,10.1244138035553,9.18237305212756,12.6667851475042,-12.2914875920536,17.238124966915,0.116976989853049
30,0.00440705954845905,17.79862863125,22.76710289125,0,4.497495963375,0,0,0,45.105567695,0.000527431872538434,0.127468505711229,"04",18.9954665197959,2.71771442586652,14.4913593695816,10.2172602563771,7.43974979641327,10.1640722930456,-8.8308726962449,15.1593990173867,0.0995483843935321
31,0.00433880115674409,18.9061230842857,22.4793511614286,0,4.18749281185714,0,0,0,53.3923249128571,0.000459173480823473,0.111858886844203,"04",21.1553094691964,2.62206734707825,12.6803040576548,9.95973346127661,9.28037461482143,10.4235786345047,0.587912517571428,4.13963332671903,0.0896762165472669
32,0.00427050205171484,19.91612688375,21.14259194375,0,3.3632031305,0,0,0,62.16846435875,0.000390874375794223,0.0959922052672812,"04",22.5837283933214,3.15179800165818,10.7269840216143,9.83326284702641,7.98092245173928,7.76157421650199,3.93616573185,0.679360460992129,0.0797688284616426
33,0.00420221898422252,20.8593627371429,22.1654403757143,0,3.45299273285714,0,0,0,71.3758705742857,0.000322591308301903,0.0798735241539914,"04",24.1962127189583,3.03248234417616,10.4208553692679,8.72189657236265,5.06822034926785,5.98371127614344,4.42226118722321,0.743225505561332,0.0696323754000812
34,0.00413401378650759,21.959417445,22.62203168875,0,2.9971109255,0,0,0,81.04382278875,0.000254386110586973,0.0635096053589379,"04",24.0533409072768,2.90473134977095,13.4265656740625,8.58131274609025,1.79116496860268,3.5787447766953,3.93722409464285,0.444384266323665,0.0568971569760039
35,0.00406595226213409,23.13988137,21.6376649157143,0,2.99811148314286,0,0,0,91.2254342,0.000186324586213473,0.0469087839953781,"04",24.8079363512053,2.78940554473145,13.1447949261429,9.82351723757415,0.333775011178573,0.667550022357145,3.6934835710625,0.809370410332615,0.0503653108640423
36,0.00399813690406692,24.2542799675,22.25913276375,0,2.998074051,0,0,0,101.93752648125,0.000118509228146303,0.0300892886497346,"04",25.5468567794196,2.53331919746831,14.8292442933214,8.68842319350908,0.00069490034375,0.0013898006875,3.64683691300447,0.766946872944426,0.0400690641066393
37,0.00393069125433484,25.26164013,21.8417536257143,0,2.99921219828571,0.428571428571429,0.428571428571429,0,113.122292,5.10635784142228e-05,0.0130761125509729,"04",26.1104271966518,2.08199692303892,17.7248212675,5.46796012467907,0,0,3.3733295893125,0.749225642281755,0.0309632567719229
38,0.00386386541906042,26.06368705375,21.9471215325,0,2.4110418325,1,1,0,124.7283213875,-1.57622568601971e-05,-0.00407110280331757,"04",27.0744281131786,1.79436332608438,16.387753968,3.97598519006664,0,0,3.29812405848929,0.670254292816192,0.0228804492636292
39,0.00379805382149912,26.6723478371429,22.8709028128571,0,1.499693236,1,1,0,136.635874128571,-8.15738544214968e-05,-0.0212504053623528,"04",27.404944357,1.52696839610479,16.3537308546786,4.0537306592825,0,0,3.18059402884286,0.778913234320998,0.0160854154624342
40,0.00373435712160082,27.102683245,19.29651247875,0,1.499151356375,1,1,0,148.800965375,-0.000145270554319797,-0.0381635071745103,"04",27.3191994130804,1.19983882848724,16.6924282038393,5.15643889868578,0,0,2.94611344338839,1.13841015917011,0.00903050231366801
41,0.00367609783422338,27.2420653442857,20.7080705171429,0,1.90271085957143,1,1,0,161.071579671429,-0.000203529841697237,-0.0538873693347046,"04",27.5857273990178,1.03421159629952,15.9930515909375,3.52915337986249,0,0,2.37099671579911,0.752264767321835,0.00617462298639719
42,0.00363895842992931,27.6888681175,20.2687352575,0,2.996145072375,1,1,0,173.4710042875,-0.000240669245991307,-0.0640416924343867,"04",27.7591934002232,0.908044205458267,16.2971347714286,4.28725177652562,0,0,2.34984815008482,0.76674719832281,0.00398856132772944
43,0.00363016713451338,28.2301062071429,20.5989233271429,0,2.99357053257143,1,1,0,186.10131,-0.000249460541407237,-0.0664604976626961,"04",28.0176524460268,0.731151702645203,16.2717982021875,4.01111954202944,0,0,2.59282775600447,0.731352873532702,0.00127514266983579
44,0.00362909671940477,28.762124645,20.034638,0,3.99204955375,1,1,0,198.975305575,-0.000250530956515847,-0.0667554077550747,"04",28.2860169664286,0.548641795903713,16.4255530641518,4.02482793750325,0,0,2.24428118359822,0.867822190946972,-0.00118201870092719
45,0.00362731510708537,29.2584654571429,20.2873611814286,0,2.99103321757143,1,1,0,212.0771668,-0.000252312568835247,-0.0672464527367254,"04",28.5488314369196,0.43280178032842,16.0639121195535,3.93892426958445,0,0,2.49590199456696,1.22302856597837,-0.00137240545277462
46,0.0036294869013632,29.72114960875,20.604471855,0,2.99803087125,1,1,0,225.3964352875,-0.000250140774557417,-0.0666478986407784,"04",28.7869116064732,0.43769862844231,16.4571557083036,3.7138704222256,0,0,2.70494927262946,0.817709207564352,0.00145472014850149
47,0.00363006317624462,30.2666033971429,20.19283749,0,2.99811148314286,1,1,0,238.934599171429,-0.000249564499675997,-0.0664891353949599,"04",29.0149781751339,0.545076766815061,16.7754540078393,3.83669294798487,0,0,3.28451231354018,0.825728622509957,0.00572710874395839
48,0.0036290055441003,30.831606365,20.48960648375,0,2.99886883825,1,1,0,252.73456515,-0.000250622131820317,-0.0667805314853975,"04",29.2418838886607,0.779312469831459,16.357724866875,3.74072146523934,0,0,3.37297739896875,0.749422492217023,0.0103239051039841
49,0.00364450969445018,31.3023216871429,13.1791932314286,0,2.93375165857143,1,1,0,266.773739985714,-0.000235117981470437,-0.0625173456950137,"04",29.2430530522857,1.03018561913276,16.7915923353929,3.42794304779834,0,0,3.29786650457857,0.670429774271467,0.0215079685272373
50,0.0036849945339741,31.09748084375,3.727485943125,0,1.484584568875,1,1,0,280.891586475,-0.000194633141946517,-0.0514701455326056,"04",29.3610099371786,1.25485547753314,13.2868225415286,3.05518809051877,0,0,3.37562509481786,0.660418756008854,0.0244867961193
51,0.00372905728231572,30.6300828728571,3.92031858971429,0,1.497649596,1,1,0,294.8383055,-0.000150570393604897,-0.0395837257894973,"04",29.2900688756845,1.00482411444813,11.110957371881,4.86241085637936,0,0,3.49568048346131,1.22900382835041,0.0120767726838662
52,0.00374261296614008,30.26022842125,6.895336860625,0,2.086069244625,1,1,0,308.591705325,-0.000137014709780537,-0.0359551667433733,"04",29.0385285465476,0.917256274778218,11.9618654864702,4.72847660068134,0,0,3.49673428517262,1.22507275775173,0.0101182861649889
53,0.00371657787417169,29.8515153257143,8.90395319242857,0,2.997473989,1,1,0,322.176872685714,-0.000163049801748927,-0.0429358694904218,"04",28.7792716541667,0.883281887674559,13.6086271098065,4.60942607730442,0,0,3.30046692626786,1.17759863078432,0.00663801436669479
54,0.00370251338551571,29.4882347725,12.9932431075,0,2.996249896,1,1,0,335.5698542125,-0.000177114290404907,-0.0467273055659758,"04",28.4729741482589,1.00415187129244,14.4714321981518,4.88048459378105,0,0,2.62452612633929,0.74992858577638,0.00226492497217675
55,0.00371019304423468,29.2605101771429,17.2659252728571,0,2.27498030671429,1,1,0,348.838260857143,-0.000169434631685937,-0.0446552792872792,"04",28.2404032802678,0.871609851042528,14.5743313499107,3.20721064875212,0,0,2.62264758020982,0.749795640726844,-0.00354539088869317
56,0.00369480955399426,29.23219887,16.60616603125,0,2.251933629375,1,1,0,362.034153025,-0.000184818121926357,-0.0488101763994697,"04",28.0247780304464,0.826003966801695,15.6961081980803,1.90854835656447,0,0,2.66286439690625,0.576049012410873,-0.0140536348388432
57,0.00365479215344387,29.3221620914286,15.6728287285714,0,4.49650709885714,1,1,0,375.262306857143,-0.000224835522476747,-0.0596999624088399,"04",27.8519560789732,0.945809717937972,15.5512806420536,2.87796145088591,0,0,3.55496991978125,1.11647768903512,-0.0214232381921748
58,0.0036260688937039,29.38704187875,13.86169119625,0,4.150911143125,1,1,0,388.5224276,-0.000253558782216717,-0.0675900753435625,"04",27.6157833489732,1.30392525427,15.7697299572321,4.49649689686488,0,0,4.12224123703571,0.74944486048701,-0.0257985674531374
59,0.00363547840607899,29.2664609957143,8.34533820442857,0,-0.00605817285714286,1,1,0,401.775971528571,-0.000244149269841627,-0.0649984741340752,"04",27.4670172110714,1.52637998526225,14.6606397475,3.46184932834898,0,0,4.03602139141072,0.710971188092241,-0.0198493863238695
60,0.00366969218409145,28.77040562625,12.41459041475,0,-0.000267598375000001,1,1,0,414.884665275,-0.000209935491829167,-0.0556314027375659,"04",27.4908486305357,1.33659636829119,10.5377342084598,3.269624070248,0,0,2.966564072,2.0952134226074,-0.0193607656913188
61,0.0036853942623765,28.5290501785714,17.64310238,0,0.405871660857143,1,1,0,427.806904157143,-0.000194233413544117,-0.051361676792899,"04",27.4473540145536,0.997618210835373,11.3911596647143,2.95746247002272,0,0,2.62010409912947,1.88554842532525,-0.0182796378254402
62,0.00365444103768935,28.69952939625,17.67792886875,0,2.360026564,1,1,0,440.7262916125,-0.000225186638231267,-0.0597960369862962,"04",27.3795672538839,0.940492340491866,15.492283132183,2.8576610229938,0,0,2.72492065664286,1.69983751322081,-0.0170735433396112
63,0.00360665865769682,28.8281850928571,16.7118283571429,0,3.00016531757143,1,1,0,453.725357985714,-0.000272969018223797,-0.0729574231195071,"04",27.5885628295536,0.8686808850727,16.5016904292857,4.534037533949,0,0,3.33512813869197,0.901322780072726,-0.0154616048834113
64,0.00356680008874418,28.88309712625,17.90107420875,0,2.998074051,1,1,0,466.7531672,-0.000312827587176437,-0.0840703267966028,"04",27.8746821703125,0.665908503463618,15.2043256401339,2.93889327342146,0,0,3.74913165578571,0.866041151563287,-0.0139655893741205
65,0.0035414837609771,28.9900002385714,16.8381233828571,0,2.99811148314286,1,1,0,479.826817228571,-0.000338143914943517,-0.0911934059060187,"04",27.976375151,0.510227253406636,15.1825547385214,2.99869847877636,0,0,3.44320772993571,0.668183770606897,-0.00964960317332363
66,0.00353175434901722,29.13025306875,16.41869676125,0,2.998074051,1,1,0,492.9451587375,-0.000347873326903397,-0.0939444564629826,"04",28.02872115,0.547937721041778,15.4412736244643,2.76576122766672,0,0,3.29768751568571,0.67052970389085,-0.0119978843949768
67,0.00351070010923052,29.2129388542857,15.8930510671429,0,2.99811148314286,1,1,0,506.126129042857,-0.000368927566690097,-0.0999237076005466,"04",28.1030957648469,0.503687110367818,14.3238818448214,2.3623621147605,0,0,3.42638888685459,0.731189882938919,-0.0343964883961774
68,0.00347141833125387,29.2704418425,17.20886735875,0,2.998074051,1,1,0,519.3303653,-0.000408209344666747,-0.111175934743196,"04",28.2134170126276,0.517452676968968,13.3577391677245,2.11866010743343,0,0,3.3476014908648,0.63478107327573,-0.0424849247481991
69,0.0034414299593561,29.36442998,17.4813167185714,0,2.99589494042857,1,1,0,532.578417157143,-0.000438197716564517,-0.119852115063245,"04",28.4300048525,0.562087077100272,13.2991261204048,2.60174444322237,0,0,2.90310035632738,0.808024598339162,-0.0497915153762284
70,0.00342274843375599,29.48044172375,16.73365511125,0,2.135155533875,1,1,0,545.8617662375,-0.000456879242164627,-0.125295321842363,"04",28.5317678596429,0.61340717948695,13.8047321070417,2.39164413409391,0,0,2.64692356804762,0.962346607732653,-0.055218719407688
71,0.00341074569886542,29.5792486285714,16.35305189,0,1.49700190728571,1,1,0,559.203518128571,-0.000468881977055197,-0.128808238265418,"04",28.7047043165,0.629595722275627,14.4269196241071,1.31174865648916,0,0,3.0081301681,1.23223062140839,-0.0581427045104189
72,0.00341336683800569,29.69539052875,16.21620235875,0,1.4983565695,1,1,0,572.582991325,-0.000466260837914927,-0.128040038978496,"04",28.7458768360357,0.665105885634986,14.3322346647857,1.16135897164286,0,0,2.99790214331786,1.49983057659726,-0.0599164892737541
73,0.00342219057532375,29.8124970442857,17.1371337344286,0,1.80731729685714,1,1,0,586.023280514286,-0.000457437100596867,-0.125458320640872,"04",28.7373517775,0.801832678163421,14.5729940911607,1.19056756633624,0,0,2.62316807578572,1.43542408517084,-0.0624058361492591
74,0.00342247104522841,29.65517632,5.489750911375,0,4.19888333825,1,1,0,599.4652394,-0.000457156630692207,-0.125376367751987,"04",28.7760913455803,0.833028977409874,16.3621346549911,0.777006260892768,0,0,2.70038954157589,1.36107865017405,-0.0657038012665097
75,0.00341340851897892,28.8739022628571,11.0251921075714,0,3.00492327185714,1,1,0,612.697751914286,-0.000466219156941697,-0.128027827950644,"04",28.7704365455357,0.682144573410385,13.6462652532902,5.76887422435241,0,0,3.29829976797321,1.36330399757012,-0.069003594595097
76,0.00340476919773034,28.5577584425,15.90647385625,0,2.99595432625,1,1,0,625.6313812875,-0.000474858478190277,-0.130562031656599,"04",28.63265137625,0.215063422335538,14.9766085750625,3.0961934227931,0,0,2.99979103532589,1.22395574765211,-0.0713919169181348
77,0.00340138659957917,28.5728872928571,15.1003529328571,0,2.27525748571429,1,1,0,638.529953628571,-0.000478241076341447,-0.131556013701974,"04",28.5523158640178,0.157446104827354,16.6727065515625,0.750376640221832,0,0,2.99756751497322,1.22398200102132,-0.0715260256090874
78,0.00339879667043468,28.653752715,14.269367975,0,1.500976500625,1,1,0,651.4446976875,-0.000480831005485937,-0.132317737052862,"04",28.5089112155357,0.350819937393836,16.2528484282589,1.2111302747714,0,0,2.81737458879018,1.27619519163097,-0.0685153253490238
79,0.00340763293403008,28.68518882,17.5100828728571,0,1.49900639328571,1,1,0,664.397829614286,-0.000471994741890537,-0.129721289630817,"04",28.4613090444196,0.542514928422091,16.3381083006696,1.68184749251275,0,0,2.62378333628572,1.43478170871813,-0.0622734630265333
80,0.00343994517160766,28.83277361,17.61678971375,0,1.51690916925,1,1,0,677.364203225,-0.000439682504312957,-0.120283653149767,"04",28.4365835210268,0.642996409254383,15.907188636875,1.29622491153418,0,0,2.62390834943304,1.43459911054942,-0.0540548939540101
81,0.00347301421089467,29.0673908128571,15.51184688,0,3.00439374885714,1,1,0,690.449116842857,-0.000406613465025947,-0.110716320624045,"04",28.4375425073661,0.689151908936287,15.5725002009821,2.04788651734098,0,0,2.94928388900447,1.22161514447548,-0.0454810821313806
82,0.00348874083448412,29.06041528875,10.338463809125,0,2.998117230875,1,1,0,703.585860225,-0.000390886841436497,-0.106198307626836,"04",28.4159536058035,0.699586640956162,14.73498019725,1.89745236463501,0,0,3.37454796539732,0.748380874753026,-0.0362445695193665
83,0.00350032467775966,28.8055888085714,13.94293986,0,2.99811148314286,1,1,0,716.665143814286,-0.000379302998160957,-0.102883457156219,"04",28.3635249260268,0.663316316999083,13.458230873308,2.34173225975979,0,0,3.37286749750447,0.749533151908191,-0.0261378433105687
84,0.0035248164589266,28.67983856625,14.57168634625,0,2.998074051,1,1,0,729.6376515,-0.000354811216994017,-0.0959108201028593,"04",28.2542047938839,0.584768064741839,14.5012619609375,1.46926446304599,0,0,3.37307455705357,0.749918204473066,-0.0230088889318419
85,0.00356807889258867,28.6499959342857,13.8411134514286,0,2.99811148314286,1,1,0,742.596161814286,-0.000311548783331947,-0.0837118613410057,"04",28.1682693879018,0.484927334343104,14.3119928135268,2.49825416295328,0,0,3.33828879900893,0.69257341306541,-0.0182951779508379
86,0.00362505259710303,28.5429662325,11.40697044375,0,2.998074051,1,1,0,755.5073699375,-0.000254575078817587,-0.0678703896592943,"04",28.1353472169196,0.396597302465435,14.2890949012054,2.39665263164888,0,0,2.61475121582589,0.748014574731546,-0.0152032740413121
87,0.00368468160594028,28.3408773728571,14.5327559414286,0,2.99811148314286,1,1,0,768.366194871429,-0.000194946069980337,-0.0515550686742943,"04",28.1273480179911,0.329453280370766,13.163403309375,2.20833691334059,0,0,3.13561589490179,1.23921120228413,-0.0118386943814019
88,0.00374234629179187,28.24347708375,18.85980582625,0,2.998074051,1,1,0,781.1158801875,-0.000137281384128747,-0.0360264228002221,"04",28.0914494596428,0.261828909592071,13.7347147879464,1.64324022252225,0,0,3.36927227629018,1.44332865061996,-0.00419972912228336
89,0.00379102493738703,28.5270615885714,18.02238652,0,2.99811148314286,1,1,0,793.9317011,-8.86027385335868e-05,-0.0231027740516243,"04",28.0451065383929,0.28026390460895,15.3075754947768,3.47703756633854,0,0,3.73390161361161,0.881922597931109,-0.00323787149636935
90,0.00380191896358458,28.86348080625,18.38423689625,0,2.997915161875,1,1,0,806.8869812875,-7.77087123360371e-05,-0.0202332590050487,"04",28.0904390752678,0.426197316260134,15.7171397859822,2.57723023076452,0,0,3.65913273392857,0.776916323297486,-0.00325055831019793
91,0.00376624900484115,29.05499559,17.5074963557143,0,3.00083541242857,1,1,0,819.973292214286,-0.000113378671079467,-0.0296596412088777,"04",28.1869808771429,0.616076445498859,15.6354825302678,3.24996160289432,0,0,3.37341351407589,0.749170072611427,-0.00244906730820907
92,0.00371795900585262,29.1972151625,16.82526044,0,4.2965973205,1,1,0,833.122006575,-0.000161668670067997,-0.0425643247171692,"04",28.2707799305357,0.755888757726329,14.855216933125,2.56979713287874,0,0,3.37349328358036,0.749079714481515,0.00025317134089331
93,0.00368033148539754,29.3083320685714,15.7449064614286,0,3.118707025,1,1,0,846.346647771429,-0.000199296190523077,-0.0527363621428947,"04",28.310577606875,0.894605351277159,14.8629166297321,2.3482866848137,0,0,3.696290860625,0.813108997970719,0.00330933586232989
94,0.00367681867462063,29.23119166625,15.03282010375,0,2.9972332655,1,1,0,859.565256125,-0.000202809001299987,-0.0536913000935844,"04",28.3543804825446,1.01521140305193,14.7025856710268,2.14104114709408,0,0,3.66769789241072,0.727807633286146,0.00705106087053831
95,0.0036744010602927,29.1084093042857,16.7617809785714,0,2.99811148314286,1,1,0,872.749813257143,-0.000205226615627917,-0.0543490451852824,"04",28.0208343885714,1.15781532600603,14.3544702394214,1.98632094860429,0,0,4.16329165745,1.19648513208009,-0.000817464603317542
96,0.00365646558413913,29.06211687125,14.97074118,0,2.99823294025,1,1,0,885.8787244375,-0.000223162091781487,-0.0592421942002037,"04",27.9404771701071,1.21724702421057,15.2962279852143,2.27267181713401,0,0,4.08997150321072,1.18222174569474,-0.00156482991893281
97,0.0036492852099873,29.0050270371429,15.2906493685714,0,2.99572534842857,1,1,0,899.005728371429,-0.000230342465933317,-0.0612078720530675,"04",27.9440203444643,1.2626378115394,14.6029003913643,1.84494600880965,0,0,3.27176401342143,0.488295696223044,-0.000435844656054598
98,0.00366293259638569,28.968198445,15.27729767875,0,1.7121633985,1,1,0,912.0825178125,-0.000216695079534927,-0.0574751052693454,"04",28.3664151245982,1.07957683229058,12.8874922198036,3.260462373169,0,0,3.21679049250447,0.482725509569063,0.00441558699321742
99,0.00365978235755631,28.9138473042857,14.8151770471429,0,1.49396394128571,1,1,0,925.163592442857,-0.000219845318364307,-0.058335507171507,"04",28.4491385566964,0.983744096910806,12.5880757951786,2.8580378190258,0,0,2.51447196730803,1.11901700802351,0.00511958722451133
100,0.00362746879822559,28.86716922625,14.61090951875,0,2.510884671625,1,1,0,938.2027282625,-0.000252158877695027,-0.0672040831395018,"04",28.5207736195089,0.978619700507576,12.1534470957321,2.60436683164951,0,0,2.26179441200446,0.883725083065664,0.0051151336979828
101,0.00360317735190688,28.8258460842857,14.5796539357143,0,2.99731548285714,1,1,0,951.243409842857,-0.000276450324013737,-0.0739231332852546,"04",28.4822742704018,0.862952373982945,14.055892041183,3.83041544379404,0,0,2.99059684129464,1.10406034375691,0.00557835559093505
102,0.0036130511419517,28.7853194575,16.03777352875,0,2.997959720375,1,1,0,964.2411457,-0.000266576533968917,-0.0711865802668994,"04",28.4315989828125,0.702467543087767,13.6610267509375,3.84978280115929,0,0,3.37381617564286,0.748753019691691,0.0051451528055509
103,0.00364467331806608,28.7491303271429,16.6862602671429,0,2.75517065142857,1,1,0,977.246902971429,-0.000234954357854537,-0.0624724507839769,"04",28.1512550293214,0.755995328302993,14.3841445856643,3.96472674174103,0,0,3.29883463356071,0.672564097531622,0.00307543553023555
104,0.00367904030922556,28.78967819125,17.03851753625,0,1.501080335625,1,1,0,990.230883125,-0.000200587366695057,-0.0530872551772932,"04",28.0704410367857,0.783706862015593,15.5633094771929,3.1846534453267,0,0,3.03754952651786,0.247483203581069,0.0100374411553121
105,0.00372228786427283,28.8592681514286,16.9992316028571,0,1.90271085957143,1,1,0,1003.25859348571,-0.000157339811647787,-0.0414006916098639,"04",28.0302773858571,0.796752184175443,15.7339582798357,3.04438660390406,0,0,2.69841161730714,0.669329356254987,0.017555424366299
106,0.00375426784637594,28.9278976625,15.7750218475,0,2.996145072375,1,1,0,1016.300711875,-0.000125359829544677,-0.0328459031427153,"04",27.9947325297857,0.83124921998471,16.1232085407857,3.25595243860474,0,0,3.12209042477143,1.00815965357817,0.0224504506698183
107,0.00375802372452569,28.9238448657143,15.4329840928571,0,2.99811148314286,1,1,0,1029.37797271429,-0.000121603951394927,-0.0318459743387667,"04",28.1796228910268,0.918260644486524,15.7971116292411,3.55606982290534,0,0,3.73317148086607,1.47176550679885,0.0235013439514121
108,0.00376045677896996,28.96827359375,16.48026004375,0,2.998074051,1,1,0,1042.4421095,-0.000119170896950657,-0.0311987546077717,"04",28.2044419969643,0.944148255954639,14.9891189626339,3.01481787070077,0,0,3.45728070730357,0.702112233279514,0.0222540855078367
109,0.00375735572566166,28.9866107942857,17.5143419414286,0,2.99811148314286,1,1,0,1055.54616142857,-0.000122271950258957,-0.0320237428340073,"04",28.2901885499553,0.936881267897019,14.42637116125,2.98586709696847,0,0,3.63345470354464,0.756996806428679,0.0200430265265041
110,0.0037488032569708,28.97731471625,16.0169273525,0,2.99886883825,1,1,0,1068.625581625,-0.000130824418949817,-0.0343025307423801,"04",28.2141764681071,0.870702003937297,13.7869693833,4.41510351735882,0,0,3.82760196449286,1.09646813706058,0.0176716600721278
111,0.00375339239632626,28.9694504585714,15.5380060271429,0,2.93375165857143,1,1,0,1081.72517671429,-0.000126235279594357,-0.0330791182861887,"04",28.3525956776786,0.814014481816196,13.554885389575,3.98074753120506,0,0,4.12090056596786,1.08417326741666,0.0129638769463091
112,0.0037543953085188,28.97463447875,15.4323774075,0,1.484584568875,1,1,0,1094.802031875,-0.000125232367401817,-0.0328119524548631,"04",28.50940728075,0.798888881194354,13.5245917418393,3.76173999278682,0,0,3.19546621173571,1.19265239082216,0.0095986616931726
113,0.00374310260629686,28.9753035657143,15.4448054342857,0,1.49875031085714,1,1,0,1107.90446442857,-0.000136525069623757,-0.0358243468799531,"04",28.7212238939286,0.750057146377087,12.5784797871679,3.95614469904309,0,0,2.99041150949286,1.53893789129424,0.00917637350148315
114,0.00374201067527906,28.97887748375,15.8766693825,0,1.4990370255,1,1,0,1120.980511125,-0.000137617000641557,-0.036116107593597,"04",28.9985202303572,0.647576658267538,14.0761741584956,2.28161841889138,0,0,3.74826558,1.93623786799133,0.0120997354188183
115,0.00376794955271973,28.93610903,14.2367685671429,0,1.49905574157143,1,1,0,1134.07478828571,-0.000111678123200887,-0.0292082201720349,"04",28.8984259929911,0.72211170480007,13.4449153845982,3.21242867695432,0,0,3.11539549912947,1.24624245163386,0.0172105046784691
116,0.00381113950552814,28.816287195,13.3848108025,0,1.4990370255,1,1,0,1147.11088175,-6.84881703924768e-05,-0.0178109615152238,"04",28.8742873708036,0.593568726884532,12.1927515505179,3.97247123589079,0,0,2.99784956371429,1.22397398952808,0.0217532304097959
117,0.00384887557271404,28.5855080985714,12.6660407185714,0,1.49905574157143,1,1,0,1160.08697914286,-3.07521032065767e-05,-0.00795814240369364,"04",28.8636168547322,0.593408121106213,13.1258903894241,1.79044524346077,0,0,2.99856565394197,1.22395898139771,0.0232861872571937
118,0.00384568167230253,28.37211482875,12.39635970625,0,1.4990370255,1,1,0,1172.936632625,-3.39460036180867e-05,-0.00878831375994427,"04",28.75539105625,0.7154381873089,13.1416607603661,2.31643700212495,0,0,3.27195228121428,1.34093047688949,0.0219375986342893
119,0.0038059387784133,28.1551822771429,12.1706702128571,0,1.49905574157143,1,1,0,1185.71971514286,-7.36888975073169e-05,-0.0191765055184678,"04",28.6236712299553,0.905845954854109,11.2004521365848,4.47521968553205,0,0,3.37281408287947,1.43518557334109,0.019496386209813
120,0.00376090734013936,27.90484044,12.26741470375,0,1.4990370255,1,1,0,1198.36880375,-0.000118720335781257,-0.0310789462456658,"04",28.4437763340179,1.15187578057553,9.91708488080804,4.18761144098232,0,0,3.37286606064286,1.43523986133565,0.0180822141186665
121,0.00373791405578961,27.6376106114286,8.22719028057143,0,1.50127228457143,1,1,0,1210.92618128571,-0.000141713620131007,-0.037211471500803,"04",28.61840854225,1.37818330298235,10.974569398825,4.71634364451789,0,0,3.59770757747857,1.34078470764858,0.0212996167525001
122,0.00375054254113898,26.99534366,4.82458497875,0,2.361955543125,1,1,0,1223.2658595,-0.000129085134781637,-0.0338386811747498,"04",28.2885526312857,1.49740456254581,14.9719144368607,4.70323115752913,0,0,3.59815837248929,1.33992371584247,0.0304664330012062
123,0.00376434088314515,26.1165333728571,9.840254652,0,2.99794877485714,0.714285714285714,0.714285714285714,0,1235.26364771429,-0.000115286792775467,-0.0301664067384158,"04",27.4690855349554,1.51103682870037,13.9243988879018,6.6107628276721,0,0,3.58858633203572,1.08077442767117,0.0472539105174186
124,0.00378966899930143,25.6179707475,3.770833181875,0,2.135155533875,0,0,0,1246.93366775,-8.99586766191867e-05,-0.0234605086008912,"04",26.896985268125,1.43083919877736,15.0737237039018,5.30984753024784,0,0,3.74743651337053,0.865361604443146,0.0659493360917291
125,0.00383729390608005,24.9401784142857,3.65837595257143,0,1.49700190728571,0,0,0,1258.37803371429,-4.2333769840567e-05,-0.0109717827169851,"04",26.3279907941429,1.16917822578285,14.1841710238821,7.57558046550376,0,0,3.66610549495,1.05587572759496,0.0809435748338838
126,0.00389800409210471,23.9232327775,3.682916947625,0,1.4990370255,0,0,0,1269.40414625,1.83764161840933e-05,0.00472546154280806,"04",25.6485561693929,1.18737512589104,14.2942713061786,8.11067852687101,0,0,3.00358566320714,1.49222051623071,0.0974269244539733
127,0.00396238020824255,22.8150435485714,3.447741023,0,1.49969011214286,0,0,0,1279.97561728571,8.27525323219328e-05,0.0211057176332909,"04",24.8647858277381,1.13612020567772,13.6637554779613,7.86714594704767,0,0,3.60039011251488,1.3443980628735,0.109313363524701
128,0.00402825271211771,22.06945285625,3.360087137125,0,2.098693758125,0,0,0,1290.068501,0.000148625036197093,0.0375935215782608,"04",23.9582818857143,1.08151867195019,13.5408156084702,8.44274083479658,0,0,3.31308385477084,1.1220840211329,0.124124228438714
129,0.00409483678508737,21.6344877085714,4.63130467214286,0.106301624571429,4.439322973,0,0,0,1299.952915,0.000215209109166753,0.0539876688180527,"04",23.5654983033163,1.32164957857774,14.0444049794005,9.42339665209522,0.000631444979591837,0.00167064638262026,3.19133818913776,1.19846144273048,0.13792768771991
130,0.00416181885815438,20.43641820875,4.4728388895,21.37450225875,0.671172953875,0,0,0,1309.49657375,0.000282191182233763,0.0702130132716423,"04",22.8038198073469,1.05738358592595,13.7446621714235,9.58612125504211,0.743059439436225,1.91752996882277,3.01806507011735,1.57945917635874,0.150259446196817
131,0.00422898495290549,18.2982078142857,3.97389763114286,20.4116346528571,-3.39515188,0,0,0,1318.25208714286,0.000349357276984873,0.0862228090643207,"04",22.0497729617411,1.2852327288264,12.3378929885268,9.99485219443919,6.61629914884375,10.1272381547701,2.00030559058036,1.69844046140405,0.161303069689217
132,0.00429619755939765,16.77234794,3.909461194625,17.009149675,-19.999287616375,0,0,0,1326.120994875,0.000416569883477033,0.101991151257865,"04",20.8101612112054,1.71279156673848,13.2027146819196,11.2956135587083,8.969190885,10.5517692066527,-4.35793943897322,1.39699891644316,0.172077034451402
133,0.00436333545122623,15.59057477,3.849763295,15.9738327614286,-65.6431971914286,0,0,0,1333.42958257143,0.000483707775305613,0.117497584563851,"04",20.4331061330612,1.74444227321977,14.635795193926,10.4931295473497,7.6580422842347,9.69986480428784,-10.4087002674821,6.45375475899789,0.186919797188702
134,0.00443026908302904,14.47176011375,3.829677924125,14.88081949875,-74.63340406,0,0,0,1340.039928,0.000550641407108423,0.132721130882308,"04",18.6990250117857,1.79697318473203,13.6884769638996,10.6944355934388,9.80417294334821,10.7799151496449,-24.8149815401317,18.3371864387939,0.194348474288999
135,0.00449686493094301,13.4918215371429,3.83122178257143,14.4247257642857,-41.1214684371429,0,0,0,1346.00002671429,0.000617237255022393,0.147641279213497,"04",16.9513905010491,1.58050031261426,14.0004092994978,11.0587650296199,10.1831858583482,11.5245123154556,-37.1192895909509,21.2860630507833,0.197824410022672
136,0.00456290506475227,12.4704671625,3.754215238625,15.58188847,42.830828866625,0,0,0,1351.33010375,0.000683277388831653,0.162220303207071,"04",16.689046346942,1.96585390344448,13.9980916104442,11.0611979804226,9.98954748370535,11.4259091005614,-34.0540734966652,18.1222637126366,0.200612361734293
137,0.00462811825385026,11.0148541285714,3.71326554728571,19.3005838528571,192.325954085714,0,0,0,1356.34553142857,0.000748490577929643,0.1764111674458,"04",14.7676830495982,1.63411630086831,14.368257867846,11.4153834603076,10.6310484302902,12.3319037067767,-5.58770533369868,31.1611989365795,0.203242134121854
138,0.00469192274145894,9.809298196,2.8723510325,11.672981594125,331.8370337125,0,0,0,1360.938674,0.000812295065538323,0.190103270962028,"04",12.0899727460661,2.32000348177456,12.2506086301304,11.1390474222564,13.0717694395643,12.3155034641648,118.853545760773,142.876079817866,0.203230429426173
139,0.00475331414635162,9.31104606857143,2.70435449985714,0.00817401842857143,441.66905,0,0,0,1364.854178,0.000873686470431003,0.203102895823789,"04",10.250571005881,3.0686821322334,14.4420691459,10.0355640480249,8.53254953321547,11.6798864134398,286.774778623111,229.431531315773,0.213512823294658
140,0.00480910637288791,8.88381943625,13.990074021375,0,515.7857001,0,0,0,1366.944633875,0.000929478696967293,0.214772087396805,"04",9.4323856642449,2.69298755799396,14.7870167112462,9.76953933673509,5.97608616159821,10.497740713891,369.659108254778,200.39146918377,0.214772087396805
141,0.00484720708843626,9.08367816228571,20.3095322414286,0,521.966416128571,0,0,0,1366.48501557143,0.000967579412515643,0.222663486663379,"04",9.78590099234694,2.9557221061414,15.1259680178788,10.054055771283,5.97608616159821,10.497740713891,333.951777075656,215.158696250439,0.218717787030092
142,0.00483339122902962,10.355697536625,22.74234460875,0,420.2650699125,0,0,0,1363.30555725,0.000953763553109003,0.219809144803867,"04",10.9494987575283,2.8556934708079,13.0234489110655,10.6981030530688,10.6656869165193,12.1985839232901,219.355764504037,199.179120204316,0.208011305607118
143,0.00478442830225653,12.7694340857143,25.4951828014286,0,127.046506295714,0,0,0,1358.29635857143,0.000904800626335913,0.209627346613588,"04",13.7156399937711,2.27698148384872,13.2693597062776,11.0694580950822,12.2723067666071,12.742426708702,49.7244446205568,98.6886394240077,0.205542051622577
144,0.00472543563366582,14.91328313875,26.20876516625,0,-10.98444779775,0,0,0,1352.21454475,0.000845807957745204,0.19722056046693,"04",15.1225444895635,1.96343497797935,12.984352449754,10.9788929203526,11.1032452156746,11.6220951700289,-15.1884741327441,37.4561042095042,0.202840695878193
145,0.00466290861254898,17.04338061,24.3549353828571,0,-25.7217660242857,0,0,0,1345.12995071429,0.000783280936628363,0.183900225663853,"04",16.9382490569133,1.70666329447228,12.5211912875893,11.0569825296368,11.6379266952551,11.6274783610492,-38.7475072433316,22.4470271561592,0.197128200804731
146,0.00459850365271171,18.81646871625,24.21329304625,0,-13.236235976,0,0,0,1337.015222375,0.000718875976791093,0.169991764441146,"04",18.728795390625,2.12117998515133,10.1670543863006,10.0297911093847,13.0722305911309,10.5557678592631,-26.1563246803661,20.9591914889176,0.192882104236372
147,0.0045330577916701,20.4232009871429,21.4444405385714,0,-8.12073652085714,0,0,0,1328.154466,0.000653430115749483,0.155657528045423,"04",20.1016421291369,2.10420543386003,10.0547970081339,10.0172909051672,12.33632177375,9.78334671252517,-8.89612611566964,7.22789344216339,0.17890321984535
148,0.00446694218893794,21.14014449625,20.20148584125,0,-3.70371055875,0,0,0,1318.679191375,0.000587314513017323,0.140964907871493,"04",21.394926034494,1.81594469335117,9.4249483541369,8.96432012316741,10.3903266892292,9.90793847460172,0.11717417764881,3.20428696554289,0.165493806143415
149,0.00440044017427413,21.7322840557143,19.6529085028571,0,4.48871398857143,0,0,0,1309.01325271429,0.000520812498353513,0.125965383261204,"04",22.9824090992857,1.03622455177589,12.7599544495179,10.1058107423387,0.866902679342262,2.06965537561416,2.77295691704167,1.57764834213001,0.148524155987131
150,0.00433373047321922,22.5319979375,20.7752255025,0,4.851065635375,0,0,0,1298.974436125,0.000454102797298603,0.110689520342678,"04",23.7377483642857,1.35899978985739,12.9226015588839,9.7974264414329,0.00073668580952381,0.00180450433408249,2.91471694809821,1.03961992252083,0.135982104335822
151,0.00426699050097534,23.3290943985714,19.8385517857143,0,4.49666572371429,0,0,0,1288.62175614286,0.000387362825054723,0.0951695864869802,"04",24.5644341697619,1.56808352733257,13.7427105068036,8.63573946086515,0,0,3.41577953641369,1.27045974394995,0.115504534683463
152,0.00420041638468401,24.12118486625,20.6727022375,0,4.497111076875,0,0,0,1277.870270375,0.000320788708763393,0.0794444684008582,"04",25.0135060200357,1.20315364156399,12.2619661260536,7.91374634966091,0,0,3.42104591964286,1.42057211817833,0.097412639162486
153,0.0041342694366461,24.8530686014286,20.2990921785714,0,4.497167225,0,0,0,1266.82010928571,0.000254641760725483,0.0635714441047837,"04",25.8419866759643,1.10102569717544,11.9174884072929,7.63859947945211,0,0,2.70377451483571,1.24766769791882,0.0819527793396782
154,0.00406908905714361,25.5634274475,19.90612800625,0,4.497111076875,0,0,0,1255.410460125,0.000189461381222993,0.0476799651030699,"04",26.4453105186429,1.1007049602192,12.4444475730321,6.90188749177054,0,0,3.366298089775,0.970279282014118,0.0664400603724056
155,0.00400603122742214,26.2807710871429,18.9737435028571,0,4.497167225,0,0,0,1243.71157314286,0.000126403551501523,0.0320618423462564,"04",26.8983258010357,1.23226288227052,14.6398287411214,4.5934985143071,0,0,3.5975602777,0.820920443978936,0.0513245630257211
156,0.00394995436602375,26.84318923125,18.6289365,0,4.497111076875,2,1,0,1231.68892625,7.0326690103133e-05,0.0179648362655236,"04",27.4170003202143,1.33087058990473,13.4888346783178,5.75945605335877,0,0,3.47049510545357,0.972535241350403,0.0374987328522059
157,0.00392158562602042,27.37784484,18.4640269528571,0,4.497167225,2,1,0,1219.45733,4.19579500998035e-05,0.010756878957273,"04",27.87056501075,1.2943329965101,11.5490835906429,3.81996742249687,0,0,3.29833599449286,1.25338076474416,0.0332750053500854
158,0.00392676429256722,27.76554737875,12.493688072625,0,4.497111076875,2,1,0,1206.971908125,4.71366166466028e-05,0.0120765620040615,"04",28.1487324635,1.14593731395114,9.52325736865358,3.75985505952242,0,0,3.29791140192857,1.25420896472922,0.0263547874319499
159,0.00390195297723628,27.72168095,14.3949960671429,0,4.497167225,2,1,0,1194.44260371429,2.23253013156631e-05,0.00573800182542428,"04",28.4060005591429,0.886050727665847,10.5360200582643,4.09190310221348,0,0,3.29786981971786,1.25414808029473,0.0241236776706965
160,0.00385093778131555,27.7848645225,16.8592848875,0,4.497111076875,2,1,0,1181.90060525,-2.86898946050668e-05,-0.00742249082295121,"04",28.64705735075,0.652433815207275,11.7635508903714,3.56254346875892,0,0,3.21718037838571,1.16772631331267,0.0250792244065297
161,0.00380171774191892,28.04944969,15.9026062314286,0,4.497167225,2,1,0,1169.3079,-7.79099340016969e-05,-0.0202861867469188,"04",28.9350491264881,0.623391145667742,12.6304645942053,1.81470920664323,0,0,3.18097791502083,1.04818254265418,0.0177152200961685
162,0.00377328851789929,28.219249835,13.641012210125,0,4.497111076875,2,1,0,1156.57955775,-0.000106339158021327,-0.0277922813354756,"04",28.9660430061905,0.57103692774362,12.2327978304167,3.2910962097913,0,0,2.99824900869643,0.948092488444112,0.0181783403979268
163,0.00376493637450375,28.1029821142857,7.00824788385714,0,4.497167225,2,1,0,1143.85380728571,-0.000114691301416867,-0.0300082265243935,"04",29.0014989761905,0.619788752693895,13.2776250790179,2.72250994281215,0,0,3.07612933347917,0.967244240648577,0.016577084716377
164,0.00377334374707837,27.8638536275,16.52650484125,0,4.497111076875,2,1,0,1131.21905075,-0.000106283928842247,-0.0277776445609046,"04",28.9552769750447,0.614434350353775,13.3392911535715,3.08161470759097,0,0,3.11566209769643,1.24663660901437,0.0127116897545317
165,0.00379858986797502,28.0912575557143,16.1040079171429,0,4.49817747114286,2,1,0,1118.59574557143,-8.10378079455967e-05,-0.0211092781791944,"04",29.0121124626786,0.622261941080064,12.0064573898661,3.33894921506267,0,0,3.63069003443304,1.88922990955654,0.008778834059017
166,0.0038377528609065,28.145626485,7.825140842625,0,4.027875288875,2,1,0,1105.857372375,-4.18748150141169e-05,-0.0108521860997994,"04",28.8651232461607,0.782347412144745,13.7668145233036,3.38435294736095,0,0,2.73104556464732,1.64599569320338,0.00717351754135489
167,0.00387761310589648,27.72704291,10.9090184885714,0,1.48533120857143,2,1,0,1093.25164414286,-2.01457002413667e-06,-0.00051940376073123,"04",28.7049983734375,0.771962060209797,14.1784850551562,4.00213367215183,0,0,3.62299996252679,0.823402845923673,0.00858685514778221
168,0.00389989488532276,27.57376839125,10.587548358125,0,4.67050619525,2,1,0,1080.749612125,2.02672094021432e-05,0.00521041094060948,"04",28.5473024992857,0.794200515994726,14.2967196474375,4.17847828385775,0,0,3.98349915864732,1.20057538434013,0.0121885303457391
169,0.00390169226243869,27.4577226385714,11.0128037238571,0,5.43923768057143,2,1,0,1068.33377357143,2.20645865180733e-05,0.00567118310596726,"04",28.4032899254911,0.878864783564114,14.4805107981607,4.7732784817648,0,0,3.42469303547322,0.721631808399373,0.0164716123755118
170,0.00390564476088603,27.31633567375,9.88644380425,0,3.20541938275,2,1,0,1055.9481705,2.60170849654133e-05,0.00668369189659579,"04",28.4294729988214,0.86908611258141,15.0439653172857,2.93149525812623,0,0,3.50638605946429,0.714503551600351,0.0258282231221165
171,0.00390688498943194,27.1955278885714,13.4497231071429,0,4.04035074228571,2,1,0,1043.64908328571,2.72573135113234e-05,0.00700118918984494,"04",28.3572083163214,0.886143153540261,15.2873471788571,2.69472548506911,0,0,3.36543937604286,0.641790730479384,0.0281932899651265
172,0.00389706006389757,27.1635125275,15.390181155,0,3.3527885495,2,1,0,1031.36493725,1.7432387976953e-05,0.00448324976144399,"04",28.1786096918304,0.917161370994306,15.7116021905804,3.56088711812236,0,0,3.73366308355804,1.47143755420285,0.0296510459836541
173,0.00387617595408823,27.2955424571429,17.4289949071429,0,2.99760998157143,2,1,0,1019.08391328571,-3.45172183238707e-06,-0.000890100403758254,"04",28.1989214485714,0.848687451526818,15.5873726071429,3.64076158859869,0,0,3.42644371337947,0.858025792359193,0.028594489982322
174,0.00384753456031243,27.58502517125,18.98323518,0,2.998074051,2,1,0,1006.68320675,-3.20931156081871e-05,-0.00830661977357217,"04",28.2546890792411,0.766522832768824,15.4069326955089,3.41245380464538,0,0,2.72390363987054,0.547463149238141,0.0278502240543696
175,0.00382566315829129,28.0694541085714,17.2941845814286,0,2.99879520214286,2,1,0,994.129946128571,-5.39645176293266e-05,-0.0140073618853638,"04",28.2866159366518,0.741016482402631,15.4663589276964,3.69224434714887,0,0,2.73388645841072,0.847661704276542,0.0210524019657432
176,0.00382111755945087,28.42018817,17.8639150875,0,3.438279963875,2,1,0,981.3493039125,-5.85101164697469e-05,-0.0151962541590507,"04",28.325084251875,0.726995063197565,14.5144059354286,4.66752493670409,0,0,3.31332751196428,0.800649230545109,0.0140694097731656
177,0.00381946990612973,28.7699401814286,17.5137558042857,0,4.50195386228571,2,1,0,968.451759971429,-6.01577697908868e-05,-0.0156275438500524,"04",28.3861461372321,0.754489246683849,14.216014106875,4.03117296167198,0,0,3.37277121762946,0.749445601693863,0.0101246909409443
178,0.0038007470531686,29.14600792125,17.79972667375,0,4.496939616,2,1,0,955.3562447,-7.8880622752017e-05,-0.0205415483319369,"04",28.4492162050446,0.886720621025547,13.4190319708705,3.53881196053501,0,0,3.37811833971428,0.757382278464753,0.00919123291219917
179,0.00377660486164905,29.5103679428571,16.8567243128571,0,4.51418570442857,2,1,0,942.120543271429,-0.000103022814271567,-0.0269137672403801,"04",28.4578498134375,1.02257082781109,12.8096923371161,3.30886435179228,0,0,2.62597682169196,0.518884439191394,0.00961746667853367
180,0.00375649654108254,29.71474739375,11.5657412185,0,3.053451650875,2,1,0,928.717583475,-0.000123131134838077,-0.0322524363269041,"04",28.3198326232143,0.882732077469255,12.6653749695357,2.39392357492966,0,0,2.26782448834643,1.10458837408951,0.0105437571072641
181,0.00374066340525208,29.4992832942857,13.4295384257143,0,2.99827429485714,2,1,0,915.340720771429,-0.000138964270668537,-0.0364762114791937,"04",28.29611116975,0.938761645743922,12.9264534768786,2.82239217488296,0,0,2.61363691779286,1.01188818987984,0.00423657390075584
182,0.00373414657789597,29.38670579125,13.9548585375,0,2.998188381875,2,1,0,902.0385185,-0.000145481098024647,-0.0382198889365704,"04",28.2261226813572,1.02555259205654,14.5109207667929,1.86299040479701,0,0,3.03307883734286,0.119435754944069,0.00242543173331515
183,0.00374007477931888,29.2886938657143,11.5330190157143,0,3.24105231571429,2,1,0,888.796458228571,-0.000139552896601737,-0.0366335825578643,"04",28.22069017875,1.17536772853069,14.5758626053125,2.26226436604719,0,0,3.65404911710268,0.772299098898242,0.00420290650919428
184,0.00373867606610777,29.17712143375,11.45324413125,0,4.495182097875,2,1,0,875.579933025,-0.000140951609812847,-0.037007632507895,"04",28.2664857984375,1.09798887059028,14.567001120125,2.59254299273613,0,0,4.08178381597321,1.36513923119104,0.00453569345487894
185,0.00370834970885723,29.0749811857143,11.1494961414286,0,4.497167225,2,1,0,862.435695614286,-0.000171277967063387,-0.0451522327799099,"04",28.051165583,1.06789181994574,14.6663127835714,1.80623094288045,0,0,3.80790381022857,0.760832924848115,0.00604688689837332
186,0.00365786139750192,28.940806485,11.5952295475,0,4.497111076875,2,1,0,849.317728325,-0.000221766278418697,-0.0588605286429846,"04",28.0733605934643,1.00146360595549,14.9537891308214,1.98648744803386,0,0,3.532827026325,0.698763797536909,0.00610715872728438
187,0.00360772183294678,28.7342005657143,11.9415284585714,0,4.497167225,2,1,0,836.306563,-0.000271905842973837,-0.0726626853441532,"04",28.0687345817857,0.877697609904398,15.0881761059286,2.2247603078938,0,0,3.55661197767857,0.770304191582812,0.00386860881086708
188,0.00358230260464077,28.58509157625,11.34394301125,0,4.497111076875,2,1,0,823.3500925375,-0.000297325071279847,-0.0797334077659215,"04",28.0430913842143,0.734979461425757,15.3502301683571,2.6234836350854,0,0,3.29889789374643,0.669854265223326,0.00152036311972852
189,0.00358609903416572,28.44695594,11.4238792685714,0,4.497167225,2,1,0,810.4805587,-0.000293528641754897,-0.0786741954155916,"04",28.1745438796875,0.554855021115883,15.8076023800446,2.68904304876293,0,0,3.65908365361161,0.776972005970369,0.00489295372114971
190,0.00359009309535024,28.2998892875,12.02320682125,0,4.497111076875,2,1,0,797.6558516625,-0.000289534580570377,-0.077561053121312,"04",28.1160026645982,0.368993370746043,15.0982206682143,3.2065511854329,0,0,3.73391097164732,0.881912187629935,0.00532999731706895
191,0.00358821426936101,28.1925720285714,11.8259561585714,0,4.497167225,2,1,0,784.909739428571,-0.000291413406559607,-0.0780845263816028,"04",28.0670993873661,0.233944113138325,14.8164772591518,3.11178210347705,0,0,3.36926291825446,1.4433318593726,0.00541516761697921
192,0.00359091762543491,28.08374963,11.46637356375,0,4.497905864,2,1,0,772.187759325,-0.000288710050485707,-0.0773314113348311,"04",28.0768258030804,0.250509281399012,13.9448496837947,1.91291158913648,0,0,3.1356252529375,1.23920981754214,0.00407552348938908
193,0.00360175382462408,27.9386265071429,11.2648680728571,0,4.43280740028571,2,1,0,759.548030757143,-0.000277873851296537,-0.0743182868896204,"04",28.1085897914732,0.351328137823065,13.6805591492857,2.81995995679781,0,0,2.61474185779018,0.748008180233954,0.00251683088121729
194,0.00361049162632667,27.82849723875,17.328503555,0,2.983621594375,2,1,0,746.9486722875,-0.000269136049593947,-0.0718952396445438,"04",28.1608087299107,0.474551842747024,14.1293495898214,2.49964491092835,0,0,3.33829815704464,0.692567283992919,0.00128971853957067
195,0.0036062193551477,27.9199804842857,17.5879477914286,0,2.99780605242857,2,1,0,734.378637628571,-0.000273408320772917,-0.0730792337301116,"04",28.2227672333036,0.547432663831962,14.6584485825,1.42251182499688,0,0,3.37306519901786,0.749924443437225,-0.00131377509013333
196,0.00357737623361962,28.04499152375,16.2835832875,0,2.998074051,2,1,0,721.72504,-0.000302251442300997,-0.0811095509623616,"04",28.2998183059821,0.581233107004855,14.3593498860268,1.11131518119825,0,0,3.37286606057143,0.749534109826756,-0.00729531249748418
197,0.0035365712684316,28.1204035328571,15.9531644728571,0,2.99811148314286,2,1,0,709.0459584,-0.000343056407489017,-0.0925814971754599,"04",28.4142097247768,0.697426857857099,13.4416344295313,2.75897552465631,0,0,3.37297883590178,0.749421533871148,-0.0163990040490614
198,0.00349212556998918,28.14996001625,16.72000824875,0,2.998074051,2,1,0,696.3341261375,-0.000387502105931437,-0.105228589692925,"04",28.4961968080803,0.741963839245361,15.0462644925446,1.55974150568992,0,0,3.32115503390625,0.790615340279249,-0.0264510584782911
199,0.00344704453109779,28.2679190314286,16.4112169657143,0,2.99811148314286,2,1,0,683.602374585714,-0.000432583144822827,-0.118221979732185,"04",28.4734797185268,0.665845282655888,15.9338653470982,1.34054918928519,0,0,2.62838404342411,1.42994014683629,-0.0359155189565352
200,0.00341018490978195,28.37390792875,15.95574858,0,2.998074051,2,1,0,670.8033005375,-0.000469442766138667,-0.128972670100446,"04",28.4691680706696,0.546445444997503,17.1482870251339,0.992322623061382,0,0,2.62329080945089,1.43529586566483,-0.0446737468452496
201,0.00339231502025155,28.5032655385714,16.3484982071429,0,2.99811148314286,2,1,0,657.971530042857,-0.000487312655669067,-0.134226600359959,"04",28.5291275710714,0.357992179985397,16.0451021887947,1.50928509223143,0,0,2.62380434251786,1.43470760244447,-0.0520858743258212
202,0.00339690657633841,28.61345299625,16.1362644325,0,2.998074051,2,1,0,645.0640770875,-0.000482721099582207,-0.132873998567159,"04",28.5560980766071,0.157801741933341,16.4711763207143,1.06644595576131,0,0,2.81739330483929,1.27622803715651,-0.056663063101664
203,0.00342138392000025,28.68719314,16.2295992742857,0,2.99811148314286,2,1,0,632.136726928571,-0.000458243755920367,-0.125694061569597,"04",28.5536154211607,0.142801796591753,16.1969290122322,1.63844139333129,0,0,2.99754879892411,1.22395142695292,-0.0577422719614447
204,0.00344714511926038,28.696137175,14.0710568925,0,2.998074051,2,1,0,619.162858925,-0.000432482556660237,-0.118192799171515,"04",28.57511803125,0.396361390295234,15.0301255523393,3.2924535109548,0,0,2.999809751375,1.22398627589768,-0.0563585402301895
205,0.00345249910326902,28.583168,13.70923822,0,2.99811148314286,2,1,0,606.231365514286,-0.000427128572651597,-0.116640839460148,"04",28.7367611645089,0.769042261297052,13.4502889492277,5.3386621054039,0,0,3.29828105192411,1.36328205294878,-0.0533736267610475
206,0.00344273161647776,28.44626485625,15.28502884375,0,2.998074051,2,1,0,593.3484679375,-0.000436896059442857,-0.119473955113041,"04",28.7666284063839,0.84921091669698,14.8032269350804,1.62429507170159,0,0,2.700408257625,1.36111159215657,-0.049629875638563
207,0.0034387622011183,28.3479633014286,13.38603993,0,2.99811148314286,2,1,0,580.529064685714,-0.000440865474802317,-0.120627604535551,"04",28.7199226597321,0.80113561051926,14.4958795799553,1.17291259398125,0,0,2.62314935973661,1.43539150580218,-0.0462583564729921
208,0.00345959377131095,28.28800417,14.26354466,0,2.998074051,2,1,0,567.7326810625,-0.000420033904609667,-0.114588011045701,"04",28.6691155427678,0.74953251417447,14.3846213823214,1.31907090897338,0,0,2.62310458894643,1.43625704525448,-0.0436029595100506
209,0.00349281353068824,28.2084562985714,13.8033241014286,0,2.99811148314286,2,1,0,554.978890128571,-0.000386814145232377,-0.105031605675836,"04",28.6112321343304,0.731187490417862,14.4908382864732,1.56726379535692,0,0,2.63551468846428,1.04857930040652,-0.0406263978760959
210,0.00351937942190097,28.08605716875,13.1024897375,0,2.998074051,2,1,0,542.259195075,-0.000360248254019647,-0.0974545131071265,"04",28.5467993675,0.701651467684534,13.7096347526161,3.06645333710066,0,0,2.61818741786161,0.755736964032692,-0.0358210947474153
211,0.0035407398063364,27.9610771257143,13.2398444028571,0,2.99811148314286,2,1,0,529.607775357143,-0.000338887869584217,-0.0914034965972705,"04",28.407284530625,0.640519049266997,13.4760546224464,2.92604628081472,0,0,3.23495536448661,0.517533252691973,-0.0374217485783475
212,0.00357077622307185,27.8718764975,11.46668405925,0,2.998074051,2,1,0,516.99237715,-0.000308851452848767,-0.082956185397939,"04",28.2838057020982,0.66405181584967,14.202205760759,2.09521536219805,0,0,3.37286575727679,0.749003729951944,-0.0300036346948572
213,0.00360176106822124,27.6796334614286,15.1646274871429,0,2.99811148314286,2,1,0,504.454062771429,-0.000277866607699377,-0.074316275761146,"04",28.1998465999554,0.648843650817148,14.8378502344643,2.68707797144679,0,0,3.37284266550447,0.749512274454738,-0.0224782312542386
214,0.00362526244147911,27.64373591,16.88100624375,0,2.998074051,2,1,0,491.9656077875,-0.000254365234441507,-0.0678125040724655,"04",28.12496746,0.581857926756904,15.0813404696428,3.05541612850927,0,0,3.37259088185714,0.749717735756505,-0.0166491027014342
215,0.00365165387715707,27.7758976428571,16.9929213128571,0,2.99701076828571,2,1,0,479.455050885714,-0.000227973798763547,-0.0605590056100747,"04",28.0264945280357,0.574771943581839,14.7299630949375,3.25944710800379,0,0,3.55475697034821,0.71577779244625,-0.0138920533763862
216,0.00368942294593084,27.83295017,15.38569461375,0,3.725731270375,2,1,0,466.8905517875,-0.000190204729989777,-0.0502691252808996,"04",28.0763651615,0.732089984845137,15.7436753538571,2.81643583681361,0,0,3.59892013482857,0.821789487820384,-0.00759243142662217
217,0.00370923289911995,27.8362083,13.9791317628571,0,4.50112002957143,2,1,0,454.325700928571,-0.000170394776800667,-0.0449140985278884,"04",27.8364872822143,0.934498545319129,16.5437180148572,3.92771611234679,0,0,3.26813557446786,0.794812609182269,-0.0102347123164935
218,0.00369637176274312,27.7686730325,13.3136505625,0,3.48526343075,2,1,0,441.7645320625,-0.000183255913177497,-0.048387454059724,"04",27.6435596823571,1.00590973419528,15.9294122794964,2.66084184966115,0,0,2.65194183811429,1.48111958270886,-0.0131896802808217
219,0.00367348618049927,27.6500286371429,15.9013775728571,0,2.99856968971429,2,1,0,429.263660114286,-0.000206141495421347,-0.0545980636427723,"04",27.6636932473571,0.990174171140084,12.6415482077714,3.7917404630641,0,0,2.177257611475,1.90972110694844,-0.0152721797374895
220,0.00365656546475179,27.66096254375,14.883534825,0,2.985461434875,2,1,0,416.769519325,-0.000223062211168827,-0.059214878410276,"04",27.7467600296786,1.29124769500401,10.9131054497179,2.95336232358591,0,0,2.373197737925,2.24785620019913,-0.0160634350507509
221,0.00367149020472456,27.6528397514286,15.2991017871429,0,4.37707318485714,2,1,0,404.282333028571,-0.000208137471196057,-0.0551415577712238,"04",27.4368719903125,1.47618605991756,13.2815514995446,4.7465910408191,0,0,2.99677906241518,2.12301273086232,-0.015744923795669
222,0.00371828653415515,27.61230068,14.67386280625,0,4.4979518625,2,1,0,391.79432995,-0.000161341141765467,-0.0424762350240107,"04",27.6320032958036,1.33232118575964,15.3169455741518,4.59951520291704,0,0,4.03584224810268,0.710842383787671,-0.0143013595932462
223,0.00377192418904376,27.5844325142857,14.3548696871429,0,4.497167225,2,1,0,379.336868685714,-0.000107703486876857,-0.0281539222559442,"04",27.8744468843304,0.989626239077799,15.3179463163839,2.80072594525117,0,0,4.11611328715179,0.745794533999449,-0.0104881575563391
224,0.00381840906058136,27.561291385,13.2836500725,0,4.4912331275,2,1,0,366.8714088625,-6.1218615339257e-05,-0.0159053292226767,"04",28.0177002036607,0.811886367746446,15.5311683876786,1.7495456110341,0,0,2.65710272757143,0.581313063975087,-0.00398380995389087
225,0.00383392484687733,27.5388529014286,13.84766702,0,3.29857881814286,2,1,0,354.4327865,-4.5702829043287e-05,-0.0118501462313079,"04",28.1834721314286,0.763693049707849,15.64250189125,3.21659680566377,0,0,2.4423301828884,0.71596482598609,0.00368331105025842
226,0.00382318788367809,27.5030551875,15.1099636125,0,2.998513416,2,1,0,341.9994953875,-5.64397922425269e-05,-0.014654589716395,"04",28.3821540099554,0.841100094909185,15.4937546769197,3.58073722002325,0,0,2.62422010308928,0.749725889766908,0.0106710973490196
227,0.00380781672783639,27.5173575628571,19.6533596871429,0,3.00049761842857,2,1,0,329.588455214286,-7.18109480842269e-05,-0.0186832011536771,"04",28.6635889090179,0.920082273461753,14.16021527025,4.70036421772819,0,0,3.30608536838393,1.15791282740268,0.0157876780331251
228,0.00378553485561205,27.73484213125,18.59589945875,0,4.143359704125,2,1,0,317.108400825,-9.40928203085668e-05,-0.0245520023929657,"04",28.9596315961607,0.998194531772068,12.5363487861384,4.58788393850149,0,0,3.51840069991071,1.18973336128658,0.0196918516960807
229,0.00374682267823012,27.96573677,16.2305403742857,0,4.49766872657143,2,1,0,304.534698328571,-0.000132804997690497,-0.0348309932753423,"04",29.1821221752232,1.08474195133286,11.4113715921607,5.72814967010168,0,0,3.37297666297321,1.43632168341327,0.0229767851963281
230,0.00370045349440373,28.075615385,17.12435173375,0,4.499034495875,2,1,0,291.869997275,-0.000179174181516887,-0.0472838097737895,"04",29.4680165322321,1.19224575858741,10.195819694875,5.48221045694401,0,0,3.10796654371875,1.25109428095058,0.0242260855555619
231,0.00366653537232339,28.2300587028571,15.8427023271429,0,3.45204033,2,1,0,279.163621085714,-0.000213092303597227,-0.056492011777447,"04",29.643747745759,1.25164368065397,12.647852595125,3.11828185735088,0,0,3.35652128602232,0.760988966837059,0.0177385621279044
232,0.00364557118399221,28.35248473,16.7517471775,0,2.9971109255,2,1,0,266.3750000875,-0.000234056491928407,-0.0622261309504566,"04",29.4656951328571,1.04143166180796,16.8015536248661,3.95816412031456,0,0,3.37305539934821,0.749407973221785,0.0145301269040961
233,0.0036243524955758,28.4575743514286,17.8276426014286,0,2.99811148314286,2,1,0,253.553073785714,-0.000255275180344817,-0.0680635369592846,"04",29.5598283839286,0.980275193291027,17.18410119025,3.72950894214649,0,0,3.298155686825,0.670236523117915,0.0173333993393825
234,0.00358572013383851,28.60045771,16.37011276125,0,2.998074051,2,1,0,240.6636712125,-0.000293907542082107,-0.0787798590716653,"04",29.1513416222322,0.792639827635115,16.6725454165893,3.70294521559114,0,0,3.2845324665134,0.82571930084172,0.0122922218474964
235,0.00354547612033095,28.7455122085714,16.7672545357143,0,2.99811148314286,2,1,0,227.714987228571,-0.000334151555589667,-0.0900667282528724,"04",28.902582644375,0.624942323418848,16.5364333766964,3.82461841228268,0,0,2.70669868604911,0.818532345627164,0.0076458673111633
236,0.00353843872704163,28.86656882625,15.36529631,0,2.998074051,2,1,0,214.701058825,-0.000341188948878987,-0.0920535944299363,"04",28.6729166399554,0.56522857994552,16.1270929149107,4.02493328779341,0,0,2.24564791052232,0.864790071330958,0.00461614430031181
237,0.00357297990102222,28.9686872914286,14.8376933528571,0,2.99811148314286,2,1,0,201.641749314286,-0.000306647774898397,-0.0823392332175192,"04",28.4190215758928,0.593243925287945,16.2844817323661,3.83521359766141,0,0,2.49390093889286,1.22520280274803,0.00477919848581349
238,0.00362806279779209,29.04673018,15.27675118375,0,2.998074051,2,1,0,188.5381093375,-0.000251564878128527,-0.0670403461221403,"04",28.1529619684375,0.699416717784767,16.3543452195982,4.12264033211355,0,0,2.59218412105357,0.730880595605076,0.00743292815461141
239,0.0036882990719882,29.1093671585714,14.8901339785714,0,2.99811148314286,2,1,0,175.4079459,-0.000191328603932417,-0.0505737922006171,"04",27.7451283436786,0.787018003846018,17.0914548686429,4.1158374519269,0,0,2.47910753454286,0.724200173953486,0.0101731298515582
240,0.0037489811633433,29.1192432425,14.482640185,0,2.998074051,2,1,0,162.2537591875,-0.000130646512577317,-0.0342550750253805,"04",27.5169949880714,0.908744155971767,16.9360553761786,3.71314871488352,0,0,2.27733954455357,0.684313552944781,0.0116348041064973
241,0.00380377514441152,29.1277843442857,14.6177976057143,0,2.99811148314286,2,1,0,149.101148771429,-7.58525315090967e-05,-0.0197451560683213,"04",27.2758961794643,1.04359271795431,17.2132450588214,4.61496452522414,0,0,2.65672102598571,1.17928924531987,0.0133208668125933
242,0.00383764576110665,29.0967188175,14.5712590675,0,2.998074051,2,1,0,135.9505955875,-4.19819148139667e-05,-0.0108800933922639,"04",26.982000741875,1.38430534918075,16.7993488014732,4.53723197342162,0,0,3.22622402330357,0.891661628368051,0.0138382897245427
243,0.00386138212654991,29.00846307,14.7973778771429,0,2.99811148314286,2,1,0,122.829259514286,-1.8245549370707e-05,-0.00471400583447412,"04",26.5909193739732,1.65361673977853,16.7853479907143,4.47482635747111,0,0,3.37312720232589,0.749322769004707,0.0131108372575757
244,0.00389283136503671,28.94082685,14.00740358875,0,2.998074051,0,0,0,109.7407508375,1.3203689116093e-05,0.00339756090268661,"04",26.0866968359375,2.03908148316426,16.4947091492054,6.93869819541798,0,0,3.37333894734821,0.749219393095365,0.0230732190954193
245,0.00394045492580422,28.8459054071429,9.08695511557143,0,2.99811148314286,0,0,0,96.6854348857143,6.08272498836032e-05,0.0155569904321835,"04",25.0063067383571,2.21154979760563,15.2788325139929,8.81489440506952,0.000555920275,0.00124307552497038,3.773778460525,0.723178155753278,0.0334675538497589
246,0.00399157719565777,28.34276491,5.59132064975,0,2.996150632125,0,0,0,83.7492961025,0.000111949519737153,0.0284472499892825,"04",23.8717634462755,2.32028908983375,14.3848745358673,8.59184963976137,1.21425141701786,2.66823839865857,3.93238286152806,0.564140638279894,0.0448932701708433
247,0.00404018055538184,27.7185494257143,9.27212300928571,0.00537908828571429,4.04323837885714,0,0,0,71.1043993485714,0.000160552879461223,0.0405501926598317,"04",23.4917453776071,2.78798846786478,10.6506018412643,9.73105718631219,6.08078860146428,6.08820928558938,4.49806574889643,0.804600959089417,0.0669885406055131
248,0.00409975783506975,27.28672252625,3.66488680875,9.200280632625,4.4948321145,0,0,0,58.6642584325,0.000220130159149133,0.0551887167482894,"04",21.0816597451786,3.05104743584211,14.6154518189429,10.0180599097103,7.88357766235714,11.0082208593863,3.38266670916786,1.10555178913811,0.0827252468093568
249,0.00416481518303641,25.5956758485714,3.81655825171429,22.7579382742857,1.72592081957143,0,0,0,46.66032024,0.000285187507115793,0.0709327098319985,"04",19.4044055749702,2.36221752883976,16.0911019681786,9.59994921266233,6.88225739827382,11.0163214092749,-4.91464225368155,8.81622417381717,0.0972217076170574
250,0.00423129636817693,23.176118015,3.96337702375,25.0291850125,-11.383489888625,0,0,0,35.6503614,0.000351668692256313,0.0867692247653089,"04",17.5365209117857,2.42043657038381,14.5019218791429,10.2225728994928,7.22740517062756,10.7197973681695,-15.36121751225,18.8841713307122,0.114653315615531
251,0.00429821152018777,20.13905672,4.03073095985714,28.4627221671429,-17.86139711,0,0,0,25.8462475885714,0.000418583844267153,0.102459818914121,"04",14.8896524002143,3.00853879540729,15.5353718147165,10.0702903062068,7.16024718025,10.9761580253718,-8.7852702592924,34.6711401354002,0.13392780232274
252,0.00436523078463559,17.2494340825,3.58775939775,28.8704674275,-14.058799916625,0,0,0,17.4833321875,0.000485603108714973,0.117931867433341,"04",12.1178843754071,3.50494883249058,14.6067473963393,9.75058249243841,9.671622419375,13.295593989028,52.6448173236,94.8074982246081,0.146293054916474
253,0.00443214792811994,14.3183832414286,3.53520202914286,30.97486325,4.72835151014286,0,0,0,10.3999017074286,0.000552520252199323,0.133145133741637,"04",8.38143366939732,3.74134552805078,14.794774068115,7.17380081102872,5.97634224969977,10.9641281708244,108.147126488759,398.143396647738,0.159406145213121
254,0.00449877489118942,10.80320987,3.346085447375,31.08391797125,161.34426551125,0,0,0,4.77795988875,0.000619147215268803,0.148065920544277,"04",3.1515476903606,4.29751927462554,8.69905086412097,6.63490880236513,20.1355665666296,18.0670113892198,-310.502292713947,453.691815203769,0.176595065700526
255,0.00456492128649293,7.325811109,3.31960165871429,23.8084167105714,414.1129704,0,0,0,0.7102119,0.000685293610572313,0.162662077984917,"04",2.94855676538116,4.4273031603706,7.91537385801416,6.10575028739755,21.5082375952999,17.8523621638468,-344.579551599581,443.27553417413,0.181262500999509
256,0.00463026166324096,5.726563667375,16.049148773875,0.069933088375,603.264474175,0,0,0,-1.735274148,0.000750633987320343,0.176874187845025,"04",2.04379522324,3.71864551551223,6.92470676288214,5.46498384976714,24.0240036700129,17.5336811277883,-432.9212637193,380.248117614059,0.189139923237879
257,0.0046943468242098,5.814312244,17.3984771114286,0,626.638553557143,0,0,0,-2.83672094042857,0.000814719148289183,0.190619787717943,"04",1.69470616363044,3.67253347327127,5.95885845410326,4.51152290729556,26.1130474674053,16.6837420549014,-525.049944209332,216.366184914667,0.189781019474639
258,0.00475609359812009,6.3023265735,18.66544751625,0,626.478570275,0,0,0,-2.388089916625,0.000876465922199473,0.203687464676834,"04",1.86635641697917,3.68893214960279,6.43550923149182,4.99215309759549,25.0250038229301,17.1655856290109,-477.062923469063,316.298941392513,0.189746070797835
259,0.00481309011268453,7.27371316357143,20.0969656828571,0,551.4609465,0,0,0,-0.275477195,0.000933462436763913,0.215600118698682,"04",2.79408689401722,4.4282480753132,7.48031700712692,5.74183594219866,22.2763889379892,17.6851742775867,-376.580997960281,415.899133576195,0.185673822876461
260,0.00485417931338341,9.507054305125,22.70744038125,0,270.8907842625,0,0,0,3.336406998125,0.000974551637462793,0.224100853595285,"04",2.93969746986845,4.20312395177415,8.23210454688333,6.20868219043246,20.8067521188506,17.9784845299553,-329.882061946495,448.207261241761,0.179095370326566
261,0.00484834105955006,11.5602148028571,23.3302655828571,0,4.80742459285714,0,0,0,7.79387152685714,0.000968713383629443,0.222897402493256,"04",3.61633751900974,4.69636470811896,8.83391447670509,6.73598333179787,19.6063642550103,17.9253693477732,-288.065867410834,448.830000965389,0.167327049858872
262,0.00480130790486626,13.40689481625,23.95338053,0,-46.8519005625,0,0,0,13.12589566125,0.000921680228945644,0.213149166813852,"04",9.86304792466965,3.65527314505286,13.9649577997742,8.40218905879355,9.04259566037117,12.9772905511644,122.316071205225,258.937626349226,0.158359025843245
263,0.00474319408478318,15.3852185128571,24.2919961171429,0,-48.5474839928571,0,0,0,19.4856392928571,0.000863566408862563,0.200971572406825,"04",12.8237279764951,3.52985096183194,13.4645663352175,9.69581512384658,11.4169719655682,13.8781927134383,24.2348564765341,54.4016489607681,0.143798469609372
264,0.00468096514225716,17.1884084325,22.54709475375,0,-22.8375675675,0,0,0,26.8423335875,0.000801337466336543,0.187765122016697,"04",15.4729195468571,3.31386444384996,14.2570783863988,10.1705806272205,9.52718884546032,12.4835193351782,-9.79372879825991,32.5726858138201,0.136348416431096
265,0.00461680615328686,18.5619755828571,21.4331641671429,0,-17.8982317714286,0,0,0,34.9376135442857,0.000737178477366243,0.173963963885013,"04",17.3656117999405,2.60477493530691,13.3467148311429,10.6860361267891,8.43197269906548,11.2119851106204,-14.9383818023869,20.6502415458496,0.118889790491922
266,0.00455148381924165,19.765742275,22.0108603275,0,-3.933732313125,0,0,0,43.6197575175,0.000671856143321033,0.159714100896968,"04",18.8670872272619,2.95376431042876,13.2381092099286,10.5866683375565,8.67970809581548,10.5382668113003,-9.64706276009822,16.4369418698011,0.103845935572349
267,0.00448547888047282,20.8824154942857,20.4609069485714,0,3.58213649528571,0,0,0,52.8128888271429,0.000605851204552203,0.145106070908367,"04",21.2098882641786,2.92774744971363,11.1241834794714,10.2875667128213,11.1364495377857,10.4869506311274,-0.0109322779714281,4.32794315246721,0.0934747678743995
268,0.00441903484738072,21.9353215875,21.476111555,0,5.638943751625,0,0,0,62.501279105,0.000539407171460103,0.130182119561653,"04",22.1391281417262,3.02209874374026,12.4629186753036,9.76909726158174,6.65076870978273,7.66873401012584,3.84067196495833,0.651105879146019,0.0781464907810787
269,0.00435235951165245,22.93282077,18.77571576,0,3.75539530085714,0,0,0,72.6548577985714,0.000472731835731833,0.114978922501683,"04",23.7195198644133,3.04202950612531,12.0986532273316,9.11580711823277,4.34418887080102,5.7885131887398,4.28379426517092,0.771058847483471,0.0646539518496556
270,0.00428560891858457,23.34724707125,20.5728198625,0,4.283505501625,0,0,0,83.113111475,0.000405981242663953,0.0995234549827764,"04",23.9591828421131,2.52908989283211,13.3535503147619,8.92464941758474,1.4166266531875,2.86345371855171,3.8738624215119,0.594254659008464,0.0535380044140236
271,0.00421895038744165,24.0572760442857,22.85682394,0,4.09401360885714,0,0,0,93.8067211614286,0.000339322711521033,0.0838471824665152,"04",24.7526651785119,2.36188346606561,13.3253963037143,9.12507283874356,0.222979941014882,0.544826491832015,3.71152614071131,0.786466488314016,0.0422593823767421
272,0.00415260805368128,24.89080356625,22.5596048075,0,3.00000303025,0,0,0,104.86416438375,0.000272980377760663,0.0679973926119928,"04",25.2883414170357,2.26879496211945,16.3152219874071,8.22539796780262,0.000555920275,0.00124307552497038,3.51708434060357,0.724799475484544,0.0410670416523297
273,0.00408690048770882,25.6370652271429,19.1240698571429,0,2.99811148314286,1.71428571428571,0.571428571428571,0,116.281938457143,0.000207272811788203,0.0520476652689208,"04",25.9406697833214,1.84258548989205,18.5482077391429,5.08072508134741,0,0,3.29850611110714,0.670072430221629,0.0327519711940178
274,0.0040225589245602,26.12374095375,18.85301209625,0,2.998074051,3,1,0,127.9788748625,0.000142931248639583,0.0361790583856489,"04",26.4990001539286,1.47999371172309,17.97569755675,4.35506913006196,0,0,3.18071761478929,0.778608818938387,0.0255756044703239
275,0.00396130374928605,26.5284297214286,18.46264474,0,3.00270178242857,3,1,0,139.869653842857,8.16760733654332e-05,0.0208340109519742,"04",27.1562298745982,1.32231471294721,16.9737644191518,4.93147844683448,0,0,2.99837751614286,1.22391841904024,0.0198189975449129
276,0.00391134114236195,26.9206563425,18.398043155,0,1.98622640525,3,1,0,151.9427833,3.17134664413331e-05,0.00814112892130048,"04",27.4345496467411,1.15549173478317,15.8104652548661,3.87589094293044,0,0,2.94598733151786,1.13864023645105,0.0166274691006848
277,0.00389529489437216,27.3130619928571,18.8082504385714,0,1.49985174214286,3,1,0,164.188461057143,1.56672184515433e-05,0.00403019814360839,"04",27.6184376483928,1.01044614057329,16.3121517453571,4.02765605243149,0,0,2.4718772335625,0.609953465520135,0.0162237920196851
278,0.00391130230246645,27.71611504375,18.63587202125,0,1.4990370255,3,1,0,176.6206881125,3.16746265458328e-05,0.00813119880118585,"04",28.1185887065357,0.920366951694571,15.9278675609286,3.63169036130068,0,0,2.69818765925714,0.66989085572524,0.0162478220567757
279,0.00391339846267812,28.1244554685714,18.4690351557143,0,1.49905574157143,3,1,0,189.2308706,3.37707867575031e-05,0.00866697908752556,"04",28.33171561075,0.725708021202425,16.1388264124286,3.60268847698439,0,0,2.67336210704286,0.658474874858871,0.0148802555822866
280,0.00387531952695415,28.49658657125,18.2629984425,0,1.498878136375,3,1,0,202.0232435625,-4.30814896646694e-06,-0.00111107121321385,"04",28.528954719,0.569543892896212,15.9951240564643,3.38382724555815,0,0,2.59474304774286,1.08475208480224,0.0134910416561468
281,0.00382249557674769,28.82284671,18.3869673642857,0,1.50144187657143,3,1,0,214.9714553,-5.71320991729269e-05,-0.0148356871729574,"04",28.7116470772143,0.497104359809647,15.9747335939286,3.50230392625216,0,0,2.39613313861786,0.821051411288769,0.0142831181733366
282,0.00377208693469412,29.1317971975,18.1967010825,0,2.644322678625,3,1,0,228.061715275,-0.000107540741226497,-0.0281107766021531,"04",28.8711685572143,0.545755352755076,16.5825976085,3.31382485674317,0,0,2.76498124546786,0.720750084488674,0.0174171268675669
283,0.00374551575352912,29.42908368,17.58588822,0,2.99861298485714,3,1,0,241.285696428571,-0.000134111922391497,-0.0351798629083069,"04",29.0411648397857,0.729316830476514,16.6120588855214,3.20969555479256,0,0,3.22724078341072,0.726478463273753,0.0213994299394126
284,0.00377121081806343,29.679044545,17.7029356,0,2.998074051,3,1,0,254.6392467875,-0.000108416857857187,-0.0283430666800779,"04",29.1980225747857,0.988012352344064,16.7110622125357,3.38673034992772,0,0,3.298155686825,0.670236523117915,0.0258730929692492
285,0.00381991307801145,29.7873149571429,9.52274850157143,0,2.99811148314286,3,1,0,268.0819017,-5.97145979091668e-05,-0.0155115209012004,"04",29.3031416987202,1.09111794424711,14.6308783157738,3.17274134198603,0,0,3.48688773668155,0.782930103214803,0.0131504039186991
286,0.00387048120375352,29.26929226375,7.769303766375,0,2.998074051,3,1,0,281.4387034,-9.14647216709689e-06,-0.00236034778852812,"04",29.8042133530357,1.19378717061433,11.1422730360208,4.22236883309511,0,0,3.31046105707738,1.13223245549866,0.0168792925836998
287,0.00390501195138274,28.7368479042857,10.2879086814286,0,2.99811148314286,3,1,0,294.520653157143,2.5384275462123e-05,0.00652165443629382,"04",29.4007130699643,1.08179172822773,11.2755671099714,5.41761722773382,0,0,3.595194283525,1.34677041087247,0.011521260859109
288,0.00391121814635944,28.44381343625,10.7005851125,0,2.992196101875,3,1,0,307.42924975,3.15904704388235e-05,0.00810968243560772,"04",29.1574715686071,0.972416075196274,12.2141215612643,5.24126561523645,0,0,3.59764192183214,1.34150529022818,0.00991742579205077
289,0.00391638322873212,28.1931711428571,11.5176357235714,0,1.79952307628571,3,1,0,320.221572171429,3.6755552811503e-05,0.00942939271282928,"04",28.9019079364732,1.07829049798208,13.1276885572545,5.31721760146147,0,0,3.42982344429911,1.10251539383608,0.0178642810693249
290,0.00391996579209364,28.01457916875,12.06287467875,0,1.4996352795,3,1,0,332.907876725,4.0338116173023e-05,0.0103437377758571,"04",28.6092177669196,0.996511416082911,14.4245803273482,5.04975435603797,0,0,3.02036984695982,1.01457847905629,0.0130488621016894
291,0.00390233743976856,27.8301633485714,11.3872500871429,0,1.49795502671429,3,1,0,345.527512371429,2.27097638479433e-05,0.00583652776492549,"04",28.3785784161161,0.846017890711565,14.3579056582589,2.32015853509075,0,0,2.62372405248214,0.749394524629784,0.00657606346788823
292,0.00387100645966315,27.6139217175,14.25304950375,0,2.086069244625,3,1,0,358.045184375,-8.62121625746668e-06,-0.00222464883253881,"04",28.1924215599107,0.753199306854048,15.326927743125,3.34559272553613,0,0,2.51734653342411,0.803975335719893,0.00523665677841505
293,0.00384734632622108,27.5313563771429,13.1695368257143,0,2.997473989,3,1,0,370.499529171429,-3.2281349699537e-05,-0.00835554427007068,"04",28.0233098245536,0.807540880679858,15.3901641508036,1.94253807153483,0,0,2.95526630491071,1.09707357832928,-0.00279165802701229
294,0.0038306780532956,27.40480457875,11.1636370875,0,2.998074051,3,1,0,382.9086318125,-4.8949622625017e-05,-0.0126973639498251,"04",27.8802321666518,0.987250115104105,15.5857512200446,2.58421328979249,0,0,4.11759681152679,0.746794676462645,-0.00872158108637855
295,0.00380028986610128,27.1923726142857,10.86984223,0,2.99811148314286,3,1,0,395.242970742857,-7.93378098193367e-05,-0.0206618443022624,"04",27.2464470040357,1.44953972205791,16.1647876346429,4.3222826060582,0,0,4.12825294135714,0.649362282634678,-0.020378314144458
296,0.00376755762527259,26.911453825,10.057703438125,0,2.998074051,3,1,0,407.456415975,-0.000112070050648027,-0.0293122416871991,"04",27.1841333965357,1.40844594591141,12.4400476766429,4.7312066458632,0,0,3.27268095940357,1.93931667150826,-0.020725281340168
297,0.00376225523484055,26.6120541057143,10.3163472628571,0,2.99811148314286,3,1,0,419.550029071429,-0.000117372441080067,-0.0307206143164152,"04",27.2442911455,1.0121128626321,10.7509576476536,2.8927004118958,0,0,2.995509237875,1.83606720890114,-0.0201426850140558
298,0.00376886731402417,26.31533795125,17.078396665875,0,2.998074051,3,1,0,431.497623875,-0.000110760361896447,-0.0289646793507981,"04",27.3703235827083,0.719743833826958,13.0067973511607,3.71379862466446,0,0,3.06371542841072,1.49587513939594,-0.0192078533741674
299,0.00376591043166475,26.6569357957143,22.4117567971429,0,2.99811148314286,3,1,0,443.420523414286,-0.000113717244255867,-0.0297495418995082,"04",27.4477557265774,0.802584368787182,14.6535058447887,2.58922219002622,0,0,3.47270200622321,0.870312645785097,-0.0177242404503699
300,0.00378457591296418,27.39463700125,18.38715733625,0,2.998074051,3,1,0,455.6390400375,-9.50517629564368e-05,-0.0248053520880971,"04",27.7797632854592,0.777610488033694,15.4909867059184,3.73297808074033,0,0,3.61985216098725,0.884283693050235,-0.0157280563993152
301,0.00382721864936214,27.6906170371429,15.46830483,0,2.99811148314286,3,1,0,468.0942162,-5.2409026558477e-05,-0.0136008506937069,"04",27.9877271080357,0.617824766864802,14.8955500157551,3.10768576672667,0,0,3.74534900305612,0.749898880681964,-0.0133568226805031
302,0.00386518539594464,27.78813293,15.94325107,0,2.998074051,3,1,0,480.620920975,-1.44422799759768e-05,-0.0037295403283153,"04",28.1168164317347,0.56739601103959,14.7574233126173,3.1330285557585,0,0,3.53018819397449,0.712022972883629,-0.0127403938219817
303,0.00388534594755184,27.9177505985714,15.0777876428571,0,2.99811148314286,3,1,0,493.195560614286,5.7182716312232e-06,0.00147283758964711,"04",28.19735794875,0.608478461015393,14.9427107390816,2.88011797123921,0,0,3.42623181518622,0.731569088104264,-0.0163862753159841
304,0.00389300122310337,27.97678782125,14.58797637875,0,2.99886883825,3,1,0,505.819507675,1.33735471827532e-05,0.00344119350341376,"04",28.1241470887798,0.54837789613595,14.2798660891667,2.58469179300775,0,0,3.49764222828869,0.773898733106775,-0.0306127202062183
305,0.0038800549862536,27.97379734,14.3790789942857,0,2.93375165857143,3,1,0,518.458777042857,4.27310332983162e-07,0.00011013603030019,"04",28.2014198611786,0.603871463574922,13.6551014204572,2.18839241370882,0,0,3.29790741602143,0.669961719227462,-0.0251897664491225
306,0.00384276160049833,27.96262342,14.09730075875,0,1.484584568875,3,1,0,531.0857084875,-3.68660754222869e-05,-0.00954791404963551,"04",28.3180430496429,0.589507166194654,13.4288125785286,2.53623129498671,0,0,3.18758658821786,0.46054262078275,-0.0325143169402636
307,0.0037977357602904,27.9325633285714,13.9116989271429,0,1.49875031085714,3,1,0,543.709808657143,-8.18919156302168e-05,-0.0213341520741608,"04",28.45465092775,0.641632886719262,13.5882057495928,2.66947130820653,0,0,2.69416474448929,0.676177890729546,-0.038601597099358
308,0.0037685360171959,27.9229218025,13.841304065,0,1.4990370255,3,1,0,556.319936075,-0.000111091658724717,-0.0290525867653635,"04",28.5306769671786,0.658347958439868,14.3533354494643,1.39167956229332,0,0,2.7080340474,0.922460947158742,-0.0424833719638264
309,0.0037670861077617,27.8826213614286,13.6943185285714,0,1.49905574157143,3,1,0,568.9304752,-0.000112541568158917,-0.0294374015529328,"04",28.5928932682143,0.671117290824879,14.3604060378571,1.14363147985377,0,0,2.69809848135714,1.25508810229677,-0.0365044543564856
310,0.00377019437263987,27.86240674125,14.20473157875,0,1.4990370255,3,1,0,581.5123763875,-0.000109433303280747,-0.028612630608035,"04",28.6455307880714,0.71346650424352,14.2739116499643,1.13054932425015,0,0,2.69814178441786,1.25434480905158,-0.0388214316667362
311,0.00375077962067628,27.8530375542857,16.5621852042857,0,1.49905574157143,3,1,0,594.099421314286,-0.000128848055244337,-0.0337754711096592,"04",28.7025556963571,0.74926360289879,14.8995873168143,1.42308730435103,0,0,2.7599414163,1.18625020954113,-0.0426454676911152
312,0.00372983333134908,28.012496445,18.2195013475,0,1.4990370255,3,1,0,606.7009947,-0.000149794344571537,-0.0393756388083233,"04",28.7060425316071,0.669542882706131,13.5020788033821,4.62486710638515,0,0,3.23824713816786,1.18824400731653,-0.0470469054911375
313,0.00373757651646182,28.3576205571429,17.9200952614286,0,1.49905574157143,3,1,0,619.434284157143,-0.000142051159458797,-0.0373017770976665,"04",28.59932186,0.347499482615981,14.8383118203714,2.88342680333768,0,0,2.9994626113,1.06000349302281,-0.0501751143360569
314,0.00376552468569704,28.634309635,16.98200633,0,1.4990370255,3,1,0,632.298508475,-0.000114102990223577,-0.0298519781422142,"04",28.5803309649286,0.13734215021775,16.2034630646429,1.41900708903816,0,0,2.99766133576786,1.05997305860941,-0.0509470930006295
315,0.00379432310742707,28.8369645642857,15.8259291414286,0,1.49905574157143,3,1,0,645.283902957143,-8.5304568493547e-05,-0.0222331580125337,"04",28.5675690605357,0.139046609736971,16.4041939430714,0.935635306619622,0,0,2.85352945407143,1.10819565444235,-0.0490419695551145
316,0.00382486450048686,28.98313193125,16.34560957625,0,1.498878136375,3,1,0,658.337899025,-5.47631754337567e-05,-0.0142161469057109,"04",28.5239551645714,0.310245982476855,16.1057813924643,1.31410271516877,0,0,2.69866577064286,1.25371870668365,-0.0438718017224074
317,0.00384810917190777,29.1043142028571,14.3380509571429,0,1.50144187657143,3,1,0,671.459476614286,-3.1518504012847e-05,-0.00815728552643957,"04",28.4501160422857,0.475149310424206,16.9097793361071,1.01141372830512,0,0,2.69824745776071,1.25425203293641,-0.0362438545197299
318,0.0038608032228319,29.10395686375,12.80000315875,0,2.784947678625,3,1,0,684.597810375,-1.88244530887169e-05,-0.00486393844497535,"04",28.4323675811071,0.583920794750777,16.0293356708214,1.18041391478962,0,0,2.70232953136786,1.24935435068953,-0.0276848728789702
319,0.00386776013385742,28.8936264528571,12.248798249,0,2.99861298485714,3,1,0,697.718199214286,-1.18675420631969e-05,-0.0030636264326569,"04",28.4269494497143,0.660952900942406,15.3810132437857,1.5443052825514,0,0,3.256538837325,0.699771910351357,-0.0185733053568277
320,0.00388837706612187,28.7164025825,13.38446028125,0,2.998074051,3,1,0,710.711187425,8.74939020125299e-06,0.0022526746485001,"04",28.3554484863928,0.618116155934617,13.9439404381964,2.64017349637198,0,0,3.29800536535,0.670320507671692,-0.00878075473642159
321,0.00393510982316787,28.6396830457143,12.83126087,0,2.99816083157143,3,1,0,723.671337671429,5.54821472472529e-05,0.0141996012184116,"04",28.1284700908631,0.547760185675358,14.7780411096428,1.157719070927,0,0,3.49791502596429,0.774321353837832,-0.00818895683901033
322,0.00399128822251545,28.4534355025,11.629265655,0,2.98020190775,3,1,0,736.5643151375,0.000111660546594833,0.0283748516410531,"04",28.0718120693452,0.49346618135672,14.9468022638095,1.76591073937966,0,0,3.47785667222619,0.744328416517713,-0.0028544942064667
323,0.00404229545682871,28.2450571771429,14.4825743171429,0,1.49277347628571,3,1,0,749.367197171429,0.000162667780908093,0.0410735227481878,"04",28.0482617793155,0.406855490707096,14.2250150325893,2.67640881666043,0,0,3.22021875534226,0.566791258606446,0.000350192390765712
324,0.00406669189454247,28.22781907375,14.19673139375,0,1.49916530675,3,1,0,762.109871925,0.000187064218621854,0.0470906762257473,"04",28.0688937385714,0.319410011554892,12.8887288884286,2.10228835487605,0,0,3.10411401172857,1.07770225224106,0.00326306217607384
325,0.00409070921490496,28.2095135757143,13.6832319528571,0,1.48203726214286,3,1,0,774.863911671429,0.000211081538984343,0.0529791666530413,"04",28.0368167190357,0.26474104483651,14.2474803839643,1.67337447130193,0,0,3.42132679426786,1.24807930093515,0.00685716825205576
326,0.00413138410105225,28.11171445125,12.87155508,0,2.942696451875,3,1,0,787.571122725,0.000251756425131633,0.0628732934677965,"04",28.0019765076071,0.294612491627864,15.4596953091428,2.86620716044301,0,0,3.59479635211786,1.3478619007827,0.00985301924321706
327,0.00415496343748242,27.99292307,16.4490262814286,0,2.99794867157143,3,1,0,800.250684128571,0.000275335761561803,0.0685644377009345,"04",28.0226420544643,0.424986134425817,15.3928145713571,2.77432142178512,0,0,3.81578948851786,0.78538993807395,0.0103436475318889
328,0.00415984008440055,28.01447862375,17.99839942625,0,2.998074051,3,1,0,812.878429325,0.000280212408479933,0.0697374413316663,"04",28.0536500619643,0.607004641059891,15.4732992995,2.60667557266031,0,0,3.5273776762,0.734532818869055,0.00983573332090841
329,0.00416569435614164,28.1670139271429,15.4834671042857,0,2.99811148314286,3,1,0,825.573740385714,0.000286066680221023,0.0711437828961969,"04",28.0707185114643,0.756244102921985,15.3342429168929,2.65346438501396,0,0,3.29888666412143,0.669829155068893,0.0105485598848007
330,0.00415820946389081,28.192561085,13.9826289075,0,2.998074051,3,1,0,838.2914143625,0.000278581787970193,0.0693453733397753,"04",28.1796455791071,0.830716541009338,14.563734831369,2.36851823823113,0,0,3.71337118556548,0.788755686889178,0.0123720859392027
331,0.00412141068447602,28.1550077428571,15.0725735614286,0,2.99811148314286,3,1,0,851.026721785714,0.000241783008555403,0.0604563131722866,"04",28.4378551676071,0.892723611637271,13.93238529775,2.16743005299059,0,0,3.8335842725,0.731366854069941,0.0133257906573143
332,0.00407152876814416,28.10922000125,13.97007765425,0,2.998074051,3,1,0,863.71971285,0.000191901092223543,0.0482793572047546,"04",28.4634866933929,0.95952054116197,13.6166853891072,2.05619926981732,0,0,3.89596485830357,0.820030045110388,0.0117356779737381
333,0.00402910679589004,27.9946511171429,16.8688618471429,0,2.99811148314286,3,1,0,876.407422928571,0.000149479119969423,0.0378055224833904,"04",28.4486129255,1.03442550336662,13.94424972235,2.64197954080695,0,0,4.16446347235357,1.19661333282665,0.00915161856185382
334,0.00401421292672576,28.05290378625,16.543041565,0,2.99886883825,3,1,0,889.043987625,0.000134585250805143,0.0341021049069683,"04",28.4342909161429,1.12438576477445,13.9672938873929,2.3854055144916,0,0,3.571449756825,0.693864320462355,0.0087402941833119
335,0.00401615061463078,28.1164728114286,14.2307969514286,0,2.93375165857143,3,1,0,901.743108357143,0.000136522938710163,0.0345846952366307,"04",28.2535351488393,1.18208905598329,14.5809517206339,2.143583160936,0,0,3.05791063203572,0.12210274045911,0.0056413580836467
336,0.00402420442519479,28.0517239425,13.095650195,0,1.484584568875,3,1,0,914.4205246625,0.000144576749274173,0.036588042854337,"04",28.3572079765625,1.07244849356129,12.8841542973482,3.25718722947594,0,0,2.89590000502232,0.913276487347808,0.00747172079611396
337,0.00405151378005799,27.85696003,13.4366922985714,0,1.49943402971429,3,1,0,927.0598114,0.000171886104137373,0.043351393826593,"04",28.5420803062143,0.876929404326449,13.0334960455714,2.66801070622599,0,0,2.31037036210357,1.0711846826853,0.00889898310846835
338,0.00409328933409172,27.65194288375,16.2659407925,0,1.939242938125,3,1,0,939.577577325,0.000213661658171104,0.0536096944308113,"04",28.5900527408571,0.861551142962539,12.6449395803357,2.50895780304413,0,0,2.31161246392857,0.773392984398699,0.0102727876269277
339,0.00412132106321094,27.5610337642857,13.7497560942857,0,3.00289812057143,3,1,0,952.0583362,0.000241693387290323,0.0604345676477074,"04",28.5509886331786,0.762970129219485,14.1606444200893,3.32549652811042,0,0,2.99194056960714,0.956149026052616,0.0114510435035554
340,0.00413956323944483,27.41974900875,14.511585925,0,2.998074051,3,1,0,964.464950175,0.000259935563524213,0.0648510937183051,"04",28.50234307775,0.628585015460481,14.1363761065,3.49934361862976,0,0,3.29864488458929,0.669870829612973,0.0127783261127959
341,0.00415010121539242,27.2462893014286,16.3033689442857,0,2.99811148314286,3,1,0,976.822296814286,0.000270473539471803,0.067393532300037,"04",28.3774964612947,0.648694081684639,13.9043384960089,4.40726502014188,0,0,3.37401542116518,0.751958962678494,0.00892253523658113
342,0.00416524769845535,27.2022205725,17.00277468375,0,2.998074051,3,1,0,989.09852955,0.000285620022534734,0.0710365542843387,"04",28.2874961528572,0.710522651298716,15.2034431755536,3.55799546403188,0,0,3.04741839539732,0.284630668738627,0.0155828150761327
343,0.00419450955726488,27.2466063657143,17.04234252,0,2.99811148314286,3,1,0,1001.40204962857,0.000314881881344263,0.0780372306732033,"04",28.2261951408928,0.7684575106859,15.4068622197947,3.4123951767165,0,0,2.62348665084822,0.748271817056125,0.0230537703941994
344,0.00423266691433522,27.35210506625,17.0954319625,0,2.998074051,3,1,0,1013.722149625,0.000353039238414603,0.0870930792273708,"04",28.1553893956697,0.865580439510162,15.8801526853571,3.70690266721703,0,0,3.15309451821429,1.16136679135794,0.0283270532659594
345,0.00426514744348407,27.4797780757143,19.1139650685714,0,2.99811148314286,3,1,0,1026.11583957143,0.000385519767563453,0.0947375593705102,"04",28.1477046386607,0.952284222121655,15.2924783527232,3.03328192616587,0,0,3.73316212283036,1.47177173861995,0.0299773635349664
346,0.00427247281951137,27.6505433275,18.21031844125,0,2.998074051,3,1,0,1038.55100325,0.000392845143590753,0.0964535826715363,"04",28.1617506840179,0.980695613257805,15.2150306194643,3.35168939443748,0,0,3.45729006533929,0.702104072825578,0.0353296968492283
347,0.00426029471410001,27.83199657,17.1276336228571,0,2.99811148314286,3,1,0,1051.08862242857,0.000380667038179393,0.0935991480823661,"04",28.4118336448929,0.919517601964574,13.9422323249643,3.34922966687855,0,0,3.80278602552143,0.757084106711208,0.0327108531633596
348,0.00424249784069069,28.0768965125,19.55165491125,0,2.998074051,3,1,0,1063.70202475,0.000362870164770073,0.0894130177340315,"04",28.5066431813929,0.875182740571038,13.2291779551,3.75843389629682,0,0,3.63921842235714,0.78780835167297,0.0286941093944012
349,0.00420326384458308,28.4880786985714,19.4036883371429,0,2.99811148314286,3,1,0,1076.48222142857,0.000323636168662463,0.0801221381509176,"04",28.6022689065,0.80086620231218,13.6608895399143,3.96738472996374,0,0,4.08622528548929,1.06481326166924,0.0237831788488262
350,0.00414871153388771,28.9615991325,19.2196540425,0,2.998074051,3,1,0,1089.45149425,0.000269083857967093,0.0670586213853817,"04",28.7225134007143,0.721505512994254,13.5302867383036,3.85909909660812,0,0,3.797963182975,0.813342952865753,0.0189043280456801
351,0.00409341782943763,29.3810897371429,17.7326289171429,0,2.99811148314286,3,1,0,1102.64523728571,0.000213790153517013,0.0536410856459151,"04",28.8712355782857,0.667392095238987,13.5846030022857,3.67260483930571,0,0,2.96276255434643,1.51672570675899,0.0154584481231499
352,0.0040502989191598,29.49120175,13.767923501125,0,2.998074051,3,1,0,1115.994213125,0.000170671243239183,0.0430514952921763,"04",29.0632127393214,0.545175296995644,12.5967536510964,3.95020245676364,0,0,3.895790513575,1.74018588403535,0.014865079739757
353,0.00402593943534548,29.2483050657143,10.2693194971429,0,2.99811148314286,3,1,0,1129.36956471429,0.000146311759424863,0.0370190935695804,"04",29.1000645268929,0.60426028231149,13.5687456799393,2.4755585056451,0,0,3.69213428912857,1.68143813770649,0.0172094133518591
354,0.00400891562792974,28.9076615475,16.1455534925,0,2.998074051,3,1,0,1142.480560875,0.000129287952009124,0.0327815977263493,"04",29.0202664619286,0.691036166600812,12.7040393963214,2.60721527121013,0,0,3.091740389975,1.08056651262101,0.0207340758650063
355,0.00399473428270043,28.7624034014286,14.8584354485714,0,2.99811148314286,3,1,0,1155.51952985714,0.000115106606779813,0.0292378745815256,"04",28.8443319120536,0.592431229600457,11.9797621093571,3.84721218753436,0,0,2.99784488469643,1.22398162900852,0.0308202224124252
356,0.00398187964890858,28.634372165,13.67787425875,0,2.998074051,3,1,0,1168.470213875,0.000102251972987963,0.0260147915270199,"04",28.805922080625,0.610515964931913,12.9461978684419,1.79186558653099,0,0,2.99857033295982,1.22395133810203,0.0264587186143469
357,0.00397795396753292,28.4271157985714,6.52079242271429,0,2.99811148314286,3,1,0,1181.38308257143,9.83262916123035e-05,0.0250284187497805,"04",28.7020427387946,0.739867482489323,13.0742405072857,2.33871178425567,0,0,3.27194760219643,1.34093872531305,0.0250749906018006
358,0.00399150520661557,27.7522504275,8.103981238375,0,2.998074051,3,1,0,1194.064549375,0.000111877530694954,0.0284292145897282,"04",28.5694380920536,0.932042027791645,11.1440297632366,4.45649967144644,0,0,3.37281876189732,1.43517742811954,0.0244824724139492
359,0.0040125130321753,27.2188988185714,7.85120282914286,0,2.99811148314286,3,1,0,1206.48632371429,0.000132885356254683,0.0336785462749134,"04",28.3811908747322,1.17925838997379,9.94127100353126,4.2052083696131,0,0,3.372861381625,1.43524800640849,0.0269651006688635
360,0.00404263374703921,26.6740038525,11.911487387125,0,2.998074051,3,1,0,1218.644795,0.000163006071118593,0.0411572068952717,"04",28.1697053003125,1.27951727442144,11.4584826415223,4.40471087950612,0,0,3.37340148036607,1.43424275285311,0.0277960936597533
361,0.00409236963456392,26.3412697885714,13.2490558928571,0,2.99811148314286,3,1,0,1230.620279,0.000212741958643303,0.0533849844807097,"04",27.685932953125,1.37093288036622,13.548779374683,6.64864569642664,0,0,3.58859101103125,1.08079697822019,0.0389429375457063
362,0.00415364750527711,26.15002607,11.207510752,0,2.998074051,0.375,0.125,0,1242.463532875,0.000274019829356493,0.0682476742386173,"04",27.0854007337946,1.33840036794569,15.4979082384018,4.81922905074757,0,0,3.747431834375,0.865334584879656,0.052863027681439
363,0.00421802388094464,25.8202211342857,8.41517768414286,0,2.99811148314286,0,0,0,1254.22553557143,0.000338396205024023,0.0836275524310786,"04",26.6015828647322,1.20523645187153,13.4517650452545,7.53326918850303,0,0,3.45834474143304,1.09488444120741,0.0680025596504668
364,0.00428366520435705,25.17121568125,7.4016001935,0,2.998074051,0,0,0,1265.74100625,0.000404037528436433,0.0990698076405154,"04",26.0096794246429,1.19535394816419,13.0464604607411,8.32468718292371,0,0,2.63019963079464,1.42810287520274,0.0835088728215725
365,0.0043498682386419,24.1540049371429,8.87630013485714,0,2.99811148314286,0,0,0,1276.90754028571,0.000470240562721283,0.114406362671525,"04",25.7256831731071,1.56629102860938,14.5279381390821,8.31390198114765,0,0,3.12713843418929,1.6615330826777,0.0989575231178532
366,0.00441631490984221,23.42395606125,5.797526536,0,2.998074051,0,0,0,1287.609274125,0.000536687233921594,0.129566425189024,"04",24.7925297914643,1.63810876960787,15.3317473009643,8.61871281259302,0,0,3.49932063349643,1.40187074635407,0.114170522620464
367,0.00448276454142699,22.9949788842857,3.06368929642857,0.00442011485714286,3.00404982242857,0,0,0,1298.10838671429,0.000603136865506373,0.144500748563626,"04",23.8863022602857,1.46392916014222,14.894384011375,9.53034683495165,0,0,2.89685037323214,1.16130007767025,0.131347993168522
368,0.00454899595939105,22.57492321625,3.0167825405,5.090694336625,1.528764741125,0,0,0,1308.381761375,0.000669368283470433,0.159167347337065,"04",22.9660162533036,1.28813868096788,12.8334755338393,10.430736273366,0.027680434857143,0.052455526897723,3.44910152059375,1.52046519437018,0.150596974367756
369,0.00461476745078927,21.8722565457143,3.22422053957143,15.4651288871429,-3.90302541642857,0,0,0,1318.45438771429,0.000735139774868653,0.173522283501148,"04",21.29945993225,2.0133841130185,10.66509391705,9.42942662409451,9.37536624964642,10.7230112755807,0.921214096464286,2.82590114194907,0.165995585978273
370,0.00467966712695249,20.59685999,3.6084621265,21.1320174275,-15.94571132175,0,0,0,1328.050418,0.000800039451031874,0.187487787057278,"04",20.0025985569643,2.33688433944478,11.3440639844607,10.6285500575845,10.577182643,9.82003373272349,-7.48620907445357,7.09887730847277,0.179355039172294
371,0.00474306347850961,18.6928916728571,3.53895776185714,24.3183836828571,-32.4704548942857,0,0,0,1336.94294114286,0.000863435802588993,0.200944036517154,"04",18.7359761341786,2.37146978447405,11.4926737111893,10.6097308007074,10.8229999727857,10.0666531709676,-24.8934986375821,23.1764786524807,0.192328982201186
372,0.00480327883766597,16.31867414125,3.40974629625,26.29245092375,-29.34914238875,0,0,0,1344.732935,0.000923651161745353,0.21355958172064,"04",17.1949308614286,2.02003843173387,11.944777674875,11.2362930661209,11.0346071886071,10.7141626825993,-42.8657920769143,26.0998035448158,0.197149717171122
373,0.00485553240437764,13.5965301014286,3.81762419942857,28.7493222842857,25.1350214208571,0,0,0,1351.36853328571,0.000975904728457023,0.224379562379737,"04",16.2203153264484,2.3149271694015,12.8598831246865,10.8956874579027,10.6109187044048,10.849303833552,-25.5113065674107,30.7274175302713,0.202870718118247
374,0.00487604402567615,10.278340118625,3.359096504,30.6464031375,179.4490502725,0,0,0,1356.660213625,0.000996416349755533,0.228595046150366,"04",14.350702058373,1.97519679970287,13.1843698322282,11.2532850772804,11.5943301439087,11.8919120767936,16.4027012684583,72.1238145276797,0.205306054635397
375,0.00484525827159445,6.89472314471429,3.32733275242857,22.0147708867143,431.894704142857,0,0,0,1360.51934314286,0.000965630595673833,0.222261356399206,"04",12.6672227017718,1.51872353377797,13.2420837276528,11.3370704938868,12.0781026121032,12.6302265984373,84.0711948294305,96.7206631161958,0.205133522123476
376,0.00479325120419739,5.74613189925,11.043195650125,0.02229277275,595.0135898625,0,0,0,1362.9017305,0.000913623528276773,0.211469735314604,"04",11.4225321082808,2.45292569127907,13.2034719347873,11.2011856699086,11.6332682023166,12.3015436396355,185.205053107813,168.06182119935,0.208505366993902
377,0.00473696963406108,5.689627427,15.6460473357143,0,626.640481985714,0,0,0,1364.10008714286,0.000857341958140463,0.199658419666044,"04",10.5763526900867,2.90288003132179,14.3560707037704,10.4086596230768,9.14201735701658,11.8706870285905,262.498656954353,217.181998896101,0.210049222387504
378,0.00468235408427974,6.31925503425,21.96125831125,0,622.4469534,0,0,0,1363.743249375,0.000802726408359123,0.188061799288826,"04",10.9038217405357,2.73907396171365,13.7710562724258,10.5914057687097,9.84524946140247,12.048050656432,234.810326458534,198.673753691628,0.205651737767769
379,0.00464212492028796,8.43064907157143,23.6909757314286,0,475.761624428571,0,0,0,1361.54310157143,0.000762497244367343,0.179433024916211,"04",11.7217204119518,2.36459871985559,12.1547215551232,11.2233837967613,12.7965950225482,12.3126562582519,156.149395975737,145.13684125181,0.204871324234191
380,0.00464206954631149,11.4373812875,23.944531775,0,219.8955291375,0,0,0,1357.241423875,0.000762441870390874,0.179421096261446,"04",13.9434658643982,2.26413922255308,12.2018424994054,11.0552842901347,13.4995374432678,12.7280264663604,32.7073361688625,85.3362354372255,0.203365305342483
381,0.00465318253191337,14.0328927557143,25.0548505342857,0,22.0637796208571,0,0,0,1351.70878814286,0.000773554855992753,0.18181220745758,"04",15.9579368039464,2.33492627562402,11.9556572321607,10.6630944188441,12.4247590623928,11.7272743132589,-20.4466737685839,33.1024319171445,0.201526415351904
382,0.00465019601947731,16.27441495,24.5147043425,0,-27.55444793,0,0,0,1345.054770375,0.000770568343556693,0.181170179949413,"04",17.0488880747321,1.84185102161434,10.5222724451042,10.6369428063969,13.5775811444643,11.4295636326314,-40.6130171288869,23.9877003037211,0.196368295049716
383,0.00465427022582169,18.4029590342857,24.2921963471429,0,-28.3456682628571,0,0,0,1337.33977171429,0.000774642549901073,0.182045932821159,"04",18.7413201514286,1.93664706695304,12.1736599091505,10.5837541300445,11.2047690781122,10.8289157706171,-24.3105977225995,19.7463932379894,0.193835868394506
384,0.00466836061308176,20.29689698375,24.65124140125,0,-14.7585605375,0,0,0,1328.5687565,0.000788732937161143,0.185068770028931,"04",20.147579108852,1.92470912070089,11.6818889410536,10.1071143923225,10.5739900917857,10.0748325767073,-8.78535617355357,6.60463924348574,0.181901543099137
385,0.00465296395220941,21.9300359885714,25.4112547157143,0,-6.42986990071429,0,0,0,1319.03993442857,0.000773336276288793,0.181765232117212,"04",21.3585286718878,1.66051778585017,10.9644537094388,9.14091898544901,8.90599430505357,9.86046326163555,-0.428666498979591,3.26217822542828,0.167245870305695
386,0.00460335438554321,23.45546636625,22.20904202125,0,1.31257067875,0,0,0,1308.729253375,0.000723726709622593,0.171046058727196,"04",22.8877976458928,1.12918851339384,10.8701369351714,10.0435893319311,1.04028321521071,2.26470431637896,3.0650341647,1.57206853374287,0.150025616169802
387,0.00454358191131613,24.7026004828571,22.8636826642857,0,1.50196765157143,0,0,0,1297.85403742857,0.000663954235395513,0.157976475249377,"04",23.6822277046428,1.6061782651626,12.9020593481473,9.72835874996028,0,0,3.24557105364732,0.993705057281959,0.129077892260222
388,0.00448093375443454,25.9064075025,22.61207193375,0,3.38885068175,0,0,0,1286.38618325,0.000601306078513923,0.144092259362711,"04",24.5140603637054,1.7495425040409,13.5116661427679,8.77258862851378,0,0,3.52693812143304,1.61716952782062,0.116664000682318
389,0.00441757869214694,26.9660081028571,21.0499211757143,0,5.11283981357143,0,0,0,1274.44919585714,0.000537951016226323,0.129852546426539,"04",25.4156019406696,1.62173394149696,12.8974423799241,8.6277369801487,0,0,2.63071308934375,1.42758610706204,0.101532108393577
390,0.00435470036297274,27.7148907025,20.2061602,0,1.528574055875,0,0,0,1262.063214875,0.000475072687052123,0.11551661291765,"04",26.1703476375893,1.50423518436747,12.9586635968125,8.22526506325022,0,0,3.29880165579018,1.36508665890966,0.0861761844962456
391,0.0042937669612175,28.3575635542857,19.8549727442857,0,4.20298215585714,0,0,0,1249.41885357143,0.000414139285296883,0.101425235488925,"04",26.641182364,1.36478981471958,12.8131455994964,6.83351501252788,0,0,3.42498031747143,1.03996539423287,0.075304334000979
392,0.00423896066114273,29.0406105425,20.27338590875,0,4.496556002625,2.5,0.625,0,1236.436543375,0.000359332985222113,0.0885789207048804,"04",27.1985751025357,1.44163230176976,13.1075700407214,6.00938313812061,0,0,3.4704588206,0.972535638123833,0.0601775319553117
393,0.00420725103706797,29.69653946,18.99501818,0,4.497167225,4,1,0,1223.18176928571,0.000327623361147353,0.0810702828828109,"04",27.9365559241072,1.4709235260476,13.9661385010759,4.76969001873757,0,0,3.37340615936161,1.43426068190695,0.0355268179893667
394,0.00422859057577135,30.0567643925,17.26184938375,0,4.497111076875,4,1,0,1209.6602295,0.000348962899850733,0.0861295489748866,"04",28.2588195796875,1.29247468402568,9.40274940259375,3.63149314936657,0,0,3.37285670262946,1.43523008732038,0.0277826099747387
395,0.00427430585916915,30.1459916814286,4.99869200485714,0,4.497167225,4,1,0,1196.05933028571,0.000394678183248533,0.0968825254842391,"04",28.2919472909524,0.840308039654099,11.1791827264107,3.98458104504186,0,0,3.49775272059822,1.22393993734646,0.0259622452552238
396,0.00432134058733025,29.91058977,9.025371529875,0,4.496996746,4,1,0,1182.473956125,0.000441712911409633,0.107826483406461,"04",28.5033585460417,0.681492469091448,12.6128398898929,3.80540715320793,0,0,3.43050216146726,1.16786338801453,0.0283293959294777
397,0.00434956927468741,29.7522342714286,10.3201218327143,0,4.09351210728571,4,1,0,1169.01525657143,0.000469941598766793,0.114337630883458,"04",28.7716120975,0.534259470938745,13.0925331465036,1.58592458148942,0,0,2.99847107656786,1.05997297502836,0.0264990756222858
398,0.00432565621260142,29.6565269875,10.6193030965,0,3.00000303025,4,1,0,1155.577874875,0.000446028536680803,0.108824662457415,"04",28.8279462099286,0.514367113572667,12.5554967772,3.57185291560491,0,0,2.99789820438571,1.059999191192,0.0309784571955151
399,0.00427407382967116,29.5503967914286,11.3804362585714,0,2.99710123728571,4,1,0,1142.220575,0.000394446153750543,0.096828239291753,"04",28.8877338795536,0.720838915519418,13.0349401807589,2.88677324469716,0,0,3.11540017814732,1.24623436015122,0.0276517270856196
400,0.00421617803946403,29.502667795,11.1071678175,0,3.467322411,4,1,0,1128.867976375,0.000336550363543413,0.0831898485478355,"04",28.9994137098661,0.647536412297527,14.1841401455491,2.37622618826739,0,0,3.74833725866071,1.9361268353813,0.0232076347333115
401,0.00415828077010213,29.43631805,10.9879597814286,0,5.998060487,4,1,0,1115.57142485714,0.000278653094181513,0.06936252148944,"04",28.9699364116518,0.581622716127466,12.9989521185134,4.44151346779582,0,0,3.37022302021875,1.48195409763912,0.0198193926260918
402,0.00410738229607749,29.37772585875,10.99323328,0,4.956154998,4,1,0,1102.267841,0.000227754620156873,0.0570467240184289,"04",28.7446130081697,0.697849871604192,14.2324454328571,3.89692652081068,0,0,2.46441444343303,1.1881092381252,0.0192392004772662
403,0.00408676890666657,29.3151755114286,11.3687317928571,0,3.88966794528571,4,1,0,1089.02471942857,0.000207141230745953,0.0520154689485919,"04",28.5743478730357,0.740094667205704,14.0706754746652,4.23202802534971,0,0,3.77503699239732,0.937300170990676,0.0219144317641266
404,0.00410042446775487,29.26609394375,10.75345917625,0,4.497778632625,4,1,0,1075.782586625,0.000220796791834253,0.0553513064678128,"04",28.4363126471875,0.819495189313474,14.3877471308304,4.17907993194481,0,0,3.98333694870536,1.20049835929133,0.0304035281055874
405,0.00410876747656146,29.2333167214286,10.9696025357143,0,4.497167225,4,1,0,1062.58112842857,0.000229139800640843,0.0573839088316825,"04",28.3249747963839,0.895118479185602,13.7940718099464,4.08742788178852,0,0,3.42473122169643,0.72168155741004,0.0344844406536426
406,0.00412082314197481,29.1649561475,10.64786787125,0,4.49728253775,4,1,0,1049.382213375,0.000241195466054194,0.0603137444220376,"04",28.2235530192411,0.943938310373825,14.7658234383929,3.23023791712145,0,0,3.62916189746428,0.750510630985502,0.0382211865115024
407,0.00412590956475196,29.0798672671429,10.9229921614286,0,4.48014874557143,4,1,0,1036.23993785714,0.000246281888831343,0.0615473052708415,"04",28.1456022094196,0.960869654324503,15.2018987525446,3.3741386339953,0,0,3.82245772554018,1.42210392444039,0.0409173090657157
408,0.00410744649048314,29.01527336875,10.87046469375,0,5.940819386375,4,1,0,1023.102058625,0.000227818814562523,0.0570623529270176,"04",28.1265507700447,0.927197582960048,15.1988125389286,3.2156497119934,0,0,3.42632769602232,0.858103049194377,0.041215340274906
409,0.00406822376189861,28.9306578942857,10.4958014385714,0,4.71348167914286,4,1,0,1010.02517771429,0.000188596085977993,0.047467291645324,"04",28.1335818449107,0.84026616139295,15.8291953451518,3.8056764490715,0,0,2.72372335208482,0.547342553506444,0.0383262442988804
410,0.00403115901822657,28.84342769125,10.29197207775,0,2.995997014625,4,1,0,996.9577874,0.000151531342305953,0.0383147419997893,"04",28.1989324212946,0.740693459799471,15.3239263011786,3.57815258784942,0,0,2.62401526797768,0.748623361624038,0.0319268940913306
411,0.00402923145536703,28.7343768128571,9.96022840328571,0,2.99811148314286,4,1,0,983.9654549,0.000149603779446413,0.0378364617341447,"04",28.2376462490179,0.674816470247048,14.6019457562321,4.74516687965608,0,0,3.04740903736161,0.284632830817432,0.0242983431118078
412,0.00406655285151942,28.5349771975,7.554238726,0,2.998074051,4,1,0,971.00254545,0.000186925175598803,0.0470564849468706,"04",28.2921292022768,0.64350945898279,14.1445213895089,3.94811035167726,0,0,3.37402477920089,0.751952724827449,0.0129860503621662
413,0.00411870306817593,28.1935081614286,8.5149703,0,2.99811148314286,4,1,0,958.203751271429,0.000239075392255313,0.0597991338145505,"04",28.3581261996429,0.749467924158957,13.6547825610938,3.86091588247304,0,0,3.37380681760714,0.748759280723027,0.0124948752726587
414,0.00417020481388835,27.89961702875,8.489993540625,0,2.998074051,4,1,0,945.5207121125,0.000290577137967733,0.0722259596324264,"04",28.4067549507143,0.940658180751729,14.1324381107053,3.68230805323039,0,0,2.99116033508036,1.10406600726021,0.0136764926695241
415,0.00420360451494143,27.59753975,8.79617781871429,0,3.00032802614286,4,1,0,932.995232471429,0.000323976839020813,0.0802031838711228,"04",28.4407258182589,1.08646277598972,12.0918568613661,2.71095924461139,0,0,2.47742880721875,1.17967712672474,0.0152988897110606
416,0.00421178306784601,27.277348545,8.54981688125,0,3.862865607,4,1,0,920.5879219125,0.000332155391925393,0.0821468983357621,"04",28.3691651350893,1.1150041518169,12.4690375802946,3.08333362574793,0,0,2.53362971084375,1.15002302276396,0.0163145929131581
417,0.00421327767967014,26.9574548585714,8.07366402171429,0,3.93949658114286,4,1,0,908.345379771429,0.000333650003749523,0.0825016997666648,"04",28.2939303865179,1.20782611666569,14.6083504476875,0.620954707916059,0,0,2.98091535365625,0.0314617982843478,0.00730478752680277
418,0.00422071427803481,26.66751590625,14.95709693325,0,2.99599602575,4,1,0,896.223801925,0.000341086602114193,0.0842651826233833,"04",28.2631464540178,1.20280055101142,14.5143512558928,2.11805603591563,0,0,3.34070601033929,0.534998681935869,0.00683719339070938
419,0.00423189460910818,26.6488712928571,15.0106032628571,0,4.12466994714286,4,1,0,884.208257428571,0.000352266933187563,0.0869105995540176,"04",28.2633786394196,1.13158503791722,15.3676341658036,2.6177708010859,0,0,4.08129689222768,1.36492833101961,0.00695856390706133
420,0.00422701116697042,26.7733327025,16.38664970625,0,5.83378250475,4,1,0,872.1296631375,0.000347383491049803,0.0857559720657575,"04",28.3327098100893,1.06721127955043,13.8464253727143,1.88146148084474,0,0,3.745668945625,0.86373840494166,0.00639698845243871
421,0.00419366206203183,26.9154463871429,15.2333075914286,0,4.490201241,4,1,0,860.014103914286,0.000314034386111213,0.0778351615563109,"04",28.5297427192857,0.962678666554506,14.7686325575714,1.86006823833795,0,0,3.53360496702857,0.697984617659939,0.0125730936854585
422,0.00414379561360148,27.01337563375,16.39763311375,0,4.056861984625,4,1,0,847.817206175,0.000264167937680863,0.0658729918390701,"04",28.5101284992143,0.8940591949459,15.0393145960714,2.07157403396504,0,0,3.5807740935,0.750053531003466,0.0115404162829013
423,0.00409874844239663,27.1183336142857,16.7022487128571,0,2.993324846,4,1,0,835.6113616,0.000219120766476013,0.0549424785630794,"04",28.3063348236607,0.806708307247494,14.6846579541964,2.34816919711027,0,0,3.69743376059821,0.811759139028085,0.00851168787925002
424,0.00407027991884035,27.27601862875,15.08596126125,0,2.997915161875,4,1,0,823.3148183125,0.000190652242919733,0.0479725827935793,"04",28.2348595730803,0.689269775354403,15.4162973951339,3.02453125652908,0,0,3.37414357671428,0.748683442327384,0.00574329218098768
425,0.00405404146758749,27.4230081385714,14.73541453,0,3.00049761842857,4,1,0,810.972650385714,0.000174413791666873,0.0439750864600628,"04",28.22902629175,0.495721430809553,14.93085775775,3.04411235866683,0,0,3.82670036788929,0.770221356541377,0.0132496686348238
426,0.00405048807468702,27.541882355,16.37393952125,0,4.143359704125,4,1,0,798.546817825,0.000170860398766403,0.0430981958220702,"04",28.1527799891786,0.329969602777802,14.4832178988214,3.09880943434818,0,0,3.88655099269286,0.836553471178963,0.013619102360907
427,0.00407435881144491,27.63266259,17.6729849142857,0,4.49766872657143,4,1,0,786.098415,0.000194731135524293,0.0489741969794206,"04",28.0921939156071,0.210228596514047,14.2183730390357,3.00849367379147,0,0,3.59484377960357,1.34790161630773,0.0137651370168374
428,0.00412137500259887,27.73165726,15.25649769375,0,4.499034495875,4,1,0,773.5840806,0.000241747326678253,0.0604476554496092,"04",28.0782105684643,0.216969497686034,13.4491544597857,1.99323652294849,0,0,3.40808137515,1.23405527492693,0.0122162169718111
429,0.00417191456199518,27.7999802585714,15.7850433271429,0,3.61241682157143,4,1,0,761.053601057143,0.000292286886074563,0.072635866998346,"04",28.0745971346072,0.313609787672096,13.197420934,2.67043878301014,0,0,2.97835496628928,1.03957185496463,0.0102003426583011
430,0.00421508435090528,27.8178385175,11.50418828125,0,2.9844983095,4,1,0,748.474616575,0.000335456674984663,0.0829304120629297,"04",28.0943464316786,0.437019191823925,14.7691803828572,2.59481901664278,0,0,3.26736284451071,0.620400012060305,0.00860821435798211
431,0.0042209378677476,27.6198229985714,13.4590714614286,0,4.37707318485714,4,1,0,735.9593245,0.000341310191826983,0.0843181555968453,"04",28.1622098835,0.493049545328642,15.2443484242857,1.79834591839686,0,0,3.2980133697,0.670786022937462,0.0058627707738645
432,0.00417995681903781,27.5265557975,14.94726382625,0,4.4979518625,4,1,0,723.5015368625,0.000300329143117193,0.0745617250411286,"04",28.2488529495357,0.516102006678373,14.7441965663214,1.29104644015632,0,0,3.29790765865714,0.670406478513639,8.61113490035592e-05
433,0.00412558446070906,27.5568783,14.15683493,0,4.497167225,4,1,0,711.066946185714,0.000245956784788443,0.0614685064413969,"04",28.4156075024107,0.572161436162324,13.850693745372,2.37246339215006,0,0,3.24801681295833,0.611928752899776,-0.0100066913347462
434,0.0040688486353295,27.55283714125,14.45926741125,0,4.497111076875,4,1,0,698.6060893125,0.000189220959408883,0.0476208784358194,"04",28.552090934,0.68220776617773,14.5485295004429,1.92508573660363,0,0,3.25663913766786,0.699725643332451,-0.0202966030150689
435,0.00401565584106427,27.5455205242857,15.4619909657143,0,4.497167225,4,1,0,686.171902371429,0.000136028165143653,0.0344614916814798,"04",28.5783773681071,0.652854180173035,15.3981865865714,1.87115843942689,0,0,2.65970425689286,1.24034486551027,-0.0302205322605251
436,0.00398187840163024,27.5829231325,15.8248721375,0,4.497111076875,4,1,0,673.7119141875,0.000102250725709623,0.0260144782883955,"04",28.467124236116,0.589619872066766,16.5482099635714,1.78413042367929,0,0,2.62392238646428,1.43462354876042,-0.0460479567297695
437,0.00397880755916717,27.7050859928571,18.3889574442857,0,4.497167225,4,1,0,661.244039285714,9.91798832465532e-05,0.0252429762963917,"04",28.5381225483928,0.403759819854772,16.2280807411607,1.50841045705823,0,0,2.62376929925447,1.4347572713872,-0.0535218190942408
438,0.00399046165567441,28.01234000875,17.94884720625,0,4.497111076875,4,1,0,648.6508199125,0.000110833979753793,0.0281677374528364,"04",28.588326772991,0.207703330887331,16.158823313125,1.03776465729215,0,0,2.81738862582143,1.2762198258789,-0.0588470190688378
439,0.00401538478261639,28.3300022385714,17.5727467457143,0,4.497167225,4,1,0,635.934469942857,0.000135757106695774,0.0343939889868885,"04",28.620551681875,0.0544160926396908,16.5020423748214,0.519574662935612,0,0,2.99755347794197,1.22395907058651,-0.0609340241494898
440,0.00406128464795354,28.60294551,16.89009003875,0,4.497111076875,4,1,0,623.0610704625,0.000181656972032923,0.0457601489474486,"04",28.6896413530357,0.233942744636783,15.0457286989464,3.15566436950594,0,0,2.99980507235714,1.22397864393435,-0.0596767103315765
441,0.00411287423864276,28.8309054171429,17.1665705342857,0,4.497167225,4,1,0,610.0958703,0.000233246562722143,0.058382921550848,"04",28.810851673125,0.691644201606063,13.4706703290937,5.63514420005728,0,0,3.29828573094197,1.36328753917589,-0.0562649429805025
442,0.00415300498445464,28.9925659275,16.4641908375,0,4.497111076875,4,1,0,597.0251908875,0.000273377308534023,0.0680929739404954,"04",28.7888614983482,0.837831339647378,15.8673375699018,1.20348511144201,0,0,2.70040357860714,1.36110335675804,-0.0523241237458092
443,0.00417770562537653,29.0436465385714,14.4850024971429,0,4.497167225,4,1,0,583.919953228571,0.000298077949455914,0.0740230113333604,"04",28.5604113023214,0.788252682602245,14.2621490337143,1.13099002099012,0,0,2.39833437931786,1.34089466938468,-0.0487629514009972
444,0.00419546460073878,29.01367457875,13.8094527725,0,4.497111076875,4,1,0,570.7970226875,0.000315836924818163,0.0782648936998758,"04",28.5277262807857,0.730933373992577,14.3386049232857,1.15785660705447,0,0,2.39828733304286,1.34157059499606,-0.0460983509763911
445,0.00422390065552013,28.9658354414286,13.5408054728571,0,4.49826793985714,4,1,0,557.708924171429,0.000344272979599514,0.0850198357570431,"04",28.4980498939286,0.689210614221494,14.5010983149643,1.25851895474928,0,0,2.4082266423,1.04065664253908,-0.0438264504836727
446,0.00426066073416981,28.94586631625,14.21550937,0,3.910078858125,4,1,0,544.6284824625,0.000381033058249193,0.0936850586504141,"04",28.4489481683214,0.647218819471701,13.72257665445,2.66445692257413,0,0,2.39429251003214,0.823996575061473,-0.0403283416018778
447,0.00428771200183809,28.8990669442857,10.0200771302857,0,2.994158679,4,1,0,531.562890471429,0.000408084325917474,0.100014066092792,"04",28.2588064447024,0.54687184182871,13.5402272752321,2.28483144962276,0,0,2.90375291832738,0.808114420999236,-0.0348109572293264
448,0.00430986226941431,28.5130224425,10.8495880775,0,4.009921697375,4,1,0,518.5795882,0.000430234593493693,0.105166755763144,"04",28.1634827743155,0.548054678817765,13.7757643494286,1.97954700365271,0,0,3.23721478977976,0.617398196842878,-0.0277197566970647
449,0.00433379627027884,28.2658626714286,11.16316811,0,4.49637122457143,4,1,0,505.772700171429,0.000454168594358223,0.110704702772465,"04",28.09580397225,0.60817177203769,14.903205685,2.33166200231714,0,0,3.29789642903214,0.670381368308787,-0.0177656817536107
450,0.00432833697521215,28.1076468225,10.97391029,0,4.497111076875,4,1,0,493.033491925,0.000448709299291533,0.109444205962094,"04",28.212309803125,0.665144614538736,15.6041774805952,2.50574821816271,0,0,3.2477519382381,0.61208613643026,-0.00380322718817627
451,0.00428641409049886,27.9458390285714,10.5510661128571,0,4.497167225,4,1,0,480.375362957143,0.000406786414578243,0.0997113153972942,"04",28.1453126655952,0.616039595416392,15.4584828459107,2.76596673443068,0,0,3.3690250221369,0.624655173563896,-0.00149522290005413
452,0.0042321196848526,27.69931377875,10.16477872725,0,4.497111076875,4,1,0,467.802204025,0.000352492008931983,0.0869637837125836,"04",28.03579599625,0.662298829640316,15.6840118971726,2.52333252400306,0,0,3.62005532408631,0.736851781013953,-0.00332476204119443
453,0.0041771281363588,27.4396982871429,11.7391851042857,0,4.497167225,4,1,0,455.3583293,0.000297500460438183,0.073884770640297,"04",27.8364407851786,0.835840916643054,16.1162869728572,3.66575324610675,0,0,3.47363298365179,0.871066460185412,-0.00676677369535401
454,0.00413116035777211,27.22911309375,12.60342548875,0,4.497111076875,4,1,0,443.0072300125,0.000251532681851493,0.0628191350240153,"04",27.4914842531429,0.889289438827423,15.0635219159964,2.66819050983817,0,0,3.26782019209286,0.794972291062225,-0.00966990290293141
455,0.00411736731377763,27.0238522485714,11.34625591,0,4.497167225,4,1,0,430.763423057143,0.000237739637857013,0.0594747668978952,"04",27.4396178495357,0.782001449679808,13.3389056393928,4.05131533176028,0,0,2.77702506909286,1.47669151310793,-0.0113395913469612
456,0.00413521965832626,26.7459937825,7.95016615625,0,4.497111076875,4,1,0,418.60539245,0.000255591982405643,0.0638012579785183,"04",27.4256603392857,0.981278192713774,12.2207447738322,2.97954165291323,0,0,2.97150165947143,1.81215343031548,-0.0117482907147984
457,0.00415459154491698,26.13263995,8.44879340414286,0,4.497167225,4,1,0,406.652603971429,0.000274963868996363,0.0684749280803771,"04",27.4800655425357,1.28205786819063,13.6850615570643,4.20852666787151,0,0,3.27283788690357,1.93944055450075,-0.0118052603981135
458,0.00415497037252742,25.67635367125,19.2371627575,0,4.497111076875,4,1,0,394.9788290375,0.000275342696606804,0.0685661067984249,"04",27.6389703372322,1.33206234604117,15.3966938539286,4.57999805629849,0,0,4.03603840747768,0.711012210692601,-0.0114838720501697
459,0.00415519823598968,26.1517342114286,21.8875843257143,0,4.49721657328571,4,1,0,383.308730085714,0.000275570560069063,0.0686209464695713,"04",27.7851466490714,0.881024046548916,14.7013283935357,2.98657620455352,0,0,3.89369225942143,0.817889331671598,-0.00827982743488449
460,0.00417982970419742,27.08297768375,19.14576963875,0,4.47923893325,4,1,0,371.265003225,0.000300202028276803,0.0745313140163963,"04",27.9249191350714,0.733140739804269,14.9460386857857,1.95354236271147,0,0,2.96370784172857,0.950281076798011,-0.00217344844445025
461,0.00422407560838394,27.6858273257143,17.4177909957143,0,2.99182921814286,4,1,0,358.892436257143,0.000344447932463323,0.085061254637548,"04",28.0767215914286,0.70172238842573,15.11215209525,2.936900731804,0,0,2.43109107566429,0.722483408322446,-0.00129988587268732
462,0.00428083412666221,28.1401598125,18.8068685925,0,2.997871982125,4,1,0,346.274340725,0.000401206450741593,0.0984086883800837,"04",28.2688954026071,0.772632849945587,13.7637745440357,2.40879858547915,0,0,2.39857024732857,0.821380116045235,0.00665001703818451
463,0.00434292729447445,28.5084445357143,17.2655412342857,0,3.00049761842857,4,1,0,333.488531814286,0.000463299618553833,0.112809420593136,"04",28.4902900472857,0.903047764115666,13.9522391976286,4.4989493224938,0,0,2.71622293346786,1.111104784688,0.0133193745342727
464,0.00440647373068524,28.87482703625,17.62337270625,0,4.283984704125,4,1,0,320.5212717875,0.000526846054764623,0.127335569749492,"04",28.76016057775,0.986151290144615,12.8056779905179,4.66079996260501,0,0,3.10376337069643,1.20134549702534,0.0187077699049745
465,0.0044701110851014,29.1687477571429,16.3189327971429,0,4.49766872657143,4,1,0,307.412312057143,0.000590483409180783,0.141674066948468,"04",29.1546525214732,1.12282577346408,11.1879187522946,5.44125037392129,0,0,3.37263522064732,1.43596488620942,0.021895302260816
466,0.0045328979804344,29.28594253875,14.31290736375,0,4.497111076875,4,1,0,294.1922869625,0.000653270304513783,0.155622272803459,"04",29.4294057027678,1.24694667481596,10.5162320465268,5.940553030749,0,0,3.3697150851875,1.44202921615663,0.0246213528540499
467,0.00459353767643035,29.2752343185714,13.4437867428571,0,4.497167225,4,1,0,280.964800314286,0.000713910000509733,0.168911269591607,"04",29.6504217549405,1.32751083504333,11.693599775128,4.76418850540375,0,0,3.06045167382738,0.97207410130281,0.0320824902844905
468,0.0046482488520077,29.13286960875,11.13772147,0,4.497111076875,4,1,0,267.7562979625,0.000768621176087083,0.180751364226332,"04",29.3371961167143,1.21633678927167,15.3295096849286,2.98700788485421,0,0,3.28484306864286,0.678276546865984,0.0299104999494624
469,0.00468201259349651,28.89455527,11.1860298142857,0,4.497167225,4,1,0,254.651124985714,0.000802384917575893,0.187988865199882,"04",29.2781929031548,0.905261518022481,16.8763744437798,3.05612872328548,0,0,3.24814208085417,0.61186743844577,0.0318971107080633
470,0.00466279595749352,28.6713907675,11.28206099625,0,4.497111076875,4,1,0,241.6459094125,0.000783168281572903,0.18387606554765,"04",29.1058179798214,0.671269396346886,16.7743637746012,2.8982363094957,0,0,3.18913615031845,0.656451479135397,0.0276860180336036
471,0.00461721772826026,28.4614536857143,11.5333885581429,0,4.49758422114286,4,1,0,228.7431848,0.000737590052339643,0.174053107029982,"04",28.9146066639286,0.499600178881258,16.8516148541667,3.03634151829658,0,0,2.74487148432738,0.646537672832069,0.0224757828086469
472,0.00457566091384651,28.1997654325,11.7889979775,0,3.329247945375,4,1,0,215.9405587125,0.000696033237925893,0.165011957199428,"04",28.7301803493453,0.446935217552484,16.3767725556547,3.28370494928339,0,0,2.24701792827679,0.820190472825548,0.0175185409895915
473,0.00453423669110258,27.96792724,11.1203186828571,0,1.494568805,4,1,0,203.255631585714,0.000654609015181963,0.155917561380694,"04",28.5235600277083,0.50958690418131,16.3731031208036,3.16503372820862,0,0,2.41209889584822,1.068411430917,0.0151134986416313
474,0.00447849340949232,27.74277601,11.35750259,0,1.48642440925,4,1,0,190.669669075,0.000598865733571703,0.143547504680645,"04",28.13473327275,0.581122439215115,16.8546066478572,3.64782093565962,0,0,2.37355095872857,0.799758760927841,0.01557061963726
475,0.00441788345446438,27.5562594642857,11.2924515514286,0,2.878017443,4,1,0,178.183346757143,0.000538255778543763,0.129921532588351,"04",27.8379630667857,0.734033906497333,16.7585139281786,3.69294728412539,0,0,2.39838025415714,0.820613037317348,0.0171496690851746
476,0.00435705350525108,27.36240302125,11.189577945,0,2.998755947625,4,1,0,165.776735575,0.000477425829330463,0.116056835315376,"04",27.5573625172857,0.885664671559369,16.811371484,3.66232326464625,0,0,2.27747213527857,0.684104621946771,0.0175786357836937
477,0.00429946638275686,27.1917856642857,11.6598531242857,0,3.00049761842857,4,1,0,153.459300542857,0.000419838706836243,0.102751726232115,"04",27.3317709858929,1.02673663979276,16.3279808348929,3.55049430769435,0,0,2.75403514626429,1.07545543755522,0.017570395787283
478,0.00425530472403191,26.97930127625,10.864906195,0,4.283984704125,4,1,0,141.22147805,0.000375677048111293,0.0924271834876711,"04",27.0306698439643,1.17907326172781,17.2715404833214,4.3223792841046,0,0,2.9992423694,1.05994620722245,0.0197062182774616
479,0.00422576914354293,26.73211189,11.5998837,0,4.49766872657143,4,1,0,129.092369385714,0.000346141467622313,0.0854620987219779,"04",26.6714203186786,1.34374863901322,17.3779492508572,3.86986061109855,0,0,3.18048998533214,0.778675312279159,0.0243974429241767
480,0.00420899749127459,26.52414528875,12.16816489125,0,4.497111076875,2,0.5,0,117.0648704125,0.000329369815353974,0.081485302516394,"04",26.21722683525,1.61603923614279,17.9211951578214,4.68641649247978,0,0,3.29851359753571,0.670068234671258,0.0306080051856953
481,0.0042019534545919,26.3557984028571,12.07314391,0,4.497167225,0,0,0,105.117602457143,0.000322325778671283,0.0798103342024952,"04",25.2220851085714,2.03575142259038,17.3559524574226,7.7861708721487,0.000463266895833333,0.00113476750951475,3.43090412221131,0.681784132979761,0.0380747804345894
482,0.00420191761924394,26.14436429625,5.735533202,0.002779601375,4.497111076875,0,0,0,93.25040592375,0.000322289943323323,0.0798018059071914,"04",24.4743253549643,2.52825413156959,14.8433689240571,9.31675299230585,0.267020008942858,0.597074891348832,3.55440915347857,0.766823848072707,0.0456723299704193
483,0.00421907295710153,25.5823159785714,3.79300750357143,1.33510004471429,4.497167225,0,0,0,81.5485153428571,0.000339445281180913,0.0838762342128732,"04",23.6345562148214,2.6842133398691,15.265658877,8.49355728656213,1.43293197488214,3.20112714859826,3.74920146081428,0.569974197903889,0.0562960253048281
484,0.00426036148329282,24.70263069625,3.49298355125,7.159280786125,4.497269966,0,0,0,70.186856855,0.000380733807372203,0.0936148203943805,"04",23.1890240479464,3.12296412185373,12.4400064137679,10.2426318455623,5.8111655552991,6.99550421056455,4.49826469462054,0.929073018637828,0.0692073972545854
485,0.00431762338155228,23.6179251942857,3.47643534757143,14.0443815885714,4.49607978185714,0,0,0,59.2579814742857,0.000437995705631663,0.106965915881302,"04",22.1158368753571,3.72347235576059,12.7903576505774,10.0137421488695,8.10302815740178,9.86071459428141,3.56802761005655,1.08809364865474,0.0852285677239993
486,0.00438046813500513,22.2254556675,3.55333984175,16.6599500375,2.92028745575,0,0,0,48.89159654125,0.000500840459084513,0.121416406651708,"04",20.2888727569133,3.18214315875918,14.3375957229694,9.91577916598892,9.15021180913266,11.7105978339499,-3.96599038607398,8.43036712114242,0.0996116165066082
487,0.00444518208766725,20.6639388985714,3.47305608514286,16.2643593771429,-5.26463331542857,0,0,0,39.1935147385714,0.000565554411746633,0.136081640235523,"04",18.5522928025,2.7122297793678,14.6476321268622,10.1862424543977,9.18237305212756,12.6667851475042,-13.3309582746658,15.6956825542827,0.114627934412593
488,0.00451082677358108,19.4265030275,3.39407004175,10.78470418525,-36.54428876,0,0,0,30.17839573625,0.000631199097660463,0.150741263974755,"04",16.3753781121429,2.82981659688921,14.49463922,10.1617754910644,9.81108563380613,13.5309784575521,-14.1887118786505,25.2791195097221,0.124779923158367
489,0.00457691591892557,18.8619988271429,3.41134728828571,11.344409842,-32.87159933,0,0,0,21.6162820014286,0.000697288243004953,0.16528619801323,"04",13.4624873596369,3.11376109672624,16.3266914239702,9.69314825577648,8.54582565,13.3554844856659,2.52807105094247,38.2336243403187,0.139714676552411
490,0.00464319103101284,18.04987009125,3.300248435625,17.0671001725,-12.5278407245,0,0,0,13.449919103125,0.000763563355092224,0.179662658611433,"04",10.4116430067321,3.56185172052957,14.5295457823546,8.80873803541933,9.03760043977296,12.9810229061098,75.8791872954031,221.663307421777,0.154445444345344
491,0.00470943903532474,16.9921720771429,3.37773923142857,17.5903428,11.8235589278571,0,0,0,5.76459748685714,0.000829811359404123,0.193829606396767,"04",3.51483776792749,4.42670007516277,8.8410557740947,6.73014047281304,19.8571661071748,17.9541575361582,-286.124585917263,450.303739605004,0.170161105786577
492,0.00477545236047577,15.69088279625,3.893310743625,23.068865425,23.2102044625,0,0,0,-1.448753641875,0.000895824684555153,0.207749510572056,"04",2.18544016339904,3.71440937527446,7.27564684022802,5.64566549878425,23.1026932630268,17.8101630944768,-393.067966107981,424.38249764096,0.189697456664826
493,0.00484100646367322,13.6426802914286,3.61340204528571,25.8668039214286,75.8858482157143,0,0,0,-7.99775045228571,0.000961378787752603,0.221383451815194,"04",8.71722703844143,1.91814334175889,4.560277563175,3.52362375864092,11.09223388568,9.60069838088765,453.211232552214,181.26763332958,0.217324454846415
494,0.00490572557895981,11.26454858375,2.850096864625,23.34474340875,200.0273477625,0,0,0,-13.58358970625,0.00102609790303919,0.234663813862938,"04",8.08039665211428,1.48391786600476,4.9878227378125,3.91611201928303,8.02910650491249,7.76828274860803,516.507203749643,130.772346943221,0.222574483305133
495,0.00496906871832022,9.87664542728571,2.55105131271429,14.7888899928571,341.023790871429,0,0,0,-18.1556782442857,0.0010894410423996,0.247493247063277,"04",7.48164706039048,1.07331817651412,5.8000798795119,4.36409555760519,5.77584534226429,7.74959418878752,575.001674709048,71.5715815853843,0.225099007433735
496,0.00502969458122815,8.648093474,2.37395970425,14.58309470125,494.88589305,0,0,0,-21.213361515,0.00115006690530753,0.259620067720188,"04",6.89842385358572,0.512960000718793,7.51313996714286,4.52583814213608,1.37222066277143,1.93931902345829,615.059565538572,24.8430045486922,0.228341954458826
1,0.00556698322254569,0.00310687014285714,1.63793163057143,0.000678464285714286,-7.49778621585714,0,0,0,-13.0769016657143,0.00188734717810853,0.41403943992814,"05",6.925916523125,3.41946229989078,3.26287837668254,3.6284709138497,11.2643962460536,9.51887592046061,-441.743219062698,189.27552080244,-0.0780617599031001
2,0.0055823906343975,0.0036730075,1.63960265,2.8268152255,-7.495185127875,0,0,0,-13.07647717625,0.00190275458996034,0.416803258162387,"05",4.79510647114698,4.34306983671308,2.69910962967995,3.09163846610853,23.9165697581882,27.5519770756215,-308.125461834621,259.618735833986,-0.145956937238604
3,0.00552149460964631,2.76841428571429e-05,1.47176777557143,66.4883593285714,-7.49527870814286,0,0,0,-13.0766404414286,0.00184185856520915,0.40583473086929,"05",5.66694141620617,4.1472905736331,2.93657801346753,3.32647515418713,15.3868515410568,19.6712394515694,-362.785749193584,243.966953589165,-0.109636540782433
4,0.0054448877638406,8.625e-07,1.314299262125,75.17168057625,-7.4924840125,0,0,0,-13.0764783625,0.00176525171940344,0.391863288338625,"05",5.19469860520089,4.27931539764304,2.81451049364286,3.19973340927213,19.6453105233497,23.8619648640806,-333.178209986464,254.220875031345,-0.1274114122187
5,0.00536498897719974,0,1.29852112742857,67.8751222728571,-7.45648334928571,0,0,0,-13.07669996,0.00168535293276258,0.377080466645659,"05",6.23363555782679,3.89692961053636,3.10038370207143,3.45933224314484,10.1380244678768,9.65548890961671,-398.318675778014,225.170051431205,-0.0939359921557208
6,0.00528365367567298,0.441989135,2.3572124365,1.81298258525,-96.7010360065,0,0,0,-13.00951688,0.00160401763123582,0.361803987864631,"05",4.45286122374362,4.36476324659,2.62343055970281,2.98381677874544,22.410158720139,27.0645172142678,-286.651870641282,262.054839763165,-0.166799907438641
7,0.00520174877736901,1.51846863214286,18.8756732257143,0.00681401428571429,-286.326217485714,0,0,0,-12.60889092,0.00152211273293185,0.346181018116332,"05",4.11849230580692,4.19329872746949,2.56317314555246,2.78377388096002,20.7439326003716,25.7409156919581,-292.734381087309,259.584232272397,-0.186197338587753
8,0.00511998134619966,3.975536181125,17.566641875,0,-275.6002895125,0,0,0,-11.37299474,0.0014403453017625,0.330336941757467,"05",4.34473993785245,4.41128039404782,3.37225589847275,4.53621644215153,19.5305711970799,23.97829170535,-295.325597833674,237.634640121736,-0.193334064467898
9,0.00504030470170316,6.20479150242857,19.0262787371429,0,-74.2348115908571,0,0,0,-9.14090261342857,0.001360668657266,0.314652683284796,"05",4.74575970267314,4.46910160336941,4.41810351229736,5.66909938392595,18.4104948851576,22.5348580438995,-281.0991363859,219.253409114768,-0.200795712380421
10,0.00498336142609547,8.210342789125,19.97326750875,0,57.47222917875,0,0,0,-5.95687509525,0.00130372538165831,0.30329079506479,"05",5.40188090802679,4.74207187704908,5.34877944665454,6.45493240603659,17.031419127399,21.7268607988089,-257.885604597433,216.69904252349,-0.178772846058283
11,0.00494629734455351,9.88503229485714,21.3046662785714,0,141.6074645,0,0,0,-1.93965738528571,0.00126666130011635,0.295825432198209,"05",5.58561636929739,5.01811227519244,6.01744272649588,7.03237235582155,17.6892521686003,21.7846498967289,-223.246443639631,214.987416717787,-0.213040947659466
12,0.00487276782500526,11.8756747325,22.17335579625,0,77.22966343625,0,0,0,2.973587191625,0.0011931317805681,0.280848264563573,"05",9.29373749119093,4.8142760986106,10.6154395250014,8.34431468869564,10.3678893844093,11.9688877505961,-114.309314283563,140.974991519699,-0.195412334786134
13,0.00479119718054225,13.8534580328571,22.5380178857143,0,-2.66548688528571,0,0,0,8.71112778242857,0.00111156113610509,0.263966460875412,"05",13.1487953226802,3.19711911334193,11.1250339547062,8.75161507949785,8.79255756504383,10.8361795379167,-16.0715005510097,85.6842122683612,-0.194580230075466
14,0.00470848352856794,15.87790940625,22.96045647,0,-20.272529715,0,0,0,15.36393332125,0.00102884748413078,0.246552035468447,"05",15.1701563357589,2.73530629785522,11.2508904041719,9.78564793662429,9.03008793849776,10.3700926391276,-1.46495381522544,40.0706361378848,-0.19583114905625
15,0.00462566852312991,17.8722069114286,23.9915948414286,0,-16.9393218671429,0,0,0,22.9553759928571,0.000946032478692746,0.228807054180532,"05",16.629747211942,2.68193473169075,12.0365671338728,10.4532825088254,8.08456372046206,9.19852942586151,13.2619873758683,19.1011288583149,-0.172369380700391
16,0.00454333492905532,19.69559921125,23.82861603375,0,-11.25530875225,0,0,0,31.4519242625,0.000863698884618156,0.21084745677502,"05",18.9567025129464,2.04840997312647,12.3344283944851,11.0041443374056,8.72452663732143,9.70733246950435,27.7429415188095,25.1090357768975,-0.17102527244601
17,0.00446244904047096,21.40740602,24.9006718457143,0,-0.399380443571429,0,0,0,40.7347188271429,0.000782812996033796,0.192883876449213,"05",20.571747462381,2.07212276419208,12.5599874470833,11.282108823119,9.45352223529762,10.8444605779594,23.1160496820655,23.1292294132576,-0.155654304899786
18,0.00438777475931236,23.13509382125,24.87445801125,0,3.004871220375,0,0,0,50.811302975,0.000708138714875196,0.176008359328669,"05",22.1648156320833,2.07585412398358,12.7242978454256,11.6346342949627,7.3776334405625,10.0787415505212,10.647961403378,10.7749374733336,-0.153036366898606
19,0.00435610414505417,24.8395614142857,24.5592666457143,0,2.99811148314286,0,0,0,61.6406539214286,0.000676468100617005,0.168764262657589,"05",23.5027946359821,1.93986946793379,12.4404565287321,11.3006347855338,5.98479642648214,9.29815905458948,5.35202923259822,1.71274115234964,-0.155038426184927
20,0.00438737317131014,26.464900405,24.82138172875,0,2.998074051,0,0,0,73.2345573825,0.000707737126872975,0.175916830844701,"05",24.6926501548214,1.21068845855867,12.6188777164866,12.0337314170524,5.31360371391517,9.25561442923237,3.89432215626786,2.52153911568828,-0.170874097803954
21,0.00437984158487822,27.9857634628571,22.8587786042857,0,2.99811148314286,0,0,0,85.5309997085714,0.000700205540441056,0.174198705231881,"05",26.0412361826339,1.4589292235491,12.7495784737143,12.0217590479465,4.29819122631696,8.14187241336684,3.5367724465625,2.79678134597017,-0.181871992088407
22,0.00431334588535846,28.8445291425,18.599418275,0,2.998074051,0,0,0,98.39538048,0.000633709840921295,0.158900060138207,"05",27.1359963766518,1.40579197602786,12.8256402403616,11.9929999287727,0.127066314455357,0.253623342002199,3.17825990475446,1.7827457510593,-0.193427247847335
23,0.00423919024174913,29.2445794957143,17.6734850185714,0,2.99811148314286,0.285714285714286,0.285714285714286,0,111.509166457143,0.000559554197311965,0.141558420376337,"05",28.0093907216072,1.1387182449326,12.1601131082857,10.1716480260134,0,0,3.37232275359375,1.43603599099119,-0.205279624934204
24,0.00416003569277504,29.67006178125,21.5075528725,0,2.998074051,1,1,0,124.80882555,0.000480399648337875,0.122709804770364,"05",28.7072343156696,0.853303742684391,11.5246497551964,9.49365951826392,0,0,3.37286138164732,1.43522194216619,-0.218112609371306
25,0.00408033386158381,30.2965276671429,20.5002422228571,0,2.99811148314286,1,1,0,138.334179357143,0.000400697817146645,0.10336496489738,"05",29.1168538037054,0.709928685500307,15.4736975281027,6.26563765572718,0,0,3.37289020984375,1.43515872734226,-0.231163983590507
26,0.00400471125906811,30.96927993,20.34759444375,0,2.998074051,1,1,0,152.1759781375,0.000325075214630946,0.0846576342795986,"05",29.3256129956429,0.711774289771924,15.1881465974214,5.20310781734439,0,0,3.59520547160357,1.34571438115367,-0.215992687795351
27,0.00395763908188895,31.6021604085714,20.0294412828571,0,2.99844927728571,1,1,0,166.3031156,0.000278003037451786,0.0728338078007518,"05",29.8008486641071,0.701367383287553,15.2589533223286,3.98376057560929,0,0,4.23236875085,0.69415214854421,-0.179123622571384
28,0.00395713124437844,32.00323615875,8.911284060625,0,3.01068666775,1,1,0,180.6878664125,0.000277495199941276,0.0727054812726431,"05",30.0648980061786,0.896758635520551,15.4149748359214,4.81200168784604,0,0,4.144247481775,0.650779627238282,-0.161621848873078
29,0.00398207244658276,31.73282744,2.92679735171429,0,1.61881198771429,1,1,0,195.097191571429,0.000302436402145596,0.0789885506073151,"05",30.6859226546786,0.903328469003429,12.4742386084107,6.32370199081525,0,0,3.60006499363214,0.81893085149852,-0.159241601405387
30,0.00401281307094807,31.30941688375,3.159470106625,0,1.48366020475,1,1,0,209.327953675,0.000333177026510905,0.0866786607466379,"05",30.9606285960714,0.69520516384567,10.1952015082357,7.82022738448193,0,0,3.176827132075,1.30103109578645,-0.15440507988667
31,0.00400270700909065,30.89379889,3.78946081,0,3.76339095085714,1,1,0,223.3819153,0.000323070964653486,0.0841570359838348,"05",31.1575203565714,0.495453054619367,7.35993642525357,6.53618520849136,0,0,2.56777168116071,1.26502276070978,-0.155926145257992
32,0.00394420792361104,30.51064288625,6.51096497375,0,4.189922479125,1,1,0,237.2414364375,0.000264571879173876,0.0694343061744869,"05",31.2531709580357,0.361859867318309,4.47612978766072,2.58356721150361,0,0,2.81687304929018,1.54586193791139,-0.142591256970313
33,0.0038749360657421,30.1376111914286,5.692321696,0,2.20195253071429,1,1,0,250.941443185714,0.000195300021304935,0.0517153158144907,"05",31.3011605195982,0.556888053862441,4.09683920227232,1.79867403405088,0,0,3.92714045790625,1.2649270381931,-0.143782739946786
34,0.00383358749581085,29.7625088075,3.72170661825,0,-0.0041921935,1,1,0,264.464691525,0.000153951451373686,0.0409872003451071,"05",31.1263597717857,0.748924943228279,10.0122363798393,5.6750809333255,0,0,3.81001744850446,1.49702713093827,-0.13848228592751
35,0.00386623253505825,29.2840106242857,5.21847306185714,0,1.448782013,1,1,0,277.814672814286,0.000186596490621086,0.0494666800916006,"05",30.8070476475893,0.795693592531356,12.1321434750938,6.49454609696028,0,0,2.99660303105357,2.1215333771247,-0.123277991813962
36,0.00393789646352224,28.74618976625,7.304715805625,0,2.99693673675,1,1,0,290.909388825,0.000258260419085076,0.0678328401274584,"05",30.6176560883571,0.832814213560762,13.7352798546928,5.43071806180313,0,0,3.59590485381429,1.37156444940864,-0.102800614285562
37,0.00401586008033171,28.28393095,9.13513951328571,0,3.01512996271429,1,1,0,303.790253485714,0.000336224035894545,0.0874376926306395,"05",30.288633801875,1.13023893056079,13.5635324750714,5.20201282192939,0,0,4.254390144875,0.864576246310648,-0.131627925438195
38,0.00409532533573853,27.93708564375,9.416655413625,0,1.552541586875,1,1,0,316.4821371625,0.000415689291301366,0.107032312135907,"05",29.9564295190625,1.18845663680424,14.5371767756875,4.39944147856963,0,0,3.83105486403125,1.82561875277735,-0.134124307121698
39,0.00417474309350091,27.56062883,9.38587932157143,0,2.05894303171429,1,1,0,329.016580114286,0.000495107049063746,0.126238972374009,"05",29.6560685686161,1.19758670026236,14.755168640683,4.05124771708946,0,0,3.05260368246429,2.63035145390254,-0.102305143272142
40,0.00425250901177922,27.21204463625,9.697703395125,0,2.996212613625,1,1,0,341.3797024625,0.000572872967342055,0.144695314474976,"05",29.379326471875,1.26401333602737,15.0371612004822,3.78701291000238,0,0,3.05229630637947,2.54092503978116,-0.0871618955754465
41,0.00432398831889133,26.8666274857143,10.850714993,0,1.79842236142857,1,1,0,353.597139757143,0.000644352274454166,0.161364347942865,"05",29.1432825183036,1.35476139993701,14.8998156809241,3.53470759084552,0,0,3.94931423976339,1.64327158486304,-0.0499797899744744
42,0.00434720324071198,26.64744168125,11.42117298875,0,2.086667498625,1,1,0,365.674582925,0.000667567196274815,0.166718854665811,"05",28.9356199836607,1.48421574611603,15.4798552553929,3.09113464776605,0,0,3.82196793520089,1.81993689169166,-0.0457276729791454
43,0.00429153273882475,26.4892104657143,13.4126158114286,0,2.997473989,1,1,0,377.680294671429,0.000611896694387586,0.153830100710763,"05",28.8508274705803,1.62572173701502,15.1092079629018,2.83919000848095,0,0,3.38643973494643,1.06572264210089,-0.0466118822401323
44,0.00421882357626539,26.3856832525,13.4621288275,0,2.998074051,1,1,0,389.6173356,0.000539187531828225,0.136742465991602,"05",28.8472262339732,1.75079716064986,15.4981339116964,2.12026152402192,0,0,3.37310009078571,0.749378644834885,-0.0496858275051972
45,0.00414624028417925,26.3081801114286,15.5222592914286,0,2.99921219828571,1,1,0,401.519485157143,0.000466604239742086,0.119388118617313,"05",28.8722130590625,1.81623389934813,15.3611520781697,2.15295055655683,0,0,3.56145106886161,0.718031435337309,-0.0292408355961506
46,0.00409389107131445,26.335386955,15.34178901875,0,2.4110418325,1,1,0,413.398727075,0.000414255026877285,0.106682030904486,"05",28.974274109375,1.92275091414947,15.4566546757143,2.90575274907324,0,0,3.56174028467857,0.717768120594664,-0.0843840322211726
47,0.00411184154110161,26.4246286357143,16.4710132214286,0,1.499693236,1,1,0,425.3147597,0.000432205496664446,0.111057142507775,"05",29.2628922124554,2.06132682941669,10.9614780319643,5.51163427796536,0,0,3.97525885919196,1.60778014036132,-0.0861824400910677
48,0.00417797662828433,26.546118645,15.2799157525,0,1.4990370255,1,1,0,437.276290375,0.000498340583847165,0.127013219559412,"05",29.4279643814643,1.80022506539603,11.1589378342464,5.87648609766086,0,0,3.67354464244643,1.40730216337311,-0.0457453431844958
49,0.00424517128250476,26.5850542342857,16.3916891371429,0,1.49905574157143,1,1,0,449.2772423,0.000565535238067595,0.142968318242737,"05",29.4660736655803,2.00829113022806,13.0430664726518,6.73250020638266,0,0,3.02936364738393,1.27344516866641,-0.0530571094037544
50,0.0042813937290234,26.714759905,17.43409960125,0,1.4971136065,1,1,0,461.3032729375,0.000601757684586236,0.151464744066197,"05",29.56029661375,2.02418812522896,13.2653365918884,7.15701197298078,0,0,3.80383291901786,1.96947557610044,-0.0408885482792516
51,0.00429624552539262,27.00493042,16.9554850542857,0,2.38346835142857,1,1,0,473.439027142857,0.000616609480955455,0.154927657444581,"05",29.6582561583929,2.03957278301658,13.4731729101518,7.4714619596503,0,0,3.63275323680804,2.24218411290926,-0.0367034841427084
52,0.00430807546918632,27.3567340425,16.1702345725,0,2.99903717675,1,1,0,485.715102375,0.000628439424749155,0.157677427235888,"05",29.8236822311607,2.02977995080396,13.3526464429866,7.38285844565397,0,0,3.47892546204018,1.54302252173218,-0.0195063915811794
53,0.0042844691123267,27.6999135885714,16.6769774757143,0,2.99811148314286,1,1,0,498.1522878,0.000604833067889536,0.152182799776543,"05",30.0637173154911,2.12649858585693,13.4603849305804,7.50432600419373,0,0,3.44925584226339,1.30116891904382,-0.0243340979845724
54,0.00423982489924609,28.0029844825,16.1684221775,0,2.998074051,1,1,0,510.7300365375,0.000560188854808925,0.141708121131112,"05",30.2185710955803,2.18751297703841,12.7802712165893,6.17915669590855,0,0,3.98197911829018,1.20010451594447,-0.0185631495102969
55,0.00422323231599614,28.2922474028571,16.3118748414286,0,2.99811148314286,1,1,0,523.447757057143,0.000543596271558976,0.137786936694797,"05",29.9236433507143,1.8063023380841,14.4496669406464,6.97263271208622,0,0,4.18306130621429,1.67251929823041,-0.0123846018510018
56,0.00422840860520279,28.56010461625,17.41775202625,0,2.998074051,1,1,0,536.2823656125,0.000548772560765626,0.139011856158281,"05",29.7434401177143,1.60726607825268,14.0467841598429,6.72647877315425,0,0,3.918696134575,1.71895921280782,-0.00823666249007172
57,0.00422270144514503,28.8688917942857,18.3912586671429,0,2.99811148314286,1,1,0,549.253852657143,0.000543065400707865,0.137661226298706,"05",29.9558895533631,1.56244335488288,14.6171150083899,6.14925347134141,0,0,3.67083808138095,1.43499422060351,-0.00802498225155151
58,0.00421045497579373,29.21508519125,18.4794186775,0,2.998074051,1,1,0,562.3645926375,0.000530818931356566,0.134756862367061,"05",29.5416330513572,1.39817251722971,14.0669791196786,6.68501549051888,0,0,3.75234247224643,1.17929712167045,-0.00321735186613807
59,0.00423916457629592,29.6120470585714,18.8215653528571,0,2.99811148314286,1,1,0,575.646762528571,0.000559528531858755,0.141552366028965,"05",29.7536023625,1.32256758486376,12.9168003813437,7.31568909650783,0,0,4.83686438478125,1.45047559201993,0.00467535459325958
60,0.00430557588293195,29.988482655,16.6160833,0,2.992196101875,1,1,0,589.112303275,0.000625939838494785,0.157097049376532,"05",29.6768229903571,1.16129218435651,13.4287684291071,7.7781414901998,0,0,3.87857664367857,1.95488411139025,0.00559153541515123
61,0.00437295791956709,30.1551604671429,18.0242746942857,0,1.79952307628571,1,1,0,602.708915185714,0.000693321875129926,0.172625798970394,"05",29.5421034034375,1.07110624148701,13.4985087088438,7.01631816294324,0,0,3.37544075096875,1.44118332298602,0.0114675364293346
62,0.00439503760155752,30.28992028,17.8419935,0,1.4996352795,1,1,0,616.3554967625,0.000715401557120356,0.177662235885942,"05",29.3844496935714,1.07680376857638,15.8919251272143,2.95689000129915,0,0,3.08785852621429,1.62681769648604,0.011993411955863
63,0.00434124469091472,30.3548920014286,16.19744437,0,1.49905574157143,1,1,0,630.059372171429,0.000661608646477555,0.165347251672702,"05",29.3661120140625,1.07122486572115,16.2324298090625,1.9387428534263,0,0,3.74790667228125,1.88028814212185,0.00953593036097367
64,0.004265768962842,30.36657318875,17.529694215,0,1.4990370255,1,1,0,643.7670440125,0.000586132918404836,0.147808610730688,"05",29.4746146321428,0.958128284370997,15.1070797512857,2.2948656074449,0,0,4.4953187065,2.73576424560652,0.00540106122555094
65,0.00418708377618276,30.4357913757143,17.2020150942857,0,1.49905574157143,1,1,0,657.503688042857,0.000507447731745595,0.129190645863242,"05",29.69087727125,0.788709473177634,14.6960015944062,4.25949607426062,0,0,4.20067483690625,2.97898721179311,-0.000752305867342626
66,0.00410786667968976,30.58091244875,17.83987657,0,1.4990370255,1,1,0,671.27895405,0.000428230635252596,0.110089988560652,"05",30.0464059621429,0.623116940551827,12.3650147610357,6.79825366177322,0,0,2.68177561421428,1.47443003309532,-0.00592148050764655
67,0.00403014326307659,30.6680143385714,8.07652356742857,0,1.49905574157143,1,1,0,685.126968428571,0.000350507218639425,0.090988075792013,"05",30.3889372596875,0.425245670087987,14.4697804590313,5.31528979545898,0,0,2.245767444125,1.50048841368535,-0.00763918980324825
68,0.00396438089885363,30.40817477125,6.775034503,0,1.4990370255,1,1,0,698.9223949875,0.000284744854416466,0.0745358530968829,"05",30.6482380892857,0.280319051261462,11.2448501757143,6.36480480140628,0,0,3.195136475,1.98471746067381,-0.00683254941842026
69,0.00394242931679925,30.05456716,12.3435364371429,0,1.49900639328571,1,1,0,712.584888942857,0.000262793272362085,0.0689832630384526,"05",30.8020435725,0.366168039449962,10.6765994756875,6.54679951172723,0,0,3.3734597076875,2.24909906472395,-0.00397260903284449
70,0.00394483400201113,29.86265754125,15.92892953625,0,1.51770395625,1,1,0,726.1010484125,0.000265197957573966,0.0695930271931955,"05",30.8066536289286,0.624096962645543,12.7765729525,6.24743285449848,0,0,3.56794043482143,2.40712849915069,0.000426609027142631
71,0.00395812433351692,29.8434765614286,16.2283038328571,0,2.94003392371429,1,1,0,739.591067628571,0.000278488289079756,0.0729564116712451,"05",30.8116048871875,0.85343794976286,12.8521358995313,6.63485987531994,0,0,3.43374400375,2.22324301769926,0.00704945139874881
72,0.00397789371937254,29.972290785,16.3824025675,0,1.484627748625,1,1,0,753.0922472875,0.000298257674935376,0.077938614614629,"05",30.8108615771429,0.95767968706486,15.5194608122143,2.90198695115861,0,0,3.35946430032143,1.44174369334223,0.0159788095863826
73,0.0039814518995276,30.1388228057143,15.6839215885714,0,1.49870096257143,1,1,0,766.677739957143,0.000301815855090436,0.0788327032679064,"05",30.75898002875,0.867889992876813,14.9828557860625,4.69041655987705,0,0,2.99435811725,1.7350687618649,0.0270603383551795
74,0.00398925171040183,30.256917005,15.83557367875,0,1.51690916925,1,1,0,780.309856125,0.000309615665964666,0.0807898236301412,"05",30.6571085832143,0.638334169707923,13.6004677856786,5.45698312137114,0,0,2.99904925246428,1.73087701240243,0.0397087005767454
75,0.0040423987879065,30.4147402785714,16.1337281928571,0,3.00439374885714,1,1,0,794.019577757143,0.000362762743469335,0.0940244263900309,"05",30.4452760003125,0.377989592325495,14.3187279354062,4.51390052243894,0,0,3.85016048625,2.09513832851705,0.050498060874695
76,0.00411781755629406,30.61318163,17.90185645625,0,2.998117230875,1,1,0,807.7869003375,0.000438181511856895,0.112509454450927,"05",30.2989955425,0.327142744133362,13.2819797253571,6.80694275106842,0,0,4.22492293207143,1.48149614471185,0.0714123208963705
77,0.00419475758661322,30.9029850057143,18.1365798657143,0,2.99921219828571,1,1,0,821.687756285714,0.000515121542176056,0.131021702324286,"05",30.135890923125,0.433587472986945,14.274782822625,5.51965782454428,0,0,3.9295462464375,1.11580467970075,0.0750616715752138
78,0.00426415857114626,31.14800380625,17.7156293625,0,2.2704168325,1,1,0,835.695962275,0.000584522526709096,0.14743102448023,"05",30.0160558721429,0.654234533940479,15.9385113388214,2.82253583890289,0,0,3.74776472960714,0.864989660420964,0.0793460793670357
79,0.00428545907924934,31.2402316285714,3.65220168985714,0,1.49873233828571,1,1,0,849.8107965,0.000605823034812175,0.152413832495093,"05",29.9643033365625,0.828308927728225,15.93595330375,1.98732946163293,0,0,3.47623628825,1.02659535890299,0.0825615204732239
80,0.00427187106002371,30.90814206375,7.978436799375,0,1.809947131,1,1,0,863.842618925,0.000592235015586545,0.149238068534362,"05",29.6772687609286,0.952168584145797,13.4149095630786,5.65221227821695,0,0,3.18605536204643,1.41546394857501,0.0763336869057705
81,0.00425391699458602,30.6120909871429,11.1358936841429,0,2.98921899057143,1,1,0,877.739282971429,0.000574280950148856,0.145026354276063,"05",29.4505378415714,0.970852643902576,14.4729294776964,3.70016406381923,0,0,3.22998848323571,1.23730238474466,0.0812768771096738
82,0.00423405575301637,30.43731156125,11.103145580625,0,1.85308396825,1,1,0,891.521512225,0.000554419708579206,0.140346490675916,"05",29.2739218756429,1.01012919768862,15.3764706404,2.38638500392467,0,0,3.62240260873214,0.80569157091231,0.0879787485139916
83,0.00425224190179386,30.2315823028571,10.7005615728571,0,1.49850489171429,1,1,0,905.227798028571,0.000572605857356696,0.144632500176973,"05",29.4465396787947,1.00855743397981,14.827604771317,2.84379438005526,0,0,3.61467498962946,1.55119509410852,0.0961367110620073
84,0.00431944864746629,30.0530278525,13.86399521875,0,1.65753416925,1,1,0,918.831799775,0.000639812603029125,0.160313915862411,"05",29.4616921848214,0.905893339910461,12.8487536908884,2.8428004398033,0,0,3.37299884793303,2.2533454426884,0.102343763480134
85,0.00439432239101589,29.9870282214286,15.3009536985714,0,3.00439374885714,1,1,0,932.396518171429,0.000714686346578725,0.177499491265733,"05",29.5455860793303,0.733002842414017,12.0554034971161,5.40097043743966,0,0,3.0773258651875,1.7333844644076,0.101775968252011
86,0.00446328894947824,29.97538712625,15.37966594625,0,2.998117230875,1,1,0,945.9264011625,0.000783652905041076,0.193072075787326,"05",29.6908086005357,0.577463497248929,12.1478173169196,6.52225034414463,0,0,3.37400826209822,1.43500319987286,0.0939717523938335
87,0.00448422413920859,30.0247528371429,15.6892226842857,0,2.99589494042857,1,1,0,959.4898235,0.000804588094771426,0.197751639205373,"05",29.8531988928125,0.45591835630657,11.6021224293482,6.48896716467485,0,0,3.64163972134375,1.23822843616769,0.082256153640495
88,0.00444428475798149,30.05118675125,15.973591675,0,2.135155533875,1,1,0,973.0443045625,0.000764648713544325,0.188805095680627,"05",30.0199541754911,0.316967887048424,10.8746789809955,6.47947280708059,0,0,4.49122339343304,1.7257272967235,0.0736919858683398
89,0.00438343436903939,30.1139060042857,17.5317777257143,0,1.49700190728571,1,1,0,986.637808714286,0.000703798324602225,0.175018668975888,"05",30.14899582375,0.209513661390926,10.7888157309375,6.49328471141743,0,0,4.01434870240178,1.82464934161405,0.0762644979108409
90,0.00434120193546205,30.22935320125,17.45049436125,0,1.4990370255,1,1,0,1000.251468675,0.000661565891024886,0.165337402962189,"05",30.3117252704464,0.22664415440003,10.8284283594643,7.64408468928022,0,0,3.68396090658928,2.53100003643808,0.088237443516386
91,0.00436997955642746,30.3891764028571,17.8082364271429,0,1.49900639328571,1,1,0,1013.95212471429,0.000690343511990296,0.171944480318651,"05",30.5718797185268,0.463536549716858,10.2093663246429,8.20586395604692,0,0,2.98819213475893,2.43942401512051,0.100778196927241
92,0.00443411056432894,30.49425255125,17.3738949225,0,1.5187333245,1,1,0,1027.690805625,0.000754474519891776,0.186513195510023,"05",30.8222880639732,0.656699912069659,11.7191374248527,7.45777164186943,0,0,2.62263094217857,2.25120445688949,0.108010781280068
93,0.00447698097362454,30.5594746657143,14.7054945857143,0,3.72820864428571,1,1,0,1041.49507657143,0.000797344929187375,0.196135078283365,"05",30.9869904170982,0.624189359541719,14.0182114510178,4.2710613510355,0,0,2.88268430546875,1.87539881679118,0.111142804094963
94,0.0044556659521289,30.50792610375,16.56041268375,0,4.1843492345,1,1,0,1055.269966625,0.000776029907691736,0.19136268290022,"05",31.1706277979911,0.674254712284481,12.8530585312232,5.26922865170483,0,0,3.85483377364732,0.852853451375083,0.111628504340561
95,0.00439076913751715,30.5022514585714,16.8178297228571,0,2.761677009,1,1,0,1069.05937985714,0.000711133093079985,0.176690563185686,"05",31.2849870936607,0.841521345740987,12.869174543558,6.51410980335331,0,0,4.044025833375,0.713110789419489,0.109843181477332
96,0.00432011391480677,30.52982498,17.119118165,0,1.50067043475,1,1,0,1082.8309465,0.000640477870369605,0.160467920725875,"05",31.2779041150446,0.795248965106983,16.7050702581696,1.21216704527141,0,0,3.68850590359822,0.938680259010395,0.108165450768126
97,0.00427068329434068,30.5741502528571,16.8140661057143,0,1.49905574157143,1,1,0,1096.64057128571,0.000591047249903516,0.148959986449401,"05",31.242799438125,0.650066026509702,17.0043682198214,0.277004439618757,0,0,3.37188382746875,1.43281536850641,0.108206090847596
98,0.00425066856288407,30.68473143,16.64696465875,0,1.4990370255,1,1,0,1110.46081475,0.000571032518446906,0.144262429505931,"05",31.2368260179464,0.571409180542809,16.1668939140179,1.44187940311778,0,0,3.69214717734822,1.88327651254615,0.108113832793326
99,0.00427000352899283,30.8310139228571,16.5946012228571,0,1.49905574157143,1,1,0,1124.36559428571,0.000590367484555666,0.148800803623142,"05",31.2138590418304,0.462195807305404,16.0514810194643,0.446390136409745,0,0,3.25576903499107,2.08106979476796,0.108725930101987
100,0.00431704767410167,30.93890830375,16.4862544175,0,1.4990370255,1,1,0,1138.3037505,0.000637411629664506,0.159757909518756,"05",31.1564220947321,0.339064539516186,15.9544730913393,0.898158696066898,0,0,2.99754023388839,1.73047738373813,0.110177814931778
101,0.00437432290288486,31.0203863814286,16.8396462871429,0,1.49905574157143,1,1,0,1152.310283,0.000694686858447695,0.172937892139768,"05",31.0848225192857,0.310567128425169,15.9956298591518,0.442786648737372,0,0,2.99821346361161,1.73109985518289,0.107640600199321
102,0.00439254006736971,31.0838417725,16.0590847625,0,1.4990370255,1,1,0,1166.3228845,0.000712904022932546,0.177093812073986,"05",30.9599284841518,0.312283040002573,16.7347448340179,0.580035162394343,0,0,2.94496541650446,1.6718468019503,0.0994751251057077
103,0.00435857093167477,31.1474127185714,17.0592675457143,0,1.49795502671429,1,1,0,1180.38950242857,0.000678934887237606,0.169330385113826,"05",30.846547164375,0.19436234134266,14.8649169552946,4.17951928324583,0,0,2.69891214493303,1.4691022177017,0.0900323417947543
104,0.00432454698911276,31.18231764625,13.434373489375,0,2.22487008925,1,1,0,1194.451765,0.000644910944675595,0.161493542121854,"05",30.6779419088839,0.389032915877288,14.3058331974554,5.66756560949236,0,0,3.04959465110268,1.79303687204917,0.0841122943565362
105,0.00430203908570472,30.9899571328571,2.187939847,0,2.27423284871429,1,1,0,1208.52470514286,0.000622403041267555,0.156275266023772,"05",30.3098023320536,0.672837519596713,13.5698808282902,8.0268692365298,0,0,3.55392395224107,2.06827690015868,0.0824664099583518
106,0.00429189867314394,30.48209008875,2.178732196,0,1.64686102775,1,1,0,1222.392573625,0.000612262628706775,0.153915365983664,"05",29.8561773427232,0.827197037545196,10.602031431,9.69268056848103,0,0,3.53666719166071,2.04138115583049,0.084108229127441
107,0.00428667509932847,29.9506807371429,2.27254947042857,0,4.38335545028571,0.571428571428571,0.571428571428571,0,1236.05497542857,0.000607039054891306,0.152697547153212,"05",29.2116394714286,0.947486690313463,11.5331249746071,10.7993248474567,0,0,3.03183498079911,2.08625594556846,0.101088243772325
108,0.00431097212979372,29.41007219375,2.325566897625,0.003207770625,4.494040511875,0,0,0,1249.450451875,0.000631336085356555,0.158349580537277,"05",28.5056901992857,1.08615167783304,11.7887863052054,11.034387946224,0,0,3.82422358962946,1.8798081057486,0.0889979153732692
109,0.00437593723922203,28.6783078357143,2.30579532742857,7.84372530342857,2.41416620857143,0,0,0,1262.60245614286,0.000696301194784866,0.173306872328326,"05",27.8785539125893,1.16204983478643,10.8180488568348,9.92403841529156,0.00082234578125,0.00159074852894379,4.49791503467857,2.12144221134212,0.0936774208856726
110,0.00445069552792327,27.18595135875,2.675705488375,18.36097147875,1.49867215425,0,0,0,1275.223247,0.000771059483486106,0.190246531344692,"05",27.1118910892411,1.30555338193818,11.4134815327768,10.6064532589559,2.350191073,3.73518427609409,3.395486111125,1.73192300946791,0.0868231577094383
111,0.00452287335464543,25.89481028,2.47974177757143,14.1263256028571,1.49905574157143,0,0,0,1287.200173,0.000843237310208266,0.206333638415789,"05",25.3728460666071,1.73579887030868,13.728826404975,10.3161515661949,5.6294961119,8.28318932026769,2.34222275369643,1.24066534299713,0.0980178754803313
112,0.00456500129838143,24.95888202625,2.440968316375,15.40415575125,1.4990370255,0,0,0,1298.668508375,0.000885365253944265,0.21560494687534,"05",24.1869242231786,1.88300147613171,13.3697645895857,10.0597192543258,5.09908105771428,7.04992747786023,1.9316846882,0.684433221116447,0.10151648689926
113,0.00452230375119214,23.8683748228571,2.48203733571429,15.49055833,1.50745151742857,0,0,0,1309.71800614286,0.000842667706754975,0.206207692083333,"05",23.0625166456429,2.08022981137846,13.6560147307607,10.3140671954736,6.077218689,8.322913199393,3.34921499029286,2.2678908251323,0.112727283757246
114,0.0044486394570781,22.793620085,2.5386672715,18.9638828725,-4.541086283375,0,0,0,1320.255525625,0.000769003412640936,0.18978445842823,"05",21.7865020956071,2.18066306883007,13.9002125765429,10.5023647205924,6.968426642,9.63906113668108,3.62354564566786,2.21334181712164,0.0916768969058471
115,0.00437135313881693,20.9346722614286,2.53744704171429,20.7868477642857,-47.7989413928571,0,0,0,1330.16080114286,0.000691717094379765,0.172258753305902,"05",20.3750394048929,2.2328737574535,13.9246161414964,10.5093188779069,8.02314475625,11.0133438216132,-2.82541574718214,7.43667669823908,0.0841978911319496
116,0.00430041659653173,19.45287828,2.423976328875,15.20529191875,-60.1298843025,0,0,0,1339.1043995,0.000620780552094565,0.155898050676332,"05",18.8290874427381,2.96447547424367,11.9187536005268,10.4972396359789,11.0190693102679,12.1279830814029,-22.0001688033988,23.7560978714788,0.0646984195860076
117,0.00424250832966092,18.0779444385714,2.53030983771429,21.6269399714286,-22.8269840232857,0,0,0,1347.23973614286,0.000562872285223755,0.142340831582037,"05",17.3084503212245,2.48107842068031,12.9798893152143,10.0717318498139,8.63076511068877,11.0806081489329,-34.5790478001531,21.2184742875768,0.0523876000798423
118,0.00416768825966726,15.1528051125,3.053901500625,29.71589234125,49.4640372565,0,0,0,1354.2835335,0.000488052215230096,0.124547658403877,"05",15.4668481978125,2.15084734614033,13.6571586786406,9.48520999523967,8.03988303683036,11.0976822788893,-23.4926900371563,20.905720798701,0.0505660919214073
119,0.00409054135913543,11.6870052728571,2.54407069742857,24.8242235657143,184.261012385714,0,0,0,1360.10254385714,0.000410905314698266,0.105863473890872,"05",14.2617232890476,2.11689687201809,11.9304305842857,9.02425658440875,10.8392934906548,13.0635794679186,0.911128710142854,36.0334033613086,0.0467998372171148
120,0.00401822784932658,9.998053155625,2.372110621375,17.59212185375,356.139583925,0,0,0,1364.89821825,0.000338591804889415,0.088027123322763,"05",12.4105004996786,1.39674174626819,12.0312921955678,8.29028936118374,9.77177231873214,12.8846465498575,70.0873647934571,88.3684371945336,0.0435949340514735
121,0.00397959678894057,9.23565325657143,5.17460658814286,0.0813844618571429,470.127204242857,0,0,0,1368.59283671429,0.000299960744503406,0.0783666564827152,"05",11.8336489378527,1.64104023046731,10.1024215550476,8.14309660770332,11.2003265551935,12.1269834830484,150.946647417851,141.721046977372,0.0329443471182959
122,0.00402873562710499,8.964937999875,12.06446899125,0.001379815875,521.085307675,0,0,0,1370.0928835,0.000349099582667825,0.0906387378828164,"05",10.8483421752527,1.38913998680121,10.3315683506085,7.49337914962707,8.05918544484066,10.7845763594846,240.413996201956,174.956811412628,0.0136250339025645
123,0.00410344201590204,9.18016617471429,12.9460823714286,0,502.7717722,0,0,0,1368.92213785714,0.000423805971464875,0.109012288458944,"05",11.6338031162157,1.72852360885803,9.72335886528571,7.91531035156092,10.3450233172445,12.0132628737276,175.498997942852,162.01157408839,0.025373962224226
124,0.00418274310940467,9.84546514675,14.6953856325,0,390.9719181125,0,0,0,1365.38914125,0.000503107064967506,0.128153427979802,"05",12.1911871047646,1.51158220823977,11.1531847797321,8.38676379148377,10.4827131855519,12.4487955690717,96.0921119872337,120.278004081039,0.0386580241324414
125,0.00426365473773949,10.8022082614286,15.6798805828571,0,145.907847361429,0,0,0,1360.92594042857,0.000584018693302325,0.147312862091517,"05",14.0042514874286,2.15551681121015,10.9917945956,9.01104897052624,12.2377864981607,13.0863682696531,19.2461170777,67.2001249352766,0.0422564805499028
126,0.00434532955633576,11.5564375475,16.84059492875,0,-37.067631472625,0,0,0,1356.087788,0.000665693511898595,0.166287752613999,"05",15.2834303845536,2.10042162082271,11.2315489772902,9.39358703531713,11.7543695794866,12.8560171662755,-14.835537927058,33.3140286915708,0.0462142350694973
127,0.00442728262278873,12.4421393114286,18.4012490728571,0,-50.6181196671429,0,0,0,1350.83985585714,0.000747646578351565,0.184972141503457,"05",16.4935148829911,1.98335179245179,11.5406013956429,9.89471949388145,9.94054452667411,10.8226819764894,-25.6916044658795,21.724528655291,0.0542723650088573
128,0.00450918052514335,13.53349232625,19.41023067,0,-32.55008758625,0,0,0,1344.98221425,0.000829544480706185,0.203301583941498,"05",18.08517075625,2.15198510474277,12.029987190558,10.3862170420535,10.1502754423884,11.1225531113084,-31.4412988915848,25.1322722700214,0.0586756827407446
129,0.00459066138872331,14.7566327657143,19.6105772028571,0,-7.51455851928571,0,0,0,1338.61262271429,0.000911025344286145,0.221210255380866,"05",19.4091912294898,2.16758542082588,13.6082403433087,10.5128880893425,9.44491655165816,11.8287366064343,-17.9442191996275,24.0383980262984,0.0732513758238156
130,0.00467107368899181,16.12103386625,22.25345594625,0,5.771797275,0,0,0,1331.600447625,0.000991437644554646,0.238575105154875,"05",20.7605721691786,2.10008354110127,10.1482214730893,10.5353319730513,12.1805143091071,11.1500854619453,-13.2882212974036,20.2645020860996,0.0828849494890872
131,0.00474898647017066,17.5602019214286,21.0341541228571,0,4.49142628057143,0,0,0,1323.99699842857,0.0010693504257335,0.255117368136886,"05",21.8918931912202,2.05439872873511,12.0756075176071,10.5556468896075,8.96766934708333,9.91519178030935,0.324564021113095,4.48510432415394,0.0941263186498237
132,0.00481623512764159,19.00700844,21.41942038375,0,4.51508635825,0,0,0,1315.698228875,0.00113659908320443,0.269178676264322,"05",23.0185513860417,1.77826605236636,11.8831697100536,10.4326921828487,8.30401181729167,9.22127573820964,3.4522633720625,2.32749907579087,0.115467251792761
133,0.00481948186754619,20.46101621,21.9076689285714,0,6.01475144142857,0,0,0,1306.79299571429,0.00113984582310903,0.269852573175513,"05",23.8022763646429,1.50078819268364,13.4323938570464,10.1003419885315,6.077218689,8.322913199393,2.75734082795714,1.71777429525654,0.113148172286136
134,0.00475624640931604,21.70687871375,20.7140606475,0,2.12134812225,0,0,0,1297.234909125,0.00107661036487888,0.256644935214179,"05",24.9303606941429,1.30376101625733,13.5550114620857,10.2357609967855,5.09908105771428,7.04992747786023,2.10729308835,0.840182489543335,0.113449444461946
135,0.00468806814284532,23.0381518257143,20.64421188,0,1.48358320585714,0,0,0,1287.15332128571,0.00100843209840816,0.242206735591435,"05",25.9565196268303,1.32142528791035,11.9999800362187,11.0440592961644,7.036870139875,8.84742652167314,2.55688264065625,1.32103805545294,0.109109326258109
136,0.00466068198088626,24.3430045675,21.485248365,0,4.230431259875,0,0,0,1276.42322425,0.000981045936449096,0.236347933217258,"05",27.1267031431429,1.13112740640549,9.66592632389644,9.98210318977098,5.55234715415,7.85701718354459,3.01612331975,1.7231507828517,0.0774210328335062
137,0.00467117400791101,25.5927811714286,21.0862344171429,0,5.22069770685714,0,0,0,1265.16721471429,0.000991537963473845,0.238596581553341,"05",27.6956128230803,0.858539026230606,10.8131059642857,9.92968156584399,1.96095172898214,3.92184904981966,3.97794645885268,2.36375943835117,0.0699015921346634
138,0.00466073759085995,26.67773054375,20.31672738375,0,6.000943294625,0,0,0,1253.320225625,0.000981101546422786,0.236359864870386,"05",28.3705380634375,0.855574103530421,11.8020406620045,11.019168259475,0.00080194265625,0.0016038853125,3.85189485502679,1.89156011617617,0.0666369950898459
139,0.00461570384123771,27.4009367071429,20.9404835371429,0,3.41833506428571,0.857142857142857,0.428571428571429,0,1241.12078842857,0.000936067796800546,0.226650516137151,"05",29.0787871335268,0.71989150376888,11.5565792932143,10.7723046973025,0,0,3.71595858643304,1.92299643862851,0.0668967823142498
140,0.00458201099252382,28.23577336625,21.12396615625,0,2.985218903375,2,1,0,1228.537882125,0.000902374948086656,0.219324131421393,"05",29.6370897483571,0.562209412713214,8.91690679355,9.20104651502162,0,0,3.00366679423571,2.07429671893969,0.0761724878885534
141,0.00460997780346258,29.0190921357143,18.8761714242857,0,4.37707318485714,2,1,0,1215.61646314286,0.000930341759025415,0.22540919032367,"05",30.1721879366786,0.550113581189251,9.0523746757,9.34616608814281,0,0,3.152822862,2.0076482571134,0.0902960063053707
142,0.00461000927099545,29.5442770275,20.183283765,0,4.4979518625,2,1,0,1202.3665985,0.000930373226558286,0.225416016262129,"05",30.6106911123929,0.388322501482757,11.1824102095964,6.7929457348506,0,0,2.88486613848929,1.59578196258998,0.0908660917740397
143,0.00457476491151245,30.1953681285714,20.7126836657143,0,4.497167225,2,1,0,1188.89552714286,0.000895128867075286,0.217741460306239,"05",30.8243131848661,0.235326985228605,13.5146401359464,5.62978118069857,0,0,2.69864632425447,1.46939176527171,0.0943211590807096
144,0.0045494697917617,30.83895445375,19.5117606875,0,4.497111076875,2,1,0,1175.091127875,0.000869833747324536,0.21219684537198,"05",30.9584568800893,0.323495136980904,16.1383588407589,1.27327646376593,0,0,2.94495605846875,1.6718575931101,0.100766311607635
145,0.00449255999783026,31.3263592228571,17.4372929342857,0,4.497167225,2,1,0,1161.05713628571,0.000812923953393096,0.199608843456852,"05",31.0722784080357,0.314333933765435,16.2315342386607,0.421055397508171,0,0,2.99822282164732,1.7310890494541,0.108150648187154
146,0.00441615698445097,31.527015075,16.1664649375,0,4.497111076875,2,1,0,1146.83520775,0.000736520940013805,0.182456006503975,"05",31.165685988125,0.313651944424992,16.1067100246875,0.562864589800145,0,0,2.99760723353125,1.73040001473049,0.111924423957446
147,0.00433847574042808,31.62976981,16.65163634,0,4.497167225,2,1,0,1132.58933342857,0.000658839695990915,0.164709224091359,"05",31.22578147975,0.358563197787257,15.7756196563928,0.692541068539286,0,0,2.90436903337857,1.96609980071487,0.110393995551117
148,0.00426461951357782,31.8116471925,15.611697495,0,4.497111076875,2,1,0,1118.24574975,0.000584983469140655,0.147539115561185,"05",31.2426021170357,0.461438729414598,16.0673762220714,1.23575761419917,0,0,3.25063091243929,1.90649698203404,0.108500119784131
149,0.00421720939551761,31.9467903457143,14.0475709357143,0,4.497167225,2,1,0,1103.853942,0.000537573351080446,0.136359778836487,"05",31.2192008942143,0.554544710950758,16.9928021874286,0.280040856130551,0,0,3.28393445505357,1.2568024363242,0.108299621715606
150,0.00424029262844149,31.9950255125,16.9319891325,0,4.497111076875,2,1,0,1089.39552775,0.000560656584004326,0.141818433089246,"05",31.2847974954018,0.786354038911085,16.7803923687053,1.23072798617428,0,0,3.37325426003571,1.43450801435895,0.104462295148574
151,0.00430679160793529,32.1637161957143,16.9476470785714,0,4.497167225,2,1,0,1074.92837028571,0.000627155563498125,0.157379370116902,"05",31.2835684323661,0.84327096633908,12.9335288033348,6.56381373960857,0,0,3.688357777,0.938848546381832,0.103121580177228
152,0.00438250899266538,32.21139289125,3.357394705125,0,4.497111076875,2,1,0,1060.350854625,0.000702872948228215,0.174807539079618,"05",31.1577406575,0.690135088711289,13.3167880557321,5.5601884542557,0,0,3.96886892120089,0.860737568331568,0.102082797138924
153,0.0044588154187997,31.7605302685714,5.06225023471429,0,4.497167225,2,1,0,1045.90222257143,0.000779179374362536,0.192069278516976,"05",31.0032959457143,0.607660185158943,13.3511113668214,3.74866872591892,0,0,3.43505313541518,1.65181375038935,0.10072878218363
154,0.0045305794677664,31.11835722875,8.1592230095,0,4.497111076875,2,1,0,1031.692668375,0.000850943423329236,0.208035997717359,"05",30.8485571010714,0.635354405275629,11.610552048692,7.34182234754329,0,0,2.62756267498214,2.24794165520707,0.106710152787801
155,0.00456546484209585,30.7380758142857,9.41338190728571,0,4.499383768,2,1,0,1017.74673028571,0.000885828797658685,0.215706484671446,"05",30.6118355189286,0.42983276645155,10.2988018411161,8.31235038043099,0,0,2.98818447670535,2.43943024834219,0.103014285615944
156,0.00451539309815191,30.50706177375,4.08324129775,0,5.35991526325,2,1,0,1003.895063875,0.000835757053714745,0.20467839665567,"05",30.3405870696875,0.198681822745748,10.8081075183482,7.62039600612138,0,0,3.68446968614286,2.53041401220179,0.0929817318225161
157,0.0044488525351948,30.19514579,6.63084138085714,0,5.75423525414286,2,1,0,990.1937664,0.000769216490757635,0.189832354647105,"05",30.1646756370089,0.20196466483,11.1783622436161,6.93942571978635,0,0,3.85481029575446,2.05684982185695,0.0807853663214585
158,0.00441741301335306,29.9146204875,9.378903278,0,5.086231164,2,1,0,976.60827365,0.000737776968915896,0.182740382782746,"05",30.0265626540179,0.317376581230646,10.9457712286741,6.55107031287152,0,0,4.27603854179464,2.00534573934678,0.0754556859766779
159,0.00446727349751778,29.6906406971429,9.56467410685714,0,5.99319933714286,2,1,0,963.158763271429,0.000787637453080616,0.193964415600939,"05",29.8655403205357,0.460968614594531,11.6795116138571,6.55058983911608,0,0,3.64108414873214,1.23861385859344,0.0648421217778398
160,0.0045381333774293,29.3968485025,12.57994788875,0,4.850862449875,2,1,0,949.80206725,0.000858497332992136,0.209701925699045,"05",29.6878983267411,0.575498991220212,12.1674953788393,6.53504083823529,0,0,3.37243913260268,1.43554541101077,0.0748519043322191
161,0.00460618639079558,29.2947998271429,13.60507795,0,4.49661637557143,2,1,0,936.568763542857,0.000926550346358415,0.224586415746591,"05",29.5290861715625,0.718369571738305,12.4146431170714,5.60528990254482,0,0,3.41404076008928,1.47759580132652,0.0854271650349577
162,0.00463017108486177,29.2516896175,13.61347912375,0,4.65560822075,2,1,0,923.33316345,0.000950535040424606,0.229779966888709,"05",29.4170535722321,0.85846857542306,13.6396121023616,2.46026427425786,0,0,3.41275616731696,2.21023874625826,0.0901425132296542
163,0.0045736126550766,29.2439051414286,13.7754927714286,0,6.00360594685714,2,1,0,910.133432257143,0.000893976610639436,0.217489556313784,"05",29.3951073641964,0.94439507260801,14.726958769375,3.02114052724563,0,0,3.52603022049554,1.68939437237978,0.0874670102498696
164,0.0044967257892898,29.2734600925,16.912908965,0,5.268534063375,2,1,0,896.9053905125,0.000817089744852636,0.200535678305297,"05",29.4505320148661,0.95619205716038,15.0155722439063,2.61703853663207,0,0,3.46441812447768,1.28738384552003,0.0791679020192619
165,0.00441643731226867,29.4071953585714,16.6004356828571,0,4.49670400471429,2,1,0,883.664109785714,0.000736801267831505,0.182519482262519,"05",29.5498205634375,0.908274113434596,14.6769312355,2.45447719144356,0,0,3.58303497484375,1.09731566251405,0.0690736709981821
166,0.00433503995747785,29.55822270875,15.561550235,0,5.226641334375,2,1,0,870.3335226875,0.000655403913040686,0.163916977170877,"05",29.7162890169643,0.769727429735536,14.1443839286964,3.75694095246861,0,0,3.24781360710357,1.32689510972292,0.0878686697408373
167,0.0042538991693255,29.7165292385714,17.2537881485714,0,5.435860994,2,1,0,856.962771628571,0.000574263124888336,0.145022163950425,"05",29.8746816739643,0.810029610443836,12.6617203673643,5.29372474691549,0,0,2.99770201124643,1.05866863239867,0.0812073623822262
168,0.00417763414543519,29.86289546625,17.07531661625,0,4.493094565375,2,1,0,843.4977641375,0.000497998100998026,0.126931242825356,"05",30.0447555116071,0.807969572717345,15.6128451508304,2.67082571303251,0,0,3.47726381119196,1.02793535716541,0.0422143192604644
169,0.00412685187072931,30.06434418,17.19843519,0,4.497167225,2,1,0,829.9797098,0.000447215826292145,0.114701008135881,"05",30.1558348492857,0.631683729234745,14.3915804871786,5.6015984550548,0,0,3.74776991732143,0.865017277247476,0.0331829387750873
170,0.00410102593371599,30.301518695,16.76968386375,0,4.497225408,2,1,0,816.3411927125,0.000421389889278826,0.108423321030019,"05",30.2917226609821,0.475296063057976,13.7366006375893,7.11094146875651,0,0,4.03082043811607,1.19944651563614,0.025167536255981
171,0.00407218493158742,30.5417749542857,17.5540370228571,0,4.90178324085714,2,1,0,802.609771271429,0.000392548887150255,0.101365844694866,"05",30.4377035337053,0.445421398810961,14.3959691112991,4.5511423566915,0,0,4.33177152208036,1.75142804941599,0.0175781782184578
172,0.00401227254095141,30.774801495,17.4960104975,0,5.683467907125,2,1,0,788.7541754625,0.000332636496514246,0.0865439506612509,"05",30.6682031930357,0.633583572934968,13.7460441958571,5.53949163701952,0,0,3.26949170466964,2.07754714895634,0.00903574620186856
173,0.00393474432525478,31.1164473428571,17.3439506942857,0,4.50367358285714,2,1,0,774.7882801,0.000255108280817616,0.0670320571524954,"05",30.8087998608036,0.810309532805923,14.4564902077589,4.4313607738278,0,0,2.99669379848214,1.72963179190888,-0.00195163692449061
174,0.00385203273852931,31.45726547125,18.22076369,0,4.496815507125,2,1,0,760.64721675,0.000172396694092146,0.0457871454608165,"05",30.814851811875,0.944960528328818,15.5924668719464,2.94136926001536,0,0,2.99504458376786,1.7357593691514,-0.0137781075512365
175,0.00376826236851374,31.8168516771429,11.237806756,0,4.499383768,2,1,0,746.362639485714,8.86263240765755e-05,0.0238001380387773,"05",30.7659588368304,0.894504670737455,12.7304559091741,6.49507200423598,0,0,3.57462107786607,1.70817832969227,-0.0239871666605725
176,0.00368405570518274,31.5969035425,3.139949580625,0,5.36002959425,2,1,0,732.0028900625,4.41966074557574e-06,0.00120039276670436,"05",30.6940502878572,0.73650845781532,13.5710840628571,6.32309833662454,0,0,3.59331048449107,2.42162222301492,-0.0317424484593157
177,0.00359964296066787,31.1058841814286,4.17951262142857,0,5.99827680114286,2,1,0,717.853629342857,-7.99930837692944e-05,-0.0219791827663389,"05",30.6525695857589,0.505081344039231,12.8521211830179,6.71942526032493,0,0,3.56754511245536,2.40660805118193,-0.0370966399100718
178,0.00351512284128425,30.68998904875,3.55563887975,0,5.99671422775,2,1,0,703.883838625,-0.000164513203152914,-0.0457393726639932,"05",30.5815446092411,0.301493771275085,10.8477283740268,6.54427700355273,0,0,3.19560262773214,1.98513481166535,-0.0400746715128084
179,0.00343056655397364,30.2457746942857,3.88989599685714,0,5.28526719185714,2,1,0,690.129652142857,-0.000249069490463525,-0.0700884207251606,"05",30.5024040278214,0.432485036490449,13.3591570097,5.44086837936495,0,0,2.09656474167857,1.34198534797854,-0.0223527102982376
180,0.00334602847532909,29.81741732375,7.0156064925,0,1.48850797475,2,1,0,676.5532802625,-0.000333607569108075,-0.0950397308239177,"05",30.1628418255714,0.614608685523945,15.6754738474964,4.36578809908737,0,0,2.43561998932143,1.36392720872441,-0.0258639668990672
181,0.00326156228272323,29.3117668757143,8.59454483814286,0,3.18498390485714,2,1,0,663.199299385714,-0.000418073761713934,-0.120607534423256,"05",29.7841926520714,0.783991073725503,13.805000747475,6.38400153516539,0,0,3.07827239995,2.07104347124109,-0.0276040791209954
182,0.00317724303520387,28.8176869725,9.438797258875,0,5.99645504925,2,1,0,650.07356795,-0.000502393009233295,-0.146799991329919,"05",29.4500351413571,0.867931726620518,15.5437865662071,3.00293995544153,0,0,3.95922238184643,2.635022232273,-0.027173202214224
183,0.00309316760606014,28.5077423228571,11.7014925922857,0,5.99383683171429,2,1,0,637.137501485714,-0.000586468438377024,-0.173618160101273,"05",29.2544388358929,0.965906367490366,15.7932605263214,1.38540404653426,0,0,3.94207216823214,2.28700920347882,-0.0261220664035519
184,0.00300954301060953,28.34772747125,13.41238976625,0,4.710237449875,2,1,0,624.289282675,-0.000670093033827634,-0.201025596753986,"05",29.2088934218571,0.99419539539246,15.6454241303429,2.1399218410132,0,0,3.26829410590714,1.86164379015001,-0.0271547632631628
185,0.0029267563042384,28.31596151,13.6341698385714,0,4.49666572371429,2,1,0,611.497931414286,-0.000752879740198764,-0.228919092948955,"05",29.3276423831071,0.948044086071415,13.6347305476321,6.22890700480078,0,0,2.76987041247857,1.57839266287262,-0.0298652217863195
186,0.00284613187880007,28.28405759375,14.943433925,0,4.497225408,2,1,0,598.701726275,-0.000833504165637094,-0.256853001469382,"05",29.5686293302857,0.925629196005818,11.1299152116464,7.86969351183905,0,0,3.10364549106071,1.58403893469283,-0.0354436028086748
187,0.00277462995062053,28.2944615628571,14.46882649,0,4.900822343,2,1,0,585.929770228571,-0.000905006093816634,-0.282296450278805,"05",29.6810329065178,1.15462176885806,13.4043894016071,7.77394670970373,0,0,4.15287495317857,2.20686750514336,-0.0455149852698206
188,0.00276660759227135,28.3113012275,14.37131038,0,5.998015581,2,1,0,573.1356579,-0.000913028452165815,-0.285191963637502,"05",29.7673868884822,1.30266185273588,13.4217042363437,7.51647429201302,0,0,4.47538195928125,1.22770610628522,-0.0325021670988018
189,0.00279440819668888,28.3664393314286,16.3909258,0,4.552085879,2,1,0,560.342825885714,-0.000885227847748284,-0.275193489950923,"05",29.8354314813393,1.42515440128973,13.4859924495982,7.57202787056167,0,0,3.55240662055804,1.26008993183206,-0.0379747230411918
190,0.00275832788957624,28.4658377025,16.36090020125,0,2.992995150375,2,1,0,547.4998008375,-0.000921308154860924,-0.288189178218865,"05",29.9348700290625,1.58179637256968,13.5873620751295,7.66251783997417,0,0,3.39888371233482,1.46323587046193,-0.0401789929601866
191,0.00268425352921131,28.62679728,16.0113043171429,0,4.60537809071429,2,1,0,534.612179742857,-0.000995382515225855,-0.315411162127829,"05",30.1023267922321,1.81660218445202,13.743842588375,7.83877223296816,0,0,3.74804381044643,1.93528269894697,-0.036011045817628
192,0.00260515202682263,28.8261760375,17.0430618675,0,5.9970447915,2,1,0,521.6304966875,-0.00107448401761453,-0.345322801985496,"05",30.1980101790178,1.96174832031746,13.801318208933,7.8753477424245,0,0,3.72956543489286,1.53580739956772,-0.0456784218644512
193,0.00252702567999175,29.0886763157143,17.4115229614286,0,5.43649848857143,2,1,0,508.560325942857,-0.00115261036444541,-0.37577084332716,"05",30.2918735969643,2.14145785586404,12.8331165690447,6.23263895524232,0,0,3.74612813749107,0.864843378637756,-0.0542839188919833
194,0.0024645518558672,29.38188632125,17.62290437125,0,4.493094565375,2,1,0,495.348307225,-0.00121508418856996,-0.400803844850055,"05",30.1382414091072,2.09969300125398,13.1959919599107,7.32528140537546,0,0,3.44999882852679,1.30196425381802,-0.0619810726711206
195,0.00244665353112604,29.6799826957143,16.5653324885714,0,4.49606651042857,2,1,0,482.0155679,-0.00123298251331112,-0.408092647431774,"05",29.9051453497322,2.02862885745914,13.3561997652188,7.38492323744544,0,0,3.62639693040179,1.69348986681158,-0.0669675887531398
196,0.00240034942479106,30.00583517,16.5795457775,0,5.085952383875,2,1,0,468.5265985125,-0.0012792866196461,-0.427199511418542,"05",29.6920239869643,2.00818661821073,13.4621962547946,7.45322843129304,0,0,3.80013802207589,1.96544796947207,-0.0717157660791106
197,0.0023708074555776,30.3940083457143,17.1484329342857,0,4.707517745,2,1,0,454.887889342857,-0.00130882858885956,-0.439583235640119,"05",29.5726261141518,2.01764287064371,13.1989423576473,7.12061993677785,0,0,3.37724318989732,1.89175737274124,-0.102889670337767
198,0.00241346238525328,30.60694406875,16.45432743625,0,3.00304481575,2,1,0,441.0928214375,-0.00126617365918388,-0.42175144121174,"05",29.4798901735268,2.0190783814317,11.8138910051072,6.07337848576619,0,0,3.46769917758929,1.53606467311477,-0.10732453551538
199,0.00248587437632703,30.6587951828571,12.5591226071429,0,4.75642436871429,2,1,0,427.2601796,-0.00119376166811013,-0.392189373910163,"05",28.6952394971071,2.19042216238463,12.0633850698571,5.37164592199832,0,0,3.48014573455357,1.77887682703192,-0.108097949268717
200,0.00256313700655177,30.44919601375,5.165278004375,0,5.99561182975,2,1,0,413.4370186125,-0.00111649903788539,-0.361581932989253,"05",28.4464966785,2.04094913976367,15.4336815443214,2.51697995679147,0,0,3.33160059424286,0.806978743075509,-0.10561359479069
201,0.00264101836420763,30.10794671,14.9863375771429,0,3.75250766442857,2,1,0,399.767436614286,-0.00103861768022953,-0.331649248837904,"05",28.84625072875,1.79327865847036,15.4341703320089,2.14092050908256,0,0,3.37323606925447,0.749250363774007,-0.0567325095272191
202,0.00271733986589882,30.00409738875,15.2784105925,0,2.999647666,2,1,0,386.188709175,-0.000962296178538344,-0.30316042541275,"05",28.8008315464286,1.69938934420962,14.9944944385268,1.69675508631269,0,0,3.61415539457143,0.7442866328892,-0.0520228799430845
203,0.00278659436059534,30.0266454385714,14.3310431828571,0,3.96390631328571,2,1,0,372.638756057143,-0.000893041683841825,-0.277993646675072,"05",28.8250354465357,1.37966977359729,15.9595276752143,2.54460741883187,0,0,4.014645590975,1.51023480391663,-0.0488459165026426
204,0.00280166802936731,30.0150678975,17.07003472,0,5.992279648375,2,1,0,359.079266075,-0.000877968015069854,-0.272598873223599,"05",29.01559068625,1.31946592720455,15.5078747177429,2.67062154651097,0,0,3.81932678637143,1.7345472659047,-0.0679491850698323
205,0.00274096200408706,30.1855870757143,17.0622085785714,0,5.99718386442857,2,1,0,345.490070685714,-0.000938674040350104,-0.294504881852509,"05",29.274488501,1.24081837216322,15.5260029145964,3.27679171056423,0,0,3.52874746903571,2.19876394154384,-0.0776199280036497
206,0.00266522933355254,30.4400813975,17.0135903475,0,5.685396886375,2,1,0,331.7950887875,-0.00101440671088462,-0.322523728196777,"05",29.5629899741429,1.19406853160633,15.2655114604214,3.70588636932935,0,0,3.43939298405357,2.27943395382761,-0.0930992557440074
207,0.00258723902879358,30.7207600057143,18.6687145928571,0,4.50367358285714,2,1,0,317.989819971429,-0.00109239701564358,-0.352222539779345,"05",29.6256427664583,1.23771699045459,14.0862387804375,4.21655391579041,0,0,3.80289334754167,1.98170090878745,-0.110021261034258
208,0.00251024582705276,31.05590405625,18.90371058375,0,4.496815507125,2,1,0,304.0330601,-0.0011693902173844,-0.3824331462487,"05",29.8876932315,1.32734574809262,12.6778538827143,4.92116204716294,0,0,4.00653810844286,0.931542926590749,-0.151542981626271
209,0.00244409579322264,31.36836166,17.9682708342857,0,4.497167225,2,1,0,289.935147557143,-0.00123554025121452,-0.409138596779148,"05",30.6245842198214,1.02175047341395,12.7708425519821,5.75804085557304,0,0,3.35626400642411,1.45790126588012,-0.173397166246716
210,0.00242882612577879,31.598677485,18.0976474675,0,4.495187658125,2,1,0,275.711685325,-0.00125080991865837,-0.415405767503554,"05",30.9391112938393,0.936992298536786,10.8041522649152,5.56198326152668,0,0,3.25863442591964,2.41305511383895,-0.191591928253007
211,0.00245121267723185,31.9035427928571,11.8336558892857,0,5.54353219742857,2,1,0,261.372638885714,-0.00122842336720531,-0.406230960304163,"05",31.1170324787947,0.727072545451245,4.50694533554018,1.35770200216437,0,0,3.65799915689732,1.2770184807733,-0.203420028366787
212,0.00248264581206321,31.81438393375,2.631363534875,0,4.935402882875,2,1,0,246.9539441625,-0.00119699023237395,-0.393488982029223,"05",31.0854276899107,0.422950194516305,3.79583787128571,1.84572734894788,0,0,3.07037511215625,1.49416570469912,-0.232521768960181
213,0.00250103633906087,31.4098121471429,3.36307676114286,0,1.508397648,2,1,0,232.668734857143,-0.00117859970537629,-0.386108651912481,"05",30.9726952354018,0.512171754295075,4.75483612209822,2.36177160121188,0,0,3.21204307985268,1.27887654323722,-0.230038854858236
214,0.00248279790665387,30.84628112875,3.82965552825,0,3.089021622125,2,1,0,218.6052695,-0.00119683813778329,-0.39342772080336,"05",30.8252935438839,0.676124590606082,8.10741249866518,7.07526381624262,0,0,3.18744291978125,1.54683901964012,-0.229454925476476
215,0.00242408231919575,30.4241022042857,3.81623511128571,0,4.498583565,2,1,0,204.771322185714,-0.00125555372524141,-0.41736080455084,"05",30.6383345220982,0.932601475874988,9.32826461703572,7.19432658329829,0,0,3.40307562196875,1.38331153323312,-0.233664451491016
216,0.00235060883419497,30.01212731125,4.615344766,0,4.497111076875,2,1,0,191.1218522375,-0.00132902721024219,-0.448139457974189,"05",30.4391944636161,1.15140174976442,12.5964572648795,5.12556731255955,0,0,3.75027819246875,0.862421176311172,-0.244957502496216
217,0.00228101611719526,29.6262162157143,8.08740017014286,0,4.497167225,2,1,0,177.6543764,-0.0013986199272419,-0.478192820534622,"05",30.0889326662946,1.08191038552195,15.9794659916161,4.98405999118638,0,0,4.05601754596875,0.716092652633277,-0.262855997501885
218,0.00225883216689918,29.17891586375,9.24388692075,0,4.497111076875,2,1,0,164.3634847875,-0.00142080387753798,-0.48796588980978,"05",29.7891032359822,0.909409114887184,15.4080634056161,4.37368220568195,0,0,4.16618316934375,0.78310880413213,-0.279952477341209
219,0.00231524304975321,28.7930899614286,9.76518408871429,0,4.497167225,2,1,0,151.2749532,-0.00136439299468395,-0.463299159184759,"05",29.4587437541965,0.746550864723971,16.5438872245982,4.88291821462287,0,0,3.36971503325447,1.44070237810564,-0.236601560411135
220,0.00238757225396491,28.4869108725,10.89510938125,0,4.497111076875,2,1,0,138.3427578875,-0.00129206379047225,-0.432536775259087,"05",29.3527885763929,0.810138962578446,16.4790064670536,5.87340546347028,0,0,3.29793446450357,1.25413406312782,-0.261575706180314
221,0.00244473218309449,28.2571382785714,9.90196759128571,0,4.497167225,2,1,0,125.528764142857,-0.00123490386134267,-0.408878252233383,"05",28.8997998087857,0.855279371699433,13.5212303786571,9.35568539533242,0,0,3.29790391551786,1.25418883191456,-0.249096465202367
222,0.00247423965500037,27.92683546125,4.7335889125,0,4.497111076875,0.25,0.125,0,112.82565165,-0.00120539638943679,-0.396880694360696,"05",28.4839515558333,1.15443434807061,11.4182366847619,9.34640162611565,0,0,3.49742828708631,1.22458147095153,-0.22405045005947
223,0.0025366897887772,27.2262098614286,4.86331030614286,0,4.497167225,0,0,0,100.353780488571,-0.00114294625565996,-0.37195383575759,"05",27.7512061679762,1.44969936522085,12.0191848268244,10.7103297065313,0.0847108763035715,0.207124212257983,3.36801097629464,1.48929048227546,-0.21468577132228
224,0.0026126549143245,26.38085574375,2.724724477875,0.00076431425,4.497111076875,0,0,0,88.2464975975,-0.00106698113011266,-0.342446922341011,"05",26.8592642396786,1.81950916243204,10.2398823087929,10.8466987806611,3.54005316976786,7.25199499176594,3.72841805593571,2.45969542930696,-0.205368714228515
225,0.00268737890298756,25.5435529542857,2.47824501985714,0.691558991142857,4.497167225,0,0,0,76.5200463557143,-0.000992257141449604,-0.314247503202164,"05",25.3840402486786,1.78834933354489,15.0896382836964,11.7226034127655,3.7282631111,7.20017598343115,3.63988181516071,2.08188506088587,-0.195231763850545
226,0.00274717544467511,24.648552635,2.322587529375,2.140109641375,4.4951556715,0,0,0,65.18170036375,-0.000932460599762055,-0.292240564285979,"05",24.0025862501786,1.54578184613765,14.9507463710214,11.728344195748,3.82420404602857,8.54742689334049,4.63015554584286,1.76284823841046,-0.187418695069179
227,0.00273107987471698,23.8107278257143,2.24472423942857,0.00671501585714286,5.76381700542857,0,0,0,54.2330176671429,-0.000948556169720185,-0.298116747394086,"05",22.6642060786071,1.6679053141472,15.2783949081179,12.0287864217048,4.233822980675,7.26978042962898,6.07079563241429,6.12590685338698,-0.185940839521333
228,0.00266055246823132,22.9351325725,2.168570720625,4.381356574625,15.78897823575,0,0,0,43.67027596625,-0.00101908357620584,-0.324280039860248,"05",20.6911272563265,1.91776902623507,14.3229423611735,11.306092153542,8.10301905882653,10.524682869175,19.7567025212602,22.9084599614114,-0.166937730457406
229,0.00258254810497041,21.7146761471429,2.45621147828571,13.2437865542857,42.2018169385714,0,0,0,33.5550940957143,-0.00109708793946675,-0.354037285650967,"05",19.0622591841327,1.89067403963773,13.9764552000944,10.9445461933218,7.47816568913266,9.45520116232866,22.1717629086582,27.2516534504127,-0.174532205289129
230,0.00250221332761765,20.111861205,2.487276855875,15.098421325,47.47903901875,0,0,0,24.18816786,-0.00117742271681951,-0.385638162286797,"05",16.9384284467634,2.46926399717883,14.5519097043371,10.2492758887071,6.86920977982144,9.58533234188906,12.8064831590424,21.8923871655962,-0.186576079638052
231,0.00242095876440991,18.5978833728571,2.346575866,16.7136390071429,32.3493209157143,0,0,0,15.7018511385714,-0.00125867728002725,-0.418650186843269,"05",15.0886765472545,2.69848152661435,13.8311773574576,9.81521830581953,6.69768093974776,9.98622180062545,1.37099625914956,37.4301740382997,-0.227429947950871
232,0.00233933958149867,17.6439296175,2.3915577545,9.722831525125,14.7294183665,0,0,0,7.967523923625,-0.00134029646293849,-0.45294517134473,"05",12.6992818931982,2.9812162075914,11.9983815747268,8.70508598338681,8.69953016903571,11.4177051555651,-19.1515924427607,89.6748918493394,-0.211804559493417
233,0.00225774956623444,16.5297477142857,2.31816084371429,18.65925599,-42.96013031,0,0,0,0.657627840571429,-0.00142188647820272,-0.488445279180548,"05",5.76313305786143,5.20966434160235,7.47955951774072,7.78768131852102,16.1410018278229,22.7495826106525,-164.838512068645,195.745198014142,-0.23654720160705
234,0.00217658124817489,14.7997331125,2.22189085875,19.37551495375,-149.51557731,0,0,0,-6.152279819,-0.00150305479626227,-0.525058416503107,"05",4.80655269432961,4.38100244629373,5.02677747999926,6.29547214643727,17.6433909316094,22.3576266083028,-272.47978951944,218.552060904515,-0.215201479633082
235,0.0020963731080844,12.9030704014286,2.24814443885714,21.2577322885714,-274.495670714286,0,0,0,-12.3082401642857,-0.00158326293635276,-0.562605065597602,"05",3.96554973676786,4.10882268775345,3.52273197379727,4.78726050776527,19.5241020953078,25.4259383151861,-292.357430287215,251.346157428493,-0.20837977011709
236,0.00201850219596389,10.78949550875,2.190236624,20.58029565625,-402.080387725,0,0,0,-16.72134405375,-0.00166113384847327,-0.600458074727608,"05",9.10441266554465,0.322203732493322,2.36662023175,0.155944347705115,4.68510876625893,0.50284764136955,-485.502941308928,3.66334067618723,-0.105547592865064
239,0.0019748750182755,8.840465697,12.9170612484286,0.030530064,-341.935616242857,0,0,0,-14.3394815328571,-0.00170476102616166,-0.622308708397261,"05",8.10558583022857,2.31700455306087,2.16563060623929,0.225108689111637,13.1531456441107,7.82159518078669,-513.334027851429,85.515854689899,-0.0706175182181203
240,0.00203461199620452,9.3950486535,15.893361015,0,-103.74228431625,0,0,0,-10.43519149475,-0.00164502404823264,-0.592508688888972,"05",4.18137406827126,4.23802794047234,3.98022002342772,5.32046034211776,18.8982817093223,23.1963292278344,-290.133544004872,226.303211238338,-0.224032863417959
241,0.00209961475680704,10.2919058322857,16.2037152342857,0,-15.9951937567143,0,0,0,-6.04569055485714,-0.00158002128763012,-0.56105994710945,"05",5.20627991105643,4.73159726672376,4.91458201514929,6.18839974256536,17.712675892495,21.8896284395122,-267.561221031062,215.359241160165,-0.198893219797818
242,0.00216798453972654,11.28637237,15.32572334375,0,-53.826988225,0,0,0,-1.135511676875,-0.00151165150471062,-0.529015874942937,"05",5.5508293226092,4.98361084259116,6.75261309782555,7.59303854542126,16.8977023356676,22.0477077795626,-202.335372400208,223.182206548142,-0.245729592108934
243,0.002238584322721,12.1901386357143,16.1237612771429,0,-40.2495244042857,0,0,0,4.19162466414286,-0.00144105172171616,-0.496970161540903,"05",11.8625907938735,3.37085007294956,11.7431744581771,8.66543723046244,9.46439734610118,11.914689515964,-49.831410365631,110.006188932904,-0.229627409621385
244,0.00231089628702382,13.10698309875,20.065316515,0,7.54694890175,0,0,0,9.88827125025,-0.00136873975741334,-0.4651783779044,"05",13.9098027609365,2.78891417764119,11.8349464206329,9.40928987935166,8.59362425130357,11.0937124308324,-7.93482789538095,78.8873460372507,-0.237843290379449
245,0.00238444467737478,14.50049808,21.5675651142857,0,22.9932224871429,0,0,0,16.08405426,-0.00129519136706238,-0.433847574005975,"05",15.4785884167659,2.78206014037565,12.5551105250734,9.94742758900169,7.81056516945833,9.91996216719209,4.8130323321012,36.5036874632924,-0.212720698805302
246,0.00245898436392678,16.0946306175,21.0607213625,0,25.35921961375,0,0,0,22.9938332225,-0.00122065168051038,-0.403065428329388,"05",16.658281873683,2.69544705205657,14.7365717697388,10.3955628429761,6.86920977982144,9.58533234188906,9.30339484666295,21.8389362424584,-0.203229106460462
247,0.00253425218540537,17.7092721414286,21.97390017,0,19.7577149,0,0,0,30.6209829757143,-0.00114538385903179,-0.372915236410902,"05",18.447046341301,2.50306804371045,10.8495444538852,10.6623199201617,9.86582840443879,9.36188591007642,28.8632110879592,22.8164709466243,-0.18150423530751
248,0.00261009727292763,19.286373645,22.7309588175,0,6.69601007,0,0,0,38.98580661625,-0.00106953877150953,-0.343426345224458,"05",20.709328722381,1.99570547176257,9.18604045347917,10.6408611270517,11.9699257894643,9.92485474079794,29.9132211735238,23.3303860795631,-0.171301974926842
249,0.00268634616971623,20.7862430042857,22.31298472,0,4.49917730714286,0,0,0,48.0266560557143,-0.000993289874720935,-0.314631867207258,"05",21.7720343920714,1.63638339020672,10.8707449175679,11.842812821369,8.14436577378214,9.95486803800078,18.8260152418643,17.2754944639865,-0.166101685735899
250,0.00276287838921444,22.1083863025,20.882986505,0,4.353099588125,0,0,0,57.73102393875,-0.000916757655222724,-0.286540806368966,"05",23.14487043975,1.55783560884583,10.7472053868607,11.7621934217672,4.23516598384643,7.26880330034307,7.30343512221429,5.01849070860927,-0.153642582781362
251,0.00283955273680022,23.1633246828571,21.4013602371429,0,1.05314303828571,0,0,0,67.9559845342857,-0.000840083307636944,-0.259167285552889,"05",24.3052780129286,1.48023511673672,10.4403722746464,11.2859337325377,4.25222597430357,8.35957010722896,4.92821243606786,1.52995277092754,-0.175771820711756
252,0.00291623472181218,24.352629265,21.35509186875,0,-0.003076321625,0,0,0,78.689396135,-0.000763401322624984,-0.232520533851934,"05",25.5248385566786,1.76228825959545,10.673433958525,11.4185900905507,3.86657490932857,7.11681305235083,3.93969296353214,2.07428404024046,-0.182007792811476
253,0.00299276585980623,25.56685289,23.5553571057143,0,0.722853997714286,0,0,0,89.9558262214286,-0.000686870184630934,-0.206615843540066,"05",26.5746629671786,1.74456832100371,10.3161081488679,10.7784587743697,0.239964849792857,0.334625157621236,3.29685530493571,1.95548085073615,-0.190137802216016
254,0.00306892354965857,26.84810152375,22.9645941275,0,1.497097550625,0,0,0,101.79866813,-0.000610712494778595,-0.18148697609173,"05",27.4274339992857,1.53835904640532,10.3911879778464,9.96096285987278,0.00015286285,0.000341811723834354,3.44243170766786,1.65305668942277,-0.197211541940579
255,0.00314442558962557,28.0359553528571,21.4960424328571,0,1.49905574157143,1.71428571428571,0.571428571428571,0,114.196958628571,-0.000535210454811595,-0.1571826106331,"05",28.3310026089583,1.15789422528679,9.10726512434523,8.9201763017576,0,0,3.74726779139881,1.25486981433141,-0.204847089581556
256,0.00321873611587367,28.8119193375,20.2534372025,0,1.4992084865,3,1,0,127.0587848,-0.000460899928563495,-0.13382507052453,"05",28.8733089407143,0.883441799376232,11.6777444853542,8.20247205080043,0,0,3.7476143993869,1.25419106896816,-0.214963753912918
257,0.00329105953259507,29.43442005,20.74681485,0,1.486470348,3,1,0,140.200435214286,-0.000388576511842095,-0.111604283799949,"05",29.1996514000595,0.800443091088835,14.3026618813839,4.92835503984251,0,0,3.74764609556548,1.25413182564161,-0.223959276561007
258,0.00335961654302432,29.89609093625,16.43014221625,0,4.6723803245,3,1,0,153.6300114625,-0.000320019501412844,-0.0909870003703963,"05",29.6623716969643,0.797606365420165,15.9964617401,4.60986970379826,0,0,3.595197985175,1.34571853341543,-0.222143956494361
259,0.003421590865338,30.1126499185714,19.4607256057143,0,4.23134260471429,3,1,0,167.172523071429,-0.000258045179099164,-0.0727082360499027,"05",30.1010672881845,0.966602451129306,16.0540346490833,4.06069015758993,0,0,4.02671550525595,0.799523175901131,-0.207118892612733
260,0.00347295203202743,30.60586646625,19.073647865,0,2.99614780025,3,1,0,180.88403595,-0.000206684012409735,-0.0578088827200363,"05",30.3879543649405,1.12673568591909,14.331026373372,5.05706968627543,0,0,3.9553206794375,0.743620412866372,-0.187658218889269
261,0.00352143713066941,31.0785582485714,18.7790303014286,0,2.99921219828571,3,1,0,194.8128921,-0.000158198913767755,-0.0439446630542673,"05",30.5877637562053,1.01181452593164,10.8980406851562,6.06269548438451,0,0,3.75027819246875,0.862421176311172,-0.147711907570275
262,0.00359085578011317,31.4812028475,18.41032834125,0,2.2704168325,3,1,0,208.946579125,-8.87802643239947e-05,-0.0244232926956718,"05",30.8304850332143,0.72903907995107,8.14141979998215,7.30897711212874,0,0,3.40342970696875,1.38368506891846,-0.14140690116757
263,0.00366891726062213,31.68513664,8.265156555,0,1.49859252142857,3,1,0,223.228215042857,-1.07187838150344e-05,-0.00291725205766813,"05",31.0256162857143,0.459681498124121,7.13363139281697,7.52468358060507,0,0,2.83506647109375,1.28740051343113,-0.140625255937959
264,0.00373877069514255,31.39731957125,2.82248472575,0,2.086069244625,3,1,0,237.4843404625,5.91346507053856e-05,0.0159430195058166,"05",31.1046653436786,0.456592280004473,4.88309682487857,2.41541414651335,0,0,3.09148293525714,1.47286109177556,-0.166149652875291
265,0.00374692419479783,31.0338391028571,5.28155253657143,0,2.997473989,3,1,0,251.592321957143,6.72881503606657e-05,0.0181214418919016,"05",31.0684506539643,0.709480539703395,4.41593570101786,1.71334003867736,0,0,3.58210287246786,1.33988245222846,-0.165504746142484
266,0.00371292907588025,30.659947575,10.419831154625,0,2.998086622875,3,1,0,265.522917725,3.32930314430853e-05,0.00900722687976607,"05",30.8535895789286,0.890328208302262,8.75413042752143,5.66295511514386,0,0,3.04717552010357,2.14253511329591,-0.158423339957801
267,0.00375283885603151,30.4085920471429,11.4778610185714,0,2.98375631785714,3,1,0,279.315661714286,7.32028115943456e-05,0.0196987350042566,"05",30.5024402429286,0.968903800574275,10.7494093924464,6.41826413220344,0,0,2.68703882744286,1.96337156021887,-0.142471844247913
268,0.00382942666003349,30.21972439375,11.258737561625,0,4.97096794125,3,1,0,293.00477085,0.000149790615596326,0.0399012474829439,"05",30.3358507152232,1.13034564727206,13.618313339308,5.17071092009657,0,0,3.75758723902679,0.886237427202085,-0.12175988699812
269,0.00391031270440259,30.0598929885714,12.9008047614286,0,1.79919535171429,3,1,0,306.613041357143,0.000230676659965426,0.0608034984250825,"05",29.9963873703571,1.19575924481557,14.1266599757366,4.67124573353341,0,0,4.62399801141518,1.2456009121927,-0.100760131219472
270,0.00399237998012304,29.97537574625,13.98323439,0,0.213600517875,3,1,0,320.1641090125,0.000312743935685875,0.0815736908703988,"05",29.6771978791964,1.20581549325718,14.4845612335402,4.15482424938253,0,0,3.44900239092411,2.13219855578795,-0.083110007840359
271,0.00407471948194532,29.94946325,16.4115163014286,0,-0.0153034381428571,3,1,0,333.695879642857,0.000395083437508155,0.101988056580215,"05",29.3858045959375,1.26796951439587,14.430090722625,3.68655990771826,0,0,3.10952229538393,2.44975008964657,-0.0676076476936997
272,0.00415689192550889,29.97177755,15.6698050525,0,2.30657794325,3,1,0,347.225494125,0.000477255881071726,0.121953812297045,"05",29.1377039433036,1.3502511155207,15.0852434931562,3.60727480229605,0,0,3.36884389441518,2.56728468812377,-0.0535215997982209
273,0.00423851255516739,30.0105440428571,17.2115720414286,0,3.000002506,3,1,0,360.775447614286,0.000558876510730226,0.141398545329186,"05",28.9259283604464,1.47495471140157,15.0944135081607,2.89299825833597,0,0,3.64861179451339,1.95252666427104,-0.0270150511483123
274,0.0043189372094223,30.12733966,17.37685632125,0,2.998074051,3,1,0,374.3547308125,0.000639301164985135,0.160195505307194,"05",28.8216285662946,1.5959283978132,15.0678868929464,2.79606125535224,0,0,3.38692184869643,1.06548879978055,-0.0259311434853997
275,0.00439687932221744,30.33546646,18.4440468042857,0,2.99811148314286,3,1,0,388.012169242857,0.000717243277780275,0.178081193585595,"05",28.7951945339732,1.69399668586149,15.2313362909375,1.63839332176454,0,0,3.37309073275,0.74938488871626,-0.026909125396118
276,0.00446600099945492,30.6132633575,19.19615658,0,2.998074051,3,1,0,401.7728732,0.000786364955017756,0.193679526103049,"05",28.3594064695357,1.94650511793995,15.3933735208214,1.86590143926912,0,0,3.44900329474643,0.670745380987979,-0.0457551638420911
277,0.00448104100048503,30.9252346585714,15.9908174228571,0,2.99811148314286,3,1,0,415.676832557143,0.000801404956047866,0.197041534431737,"05",28.51474653925,2.11476900435873,13.4694696297679,5.27470626716319,0,0,3.78022142730714,1.45931050576826,-0.0470160192189641
278,0.00441968378221334,30.94614508625,16.3873997875,0,2.998074051,3,1,0,429.6597714875,0.000740047737776175,0.183254300172449,"05",29.3376024249107,2.06167892117688,13.0922452333259,4.20705949836288,0,0,3.43762484480804,1.50650957307411,-0.0481679383639255
279,0.0043431943278753,30.9427301685714,17.4088968285714,0,2.99811148314286,3,1,0,443.640663028571,0.000663558283438135,0.165796247156282,"05",29.466927395,2.00912865510563,12.7876922123839,6.52796302225365,0,0,3.02935428934821,1.27344547501667,-0.0261389762246041
280,0.00426309138474055,31.10634789,16.9803682675,0,2.999997470375,3,1,0,457.6486235375,0.000583455340303386,0.147180724232959,"05",29.5193921833928,1.98378157349075,13.3724687321562,7.23395196386411,0,0,3.80336142220982,1.96973237175893,-0.0220816210280305
281,0.00418148233102504,31.3594497514286,17.5931620457143,0,1.95202369042857,3,1,0,471.756428457143,0.000501846286587876,0.127851958736054,"05",29.5949806930357,1.97200965986178,13.3199744655982,7.364338874769,0,0,3.89474668179464,2.03167702318106,-0.0202479398548322
282,0.00409900396563472,31.6330131125,17.79144394,0,1.8088251165,3,1,0,485.9771182125,0.000419367921197556,0.107930159883595,"05",29.3302925934286,2.07537265560226,13.9161640688893,6.5167253812738,0,0,3.38294780498214,1.35342064052581,-0.0391934825608535
283,0.00401602496768144,31.8436308642857,13.0742570107143,0,2.99619542457143,3,1,0,500.324722857143,0.000336388923244276,0.0874787508242418,"05",29.5909565701071,2.12344314466352,14.1037034396071,6.65623580585874,0,0,3.35902697043929,1.14476489440736,-0.0362355542124693
284,0.00393272736959781,31.713782595,2.165050395375,0,1.986521975,3,1,0,514.6890293875,0.000253091325160646,0.0665193242878308,"05",30.2943388190625,2.07347248875696,12.6531323920357,6.07663620102864,0,0,3.98196976025447,1.20011474523197,-0.031736763961527
285,0.00384927008203955,31.3042864057143,2.16015634314286,0,1.49985174214286,3,1,0,528.932233642857,0.000169634037602386,0.0450696937254706,"05",30.2047008395536,1.91574977482619,13.745066101433,7.83636152802687,0,0,3.86971136866071,1.75359982097917,-0.0276070485148206
286,0.00376579667078309,30.8848847575,2.212868527125,0,1.49898814225,3,1,0,542.9716111875,8.61606263459257e-05,0.0231455910700413,"05",30.0397204411161,1.67680629825337,13.5741840291339,7.68860133937971,0,0,3.39909961230804,1.462862114481,-0.0261116378803652
287,0.00368252538617,30.4769769271429,2.19946938142857,0,2.78202136014286,3,1,0,556.836929057143,2.88934173283545e-06,0.000784916720427908,"05",29.9374084389286,1.49904076249257,13.4893422360223,7.56537052048178,0,0,3.23164831608482,1.63043658232506,-0.0536059363068022
288,0.00360006148098128,30.06743884375,2.236083332875,0,4.353303586375,3,1,0,570.505458725,-7.95745634558846e-05,-0.0218629223543605,"05",29.8697714093304,1.34936283659968,13.4125507484821,7.5346369597319,0,0,4.08256140272321,1.5007911115136,-0.0519510392312772
289,0.00352167595146935,29.6643290685714,2.13014865785714,0,1.61286751642857,3,1,0,584.004122814286,-0.000157960092967814,-0.0438768462265475,"05",29.7818103503125,1.1701652938478,13.4308730703616,7.72274763051649,0,0,4.83798397066518,1.45164607149571,-0.0453511713654933
290,0.00347270937441343,29.1323170575,3.296688142875,0,1.49735827325,3,1,0,597.280919875,-0.000206926670023734,-0.0578787558661373,"05",29.6777073984821,1.03105078031495,13.0882219788393,7.5504745103086,0,0,3.50521729551339,1.50681995206943,-0.037687118114421
291,0.00342273505101926,28.6117850142857,13.0756213431429,0,1.56341556657143,3,1,0,610.320722385714,-0.000256900993417904,-0.0723738902947568,"05",29.5066067253125,0.992402075928232,13.7745078487544,7.18346193279266,0,0,3.07148412395536,1.64781440842352,-0.0341160886371632
292,0.00335234204951335,28.5337505025,16.8270864525,0,3.012685397,3,1,0,623.2025220125,-0.000327293994923815,-0.0931546228436977,"05",29.3776791516964,1.06206175039098,15.3500085498036,2.35029463671217,0,0,3.33219628313393,2.1432996866615,-0.0337547492212163
293,0.00328496859436112,28.7966112714286,16.67223112,0,2.99603077914286,3,1,0,636.145431942857,-0.000394667450076045,-0.11345675148194,"05",29.3688957270089,1.07546778110034,15.5735178779018,1.49573180059399,0,0,4.17858251550447,2.569234743385,-0.0348555349113907
294,0.00320658029364857,29.229419315,18.7206922725,0,1.8527883985,3,1,0,649.2451818,-0.000473055750788594,-0.137608802118273,"05",29.5051890979464,0.992032047491216,14.7495601396339,2.79610927126746,0,0,4.48583087768304,2.7219501893891,-0.0382167622046289
295,0.00312410859804571,29.7641105371429,18.9193090557143,0,1.49855424,3,1,0,662.638447971429,-0.000555527446391454,-0.16366484761726,"05",29.7892131808036,0.905182099644424,12.5264236704152,6.59107263815533,0,0,3.4732019399375,2.16313795275803,-0.0412101559706218
296,0.00304122235226228,30.3474251525,18.69067385,0,1.4990370255,3,1,0,676.2798741375,-0.000638413692174885,-0.190554316454993,"05",30.1166959938393,0.699615749194005,14.9216738468705,4.65030945513879,0,0,2.66976573027678,1.45427016777539,-0.0423330018546598
297,0.00295850218490505,30.8480581414286,17.51367892,0,1.49905574157143,3,1,0,690.104807857143,-0.000721133859532114,-0.218130718045182,"05",30.4159904994196,0.446776330817268,12.320526532125,5.68146487880663,0,0,2.24594199170536,1.500825044239,-0.041930511072932
298,0.00287633348973818,31.28583964,17.16342044375,0,1.4990370255,3,1,0,704.135882275,-0.000803302554698984,-0.246297449497245,"05",30.6032334971429,0.265567147592348,9.38931047517143,6.53877549415257,0,0,3.75582494773571,2.12716134896136,-0.0394452602737878
299,0.0027952617588422,31.48628068,16.23735378,0,1.49905574157143,3,1,0,718.325149914286,-0.000884374285594965,-0.274888082964034,"05",30.7432325048929,0.482109113792499,11.1175994707,6.99327067432185,0,0,4.05369145019286,2.35064098545231,-0.0387763573704866
300,0.00271713115158651,31.46547971625,14.4011241675,0,1.4990370255,3,1,0,732.5444302875,-0.000962504892850654,-0.303237236680694,"05",30.8746209387857,0.754892264637123,11.4848571664107,7.19360081935678,0,0,3.94665430644286,2.24108231125214,-0.0354027641510957
301,0.002654144998933,31.4251425428571,17.4592866042857,0,1.49905574157143,3,1,0,746.748859571429,-0.00102549104550416,-0.326691267291805,"05",30.9761374048929,0.906078973844094,12.4319260785393,5.66436850443647,0,0,3.75957361589286,1.53604756148221,-0.0292968671827225
302,0.00263722438773271,31.56124161625,8.03788532675,0,1.498878136375,3,1,0,760.9695835125,-0.00104241165670445,-0.333086839779765,"05",30.94333454375,0.867324542501205,16.1181262355571,2.80541060730521,0,0,3.29539876843929,1.64642297783584,-0.0203964689970201
303,0.00264163107681565,31.2952946342857,5.49060863414286,0,1.50144187657143,3,1,0,775.197596128571,-0.00103800496762151,-0.331417277137183,"05",30.8703293572143,0.715108767153564,15.0339823050643,4.04909920144166,0,0,3.29808975535714,1.64253377919281,-0.00961649182193349
304,0.00267290661967711,30.74523171125,7.629283789125,0,2.644322678625,3,1,0,789.18899985,-0.00100672942476005,-0.319647334190534,"05",30.6895228534286,0.550766509072687,14.4960374561857,5.08201979041289,0,0,3.75228694516071,2.0982392233267,0.000423723484159409
305,0.00273897330892794,30.4234262871429,3.11529972,0,2.99861298485714,3,1,0,803.0187046,-0.000940662735509224,-0.295230691578444,"05",30.4585178178214,0.388543870116821,15.0275826936107,4.18680679634923,0,0,4.44577386583571,1.53805326016995,0.00826843749885686
306,0.00279126033490449,30.040355595,6.05238161925,0,2.998074051,3,1,0,816.6628349625,-0.000888375709532675,-0.276320610898802,"05",30.2936818677857,0.411641777672413,14.3432172828214,6.30587307201978,0,0,4.12410143209286,1.05948604383929,0.0159168935033102
307,0.00281631484297877,29.7184142014286,11.8113536995714,0,2.99811148314286,3,1,0,830.1662089,-0.000863321201458394,-0.267384600909709,"05",30.1375367154286,0.548582135006424,14.9529514277429,5.01089968002796,0,0,3.89764937885714,0.820676813614017,0.024125375512777
308,0.00287994361286894,29.598054215,13.226904885,0,2.998074051,3,1,0,843.5485198875,-0.000799692431568225,-0.245043123684119,"05",30.0083835025357,0.704432919480094,15.9053394439143,2.40369445842853,0,0,3.68042996202857,0.999435214564656,0.0328013277532542
309,0.0029591317390933,29.56315124,13.4523504642857,0,2.99811148314286,3,1,0,856.915727285714,-0.000720504305343865,-0.217917945786055,"05",29.9525642824553,0.913469186686248,12.4640628431339,6.09132489273952,0,0,2.99759964327232,1.22244521122154,0.0512948315653981
310,0.00304060297341758,29.636266665,15.2229649,0,2.998074051,3,1,0,870.2768254375,-0.000639033071019585,-0.190757998341041,"05",29.7362946049554,0.88730242746047,13.8747386858705,4.2819096262365,0,0,3.31024849612947,1.52366227901428,0.0600060029326495
311,0.0031226173158996,29.7919082171429,16.0818287071429,0,2.99816083157143,3,1,0,883.705972828571,-0.000557018728537564,-0.164142308017232,"05",29.5212955224643,0.789170316639045,15.0616321249714,2.29310217484699,0,0,3.76576878081786,1.03442470321812,0.0564685808577002
312,0.00320455450174756,29.96118378,17.1798262325,0,2.83957690775,3,1,0,897.191151825,-0.000475081542689605,-0.138240762596374,"05",29.4151176303929,0.831864370417758,15.395039588125,2.42005069230071,0,0,3.82524131225714,1.37622118079767,0.0656825935430358
313,0.0032857517106962,30.09924815,16.4615623671429,0,1.49277347628571,3,1,0,910.7667263,-0.000393884333740964,-0.113218386042964,"05",29.3648669196429,0.820660686464693,14.5366655697857,2.6507593389582,0,0,4.02154536576786,1.83527009048875,0.0730200606872124
314,0.0033644033981233,30.22786551875,16.54238654125,0,1.49899384575,3,1,0,924.385168925,-0.000315232646313864,-0.0895631926460982,"05",29.3839807812857,0.747124667472976,13.6343855066393,2.13068341404968,0,0,3.66132657800357,1.99318908584722,0.0687307806531463
315,0.00342910615740142,30.3534202085714,17.0857359128571,0,1.49795502671429,3,1,0,938.081895428571,-0.000250529887035745,-0.0705142126289884,"05",29.4822289026786,0.630887588589208,12.6527300836571,4.88342944936938,0,0,3.63055588318571,1.36815971535513,0.0623706950165573
316,0.00343410759935201,30.4353503425,16.28798308125,0,2.226694244625,3,1,0,951.801995975,-0.000245528445085155,-0.0690567488613008,"05",29.7134104955803,0.554129152651658,11.9112128635268,6.4797383379685,0,0,3.46100065117857,1.53546522183322,0.0511892606050896
317,0.00340293010425253,30.4470517214286,16.0113087357143,0,2.99752333728571,3,1,0,965.568160071429,-0.000276705940184634,-0.078176988253726,"05",29.9389883691965,0.377189424332412,10.9256931683839,6.58582986220975,0,0,3.92666837054911,1.66784709558283,0.0413735197161731
318,0.00337339214266899,30.39260018625,15.62796138875,0,2.839735796875,3,1,0,979.3030202375,-0.000306243901768174,-0.0868950352177302,"05",30.0825576016071,0.251216662035555,10.8993285214598,6.56476922537532,0,0,4.04929649850893,1.78571719244402,0.0400616454088937
319,0.00338329119990958,30.30774742,16.9783182842857,0,1.49038734142857,3,1,0,993.024936285714,-0.000296344844527585,-0.0839648804277884,"05",30.2348069626339,0.117041899351432,10.4913467693304,7.3034425750682,0,0,4.02181131829018,2.21146663406175,0.0550200991223053
320,0.0034494534511452,30.30645288625,17.115900285,0,0.353708193,3,1,0,1006.698085,-0.000230182593291964,-0.0645980459725672,"05",30.418566065625,0.183176750794231,10.1712074975714,8.1723724141358,0,0,3.58588968841964,2.42853189746443,0.0680862424251845
321,0.00352809757476743,30.38622889,17.4859444628571,0,-0.00509180057142857,3,1,0,1020.41770628571,-0.000151538469669735,-0.0420550501452741,"05",30.6695890290625,0.426569972418805,11.6313369935,7.35603340582349,0,0,2.77305160289285,2.18524960970648,0.0793726933344813
322,0.00360900762296976,30.51825516125,17.0025309825,0,1.0177255955,3,1,0,1034.156661125,-7.06284214674045e-05,-0.0193810079203143,"05",30.9436274546875,0.641731555124687,11.2970123242455,7.49217264928132,0,0,2.62699450220089,2.24731104412344,0.0863395777391548
323,0.00369044113814414,30.6146230114286,16.6980203257143,0,2.69684814842857,3,1,0,1047.97748771429,1.08050937069754e-05,0.00293215413828296,"05",31.1638392056696,0.722223619449652,12.576868173125,5.21246121362303,0,0,3.43506717244643,1.6518257843383,0.0905798381465917
324,0.00377165791206094,30.6396698325,17.5489555025,0,2.997475797125,3,1,0,1061.804791,9.20218676237756e-05,0.0247008222795451,"05",31.2704563131696,0.841599223769884,12.8905741733348,6.40501301377356,0,0,3.96885488416964,0.860726081293788,0.094002270256625
325,0.00385192160007657,30.7203828071429,17.98914024,0,2.99811148314286,3,1,0,1075.66858214286,0.000172285555639405,0.0457582931481006,"05",31.2716492584821,0.825944178906919,16.3310918966964,1.57987486762121,0,0,3.68837181403125,0.938864669242777,0.097092936850598
326,0.00392956813364594,30.91268166,17.3079060975,0,2.99886883825,3,1,0,1089.575030625,0.000249932089208776,0.0657156821351714,"05",31.4268430988214,0.751431482663643,16.8107117214643,1.06799571521756,0,0,3.59802562340357,1.34013833666389,0.100311613155166
327,0.00399791030680555,31.0804814457143,17.2515901171429,0,2.93375165857143,3,1,0,1103.59001085714,0.000318274262368386,0.0829579528254927,"05",31.2538807563393,0.634041399550972,16.928105205,0.276873938644797,0,0,3.37148015417411,1.43351833694954,0.105765454826595
328,0.00400232942653615,31.15512533625,15.83640690125,0,1.484584568875,3,1,0,1117.634792625,0.000322693382098985,0.0840626997373022,"05",31.2644713122321,0.529823105713672,16.1251185522768,1.41911991392012,0,0,3.69214249833036,1.88328377756324,0.106056377779448
329,0.00393875365128513,31.1271887385714,14.72453764,0,1.49875031085714,3,1,0,1131.71412328571,0.000259117606847965,0.0680504929956225,"05",31.2504296650446,0.40911270104268,16.038390160491,0.4232752335355,0,0,3.25577371400893,2.08106452840093,0.106159645295568
330,0.00386576484803893,31.05634993125,15.44183217875,0,1.4990370255,3,1,0,1145.74821375,0.000186128803601766,0.0493457056565045,"05",31.1833956899554,0.307357423563769,15.92738639,0.873719964003866,0,0,2.99753555487054,1.73048278606827,0.105666552127352
331,0.00380025773483283,30.9246954085714,16.0320578271429,0,1.49905574157143,3,1,0,1159.75638857143,0.000120621690395666,0.0322550422040893,"05",31.1051920387054,0.300309402703141,16.0839778265625,0.585550985250161,0,0,2.99821814262947,1.73109445233536,0.100561087588848
332,0.00372639060035041,30.85535360125,14.42707537875,0,1.4990370255,3,1,0,1173.69659775,4.67545559132455e-05,0.0126262510342929,"05",30.9757923319196,0.317938563374475,16.5396044528571,0.658917170510093,0,0,2.94496073748661,1.67185219754764,0.0919523055503006
333,0.00365046936337532,30.7028467371429,8.02578531814286,0,1.49905574157143,3,1,0,1187.62183585714,-2.91666810618447e-05,-0.00795809407188397,"05",30.8624399008928,0.221006179066866,15.1149626510982,4.30287464683092,0,0,2.69864164523661,1.46939685847104,0.0840932337654502
334,0.00359210568028861,30.30678299875,2.3136123145,0,1.4990370255,3,1,0,1201.394162,-8.75303641485544e-05,-0.0240752746365072,"05",30.6866681408036,0.403206846713053,13.3996096833705,5.36211950931147,0,0,3.23132341673661,1.61094458579423,0.079371955132985
335,0.00358721559724281,29.8140908685714,2.22878370771429,0,1.49905574157143,3,1,0,1214.989367,-9.24204471943546e-05,-0.0254375437081302,"05",30.2617122037054,0.591666550545089,10.7582724176964,9.85226776036246,0,0,3.56626464210715,2.05782441641641,0.0787226513040206
336,0.00360273096249489,29.268606415,2.18561589475,0,1.4990370255,3,1,0,1228.319468375,-7.69050819422745e-05,-0.021121687178514,"05",29.7292105816964,0.604039936944256,10.59972951825,9.69534564333202,0,0,3.37982423641964,2.1894397370567,0.0799733995709327
337,0.00358754246850216,28.6295256228571,2.201348287,0,1.49905574157143,0.428571428571429,0.142857142857143,0,1241.41342885714,-9.20935759350047e-05,-0.0253464266983388,"05",28.74321704825,0.97556098915562,13.433360142,10.2295377774604,0,0,3.65643388200357,1.67067424395677,0.0509214089319596
338,0.00353647079712951,28.03637428,2.17227730025,8.16125e-05,1.4990370255,0,0,0,1254.1942295,-0.000143165247307655,-0.0396845653243636,"05",28.0319765595,1.05930389629984,13.5049780063536,10.2745574036968,0.000641554125,0.0014345586347454,4.28170454294643,1.89925816938593,0.0496647081117919
339,0.00351744302746727,27.5071252285714,2.16381917528571,1.55703898857143,1.49905574157143,0,0,0,1266.75770671429,-0.000162193016969894,-0.0450795320753601,"05",27.27504649275,1.19883157103424,12.8677316548572,9.74968541241599,1.56876138318571,3.50781147068341,4.22649670845357,2.12118013018202,0.0530320931927957
340,0.00355985283348889,26.8730615125,2.1986712815,9.78650908075,1.4990370255,0,0,0,1279.03426025,-0.000119783210948275,-0.0330946403053582,"05",26.2596424895,1.29424945341257,13.5018169314107,10.1306971357727,3.98360209346429,8.06542335931812,3.37937633001071,1.75566384483225,0.0804669091933476
341,0.00363010891239569,26.1349654914286,2.22124408285714,11.3690796857143,1.49905574157143,0,0,0,1291.02561114286,-4.95271320414743e-05,-0.0135511947094153,"05",25.1146178508571,1.47509979791867,13.6896336628143,10.3688798231672,4.78256693672142,6.72614493050131,2.34229947116071,1.24060015117062,0.0966387771480347
342,0.00369592707204854,25.3144331725,2.2959611385,14.98193769375,1.49970491,0,0,0,1302.64235575,1.62910276113757e-05,0.00441757555472488,"05",24.2401352591071,1.87357222301325,11.541459401683,10.6356227558945,6.69330885924107,7.90237207780275,2.04370537976786,0.735486698591469,0.0986156657887736
343,0.00372376573500806,24.0546368214286,2.31375302342857,19.35157488,1.04968877885714,0,0,0,1313.83432771429,4.41296905708956e-05,0.0119216039739261,"05",23.1287993277679,2.04183759062134,11.9017705064107,10.9920415125627,7.6181240059375,8.79910224502429,3.65828533028571,2.49349115509149,0.0900282420101565
344,0.00372405471870117,22.42812178375,2.309255049375,21.15184090875,-12.9779987145,0,0,0,1324.320837125,4.44186742640054e-05,0.0119992061898468,"05",21.2730801526786,2.4895050680556,13.3553998897857,10.2135439813811,7.68657372607143,9.66510727470176,0.919830058178571,4.38678229643389,0.0859657117915107
345,0.0037065723644255,20.3811396342857,2.29708982171429,24.1757271885714,-54.34970582,0,0,0,1334.02173571429,2.69363199883357e-05,0.00729371205942808,"05",19.7538312938776,2.51226315294988,13.6427514075638,10.4698764769002,8.70036736364796,10.8723465848726,-10.8287021229668,18.1058826124336,0.0751794691188067
346,0.00366096435340711,18.06193727875,2.153875530375,21.0343366675,-52.5843131,0,0,0,1342.48244375,-1.86716910300544e-05,-0.00508724893826606,"05",18.0884898244643,2.32438745799367,13.4408602848699,10.3573082842529,8.59540955308673,11.0347350799582,-28.4208682903826,25.5294917995097,0.0590462908359044
347,0.00362315629153153,16.3645202685714,2.21316400514286,21.6577876557143,2.78407849457143,0,0,0,1349.88342971429,-5.64797529056344e-05,-0.0154682962096029,"05",16.511942685051,2.14152490959836,12.8730924514286,9.88187315128263,8.26665265109694,10.5119450430348,-29.7595591745153,19.9038677498337,0.0509513811413116
348,0.00361731070921417,13.89976399875,2.289971063125,24.5530214475,49.64843061375,0,0,0,1356.3576555,-6.23253352229946e-05,-0.0170829941083328,"05",14.8693200693254,2.32458292832768,11.8547763052301,8.98361026742252,10.4483285150992,12.6478938785839,-17.3057705432321,32.0314671347887,0.0387096402229659
349,0.00362189699936978,11.92177117,2.25468061128571,18.6245858328571,155.733023565714,0,0,0,1362.02082171429,-5.77390450673845e-05,-0.015815924332987,"05",13.7131566487013,2.26135483892706,11.4179842308052,8.66470523739956,11.1252604528734,12.9515476780173,30.7608198307662,74.3151618890203,0.0335017820881016
350,0.00363995822672924,10.4974032665,2.249889523875,19.09407362125,312.756499375,0,0,0,1367.046855,-3.96778177079245e-05,-0.0108416406159009,"05",11.9551258170666,1.66358852995283,10.816288103336,8.13721283210212,10.4827131855519,12.4487955690717,136.236660876292,138.697785773606,0.0274710986515213
351,0.00364827917114757,9.29022143357143,2.05350032271429,15.0519994328571,445.477266414286,0,0,0,1370.96600257143,-3.13568732895945e-05,-0.00855824962543217,"05",10.7138133055829,1.42640909786526,10.4553469677972,7.21428722182107,7.48362789991454,10.5829163777925,260.461947021459,184.071083834318,-0.0120462007575194
352,0.00362854594791693,8.64482149175,5.423783009625,0.74164412625,511.915306075,0,0,0,1372.730795,-5.10900965202347e-05,-0.0139818432221031,"05",10.1645932612487,1.18961727794682,10.1478238904082,7.0371825429755,6.80529794010331,9.66907792418233,328.488738187909,162.678356833037,-0.0139818432221031
353,0.00362993715888341,8.476899492,12.7717425857143,0.00440257728571429,519.478609057143,0,0,0,1372.04882585714,-4.96988855537544e-05,-0.0135985094250231,"05",10.2944158588832,1.13026727797634,9.94598399076923,7.28223085699802,7.32844373724313,9.85551387629022,313.797209659507,159.361266010466,-0.0137901763235631
354,0.00363840425953469,9.315684958125,18.58030516125,0,391.1522347,0,0,0,1369.0424305,-4.12317849024743e-05,-0.0112686507238458,"05",11.297351417897,1.74916553839116,9.13722960748352,7.30403862790776,10.3450233172445,12.0132628737276,214.130288706302,176.086547838353,0.00864629697728247
355,0.00361359027705191,10.8615414857143,18.7277871271429,0,173.810793635714,0,0,0,1364.71214,-6.60457673852546e-05,-0.0181120311245291,"05",12.9607983779643,1.75640758080904,10.3798298833678,8.45142590426968,11.9375510843036,12.8798330741453,52.9846932793428,82.4129137375907,0.0379852099445642
356,0.0036112477958557,12.22729458375,19.95502364875,0,29.169261980375,0,0,0,1359.610075625,-6.83882485814644e-05,-0.0187604833638204,"05",14.4068563715476,2.00162017524537,11.8698980310913,8.96533597371003,10.8392934906548,13.0635794679186,-5.94657679725992,35.8558346700184,0.0424291491783858
357,0.00364406329955187,13.5540382528571,20.5657627228571,0,0.564992275142857,0,0,0,1353.94642728571,-3.55727448852943e-05,-0.0097144959116422,"05",16.2042032012053,2.39830490338334,11.3894353793929,9.76216811943121,9.94054452667411,10.8226819764894,-31.0795496093616,21.9166360650103,0.0473934294038783
358,0.00365248885172407,15.0805660875,21.52389847875,0,-12.917907066,0,0,0,1347.5281305,-2.71471927130945e-05,-0.00740503371320766,"05",17.269167477449,2.46390252766409,10.1264055004235,9.74776781389697,11.72032796375,11.2862152347833,-35.6783875679439,20.2187621936632,0.0482988168297425
359,0.0036195526629932,16.6201476185714,22.4587791114286,0,-19.7931796242857,0,0,0,1340.43000928571,-6.00833814439644e-05,-0.0164634014275027,"05",18.3332135254464,2.44545682262963,11.9378738137768,10.4763193862557,10.0279778119345,11.3525124393353,-29.8588164013988,27.6538840993755,0.0618610581602026
360,0.00356087539490573,18.352924345,22.50469654125,0,-15.13160564875,0,0,0,1332.509507875,-0.000118760649531435,-0.0328074333337263,"05",19.9873157853572,2.66755193284163,12.1657605519494,10.6403646288219,10.1504285909226,11.1439226839569,-10.1115515353363,19.7247920268231,0.0694959479370944
361,0.0034871901038279,20.0862447942857,22.32158388,0,-5.61450637685714,0,0,0,1323.83268785714,-0.000192445940609264,-0.0537175607400409,"05",22.2530228706071,2.07306122214947,10.0264122451286,10.3818636133878,10.7612032165,9.93796040416781,1.51237810070714,3.81620673451618,0.0913761270980488
362,0.00341465317727393,21.54147418375,21.37818321125,0,5.030750132375,0,0,0,1314.386401375,-0.000264982867163234,-0.0747379149787308,"05",23.3139668265,1.81611138777041,9.98416700981427,10.4405339092989,9.96481418075,9.25218482962815,3.13656602,2.45439988571843,0.0956072875841729
363,0.00337158534208582,22.8713731057143,20.9214146228571,0,5.61123345228571,0,0,0,1304.36358385714,-0.000308050702351344,-0.0874307821722295,"05",24.4549948417857,1.69219616400675,9.69235974904643,10.096197362432,8.35103462614286,7.78305126112362,1.93490528581429,0.681830488519884,0.0988211041105381
364,0.0033689010723098,24.159814805,20.78956456,0,3.05538062975,0,0,0,1293.709761375,-0.000310734972127364,-0.0882272439327751,"05",25.4730100356429,1.45835310481275,9.83683280638571,10.326987144436,7.05638287386428,6.62612465195219,1.7960243675,0.672735243591202,0.106656047316894
365,0.00337094560935611,25.4240610685714,21.64029501,0,2.999390123,0,0,0,1282.52961728571,-0.000308690435081054,-0.0876205425803791,"05",26.26784189,1.30069511748115,11.6144255865313,10.6138688098705,7.036870139875,8.84742652167314,2.91904130678125,1.64229461239506,0.102221666683229
366,0.00340611753920825,26.66935012125,20.09807721125,0,4.4480247875,0,0,0,1270.730923,-0.000273518505228915,-0.0772407530379295,"05",27.2920632171429,1.27345782082344,11.0033681913929,10.1819369345667,2.350191073,3.73518427609409,3.78288974092857,2.16500263515494,0.0952409405538941
367,0.00346836409580517,27.3900386328571,18.4576238457143,0,5.99763930671429,0,0,0,1258.51707228571,-0.000211271948631994,-0.0591308040023071,"05",28.041448686875,1.1154794568017,11.6388338769688,10.8582911744031,0.00082234578125,0.00159074852894379,4.49754223359375,2.1210909178436,0.0895338200408643
368,0.00349697082811062,28.04161773,21.74076392625,0,5.996148102375,0,0,0,1245.985340625,-0.000182665216326545,-0.0509167288314352,"05",28.7103077707143,1.04593459884285,11.5146417365,10.7136792633909,0,0,3.82424230567857,1.87983693852105,0.0724807047362627
369,0.00347722863882223,28.8600880157143,20.6441856514286,0,5.99622296657143,4,1,0,1233.15853542857,-0.000202407405614934,-0.0565782363774412,"05",29.3970097759375,0.928116601747462,11.150886248,10.3885951402314,0,0,3.03185598703125,2.0862957429802,0.0715707619792467
370,0.00345743678365435,29.60156923375,19.115230745,0,5.9963069915,4,1,0,1219.92384475,-0.000222199260782814,-0.06228634401646,"05",30.0072429482143,0.820348380782919,10.4102871808214,9.47323429360987,0,0,3.53604965171429,2.04038919814862,0.0694687718130509
371,0.0034872528445057,30.2058316557143,18.3482537442857,0,5.99383683171429,4,1,0,1206.43383242857,-0.000192383199931465,-0.0536995691451665,"05",30.4248794309375,0.688313566422715,11.8392164572812,7.37283756195995,0,0,3.23151489709375,1.61115684570434,0.0688498120479999
372,0.00355580396988726,30.66614005125,11.42559626025,0,4.704200611125,4,1,0,1192.64857125,-0.000123832074549904,-0.0342326558214738,"05",30.6634166035714,0.390701526114292,13.8148708805,6.07094529087274,0,0,2.69866036128571,1.46941467289494,0.0722777993387352
373,0.00363205435346514,30.60803883,9.46174699242857,0,3.30046345185714,4,1,0,1178.81121257143,-4.75816909720245e-05,-0.0130154201774504,"05",30.8366056878125,0.210938501938926,16.6569757790625,2.11978418595142,0,0,2.9449420214375,1.67184021662667,0.0797275655975338
374,0.00370078736015564,30.56827292375,16.6299822875,0,4.284582957875,4,1,0,1164.992849125,2.11513157184757e-05,0.0057317505765484,"05",31.022114445,0.219182874314331,16.5492412378571,0.725196987509922,0,0,2.99823685867857,1.73110525515872,0.0901007876527918
375,0.00372559741527803,30.8170167671429,15.8879679028571,0,4.49766872657143,4,1,0,1151.146846,4.59613708408656e-05,0.0124133722555237,"05",31.139997304375,0.263108284507425,15.9854171740625,0.446552638698908,0,0,2.9975931965,1.73038379561092,0.0981178774049416
376,0.00375420224405281,31.0377159075,15.8471171625,0,4.495187658125,4,1,0,1137.163850625,7.45661996156455e-05,0.0200619641332285,"05",31.19797617,0.329723810289935,16.0204075564285,0.897330806385181,0,0,3.25932918653572,2.0770650608196,0.101166229851923
377,0.00381367657153287,31.2039322085714,16.1108550228571,0,5.54234346871429,4,1,0,1123.12304971429,0.000134040527095705,0.0357798559734057,"05",31.2493464965625,0.46660796600758,16.162354388125,0.515742595463455,0,0,3.329836688875,2.19189996047598,0.101431322689128
378,0.00384951067429713,31.3458820275,16.5543484975,0,5.83861408425,4,1,0,1108.97946025,0.000169874629859965,0.0451321951160217,"05",31.2837719110714,0.590742530367387,16.1929216607143,1.45210818245117,0,0,3.35521489628572,1.43953229476881,0.101815669025595
379,0.00385985078432926,31.5336656,16.6584594842857,0,4.49088496,4,1,0,1094.79983057143,0.000180214739892096,0.0478146782295061,"05",31.2906995378125,0.684775071650897,16.6061693465625,1.03840683109714,0,0,3.37342956178125,1.43442738166251,0.102166949585787
380,0.00384509209173493,31.72526599875,15.06566399125,0,4.49706789725,4,1,0,1080.491317875,0.000165456047297766,0.0439837062161024,"05",31.2918275021429,0.806105745637463,16.4411380810714,1.70347739321975,0,0,3.68853073553572,0.93870877959285,0.101747276312923
381,0.00378982365324425,31.7809595471429,14.0099352828571,0,4.497167225,4,1,0,1066.15531957143,0.000110187608807085,0.0295056414129959,"05",31.2767180184375,0.83516169872702,13.1033079675312,6.5852214049263,0,0,4.04401179634375,0.713098896891803,0.0965704764732873
382,0.00372436111252753,31.74788324625,14.94646897875,0,4.497111076875,4,1,0,1051.793058,4.47250680903656e-05,0.0120814770579747,"05",31.1879311682143,0.694588330942208,12.5007405089286,5.12781557741877,0,0,3.85484781067857,0.852867546626134,0.0951411217107939
383,0.00368828662777431,31.8170967271429,13.5371968895714,0,4.497167225,4,1,0,1037.45480242857,8.65058333714532e-06,0.00234817531672693,"05",30.9766340225,0.605901218726232,11.1761589541563,7.36182932463166,0,0,2.88269885121875,1.87541551302848,0.0917714276650782
384,0.00363485879605893,31.77567114875,2.168986902125,0,4.497225408,4,1,0,1023.059332875,-4.47772483782344e-05,-0.0122435814068123,"05",30.68953303,0.405265296485871,11.7238480379643,7.44973027142962,0,0,2.6833516045,2.32082036117551,0.0853878630237312
385,0.00356679543177905,31.2446510128571,2.18782935457143,0,4.74010805728571,4,1,0,1008.82671642857,-0.000112840612658115,-0.0311462909458502,"05",30.4182424321875,0.18343876354395,10.20560299775,8.2107709965511,0,0,3.3017199013125,2.79440863108676,0.0755247114573283
386,0.00353280523743579,30.6301018675,2.172776047,0,5.9942191235,4,1,0,994.8442527875,-0.000146830807001374,-0.0407216050157277,"05",30.2135937710714,0.0810720451777757,10.8289359932143,7.64331830409264,0,0,3.68447420442857,2.53162487475614,0.0629891323468582
387,0.00358188548661306,30.23757587,2.174806582,0,5.99627231485714,4,1,0,981.113320128571,-9.77505578241044e-05,-0.0269245115722496,"05",30.0689447178125,0.224987875480463,10.8034916847188,6.4673403403276,0,0,4.00984961340625,1.81814408628331,0.0541679432562964
388,0.00365770375698732,29.91737144625,2.233510397125,0,5.978275958875,4,1,0,967.508580575,-2.19322874498444e-05,-0.00597828443741211,"05",29.9419137139286,0.382332541232985,10.856524582,6.511775496171,0,0,4.11937564371429,1.43410784046341,0.0546569094906064
389,0.0037377225715781,29.6052096,2.16089280114286,0,4.49088496,4,1,0,954.074094871429,5.80865271409357e-05,0.0156626411236296,"05",29.7338930290625,0.586254758784219,11.711774655625,6.27647335003849,0,0,3.64318545565625,1.23964501800294,0.0645499283235774
390,0.00381940378895236,29.127986145,2.59950170625,0,4.49706789725,4,1,0,940.7879886625,0.000139767744515195,0.0372804869306878,"05",29.5712523964286,0.755033737482847,12.5483801665357,5.74302625603863,0,0,3.37403309403572,1.43502911240027,0.0771356847549513
391,0.0039018576958096,28.6497613285714,4.20175310471429,0,4.497167225,4,1,0,927.749856671429,0.000222221651372435,0.0586389241148373,"05",29.4511540334375,0.893615306543063,13.6193147339687,2.4901116767074,0,0,3.07731182815625,1.73336913397512,0.0863189999086179
392,0.0039847376353804,28.272033145,10.457398052125,0,4.497111076875,4,1,0,914.8835369875,0.000305101590943235,0.07965762362468,"05",29.4222347189286,0.975728510252999,13.7630387546429,2.36534023022204,0,0,3.3730973335,2.25341095817638,0.0897421576842848
393,0.00406781487374254,28.1142032814286,14.1145383071429,0,4.49750501914286,4,1,0,902.170361285714,0.000388178829305375,0.100292120306201,"05",29.4594170890625,0.985950959906383,15.3681899457812,2.8684782334185,0,0,3.6177296581875,1.5535233778978,0.087558114288726
394,0.00415094570085084,28.1657129225,16.276879005,0,4.509723693375,4,1,0,889.4476390625,0.000471309656413675,0.120522338597701,"05",29.5509741139286,0.921282643801517,15.15136854925,2.69356730743353,0,0,3.40057233757143,0.73311714518483,0.0912331075223625
395,0.00423400192291402,28.3927018928571,16.7873161228571,0,3.11820552342857,4,1,0,876.694173442857,0.000554365878476855,0.140333776992769,"05",29.71499682875,0.889090978977983,13.8943328164062,4.00288955912244,0,0,3.2579342231875,1.4268904977316,0.0871825670979833
396,0.00431683974890251,28.7573558775,16.81437933125,0,2.997074376375,4,1,0,863.7741716,0.000637203704465345,0.159709744611294,"05",29.9072469817857,0.925328844098958,12.5650421210357,6.14666633689125,0,0,3.23330060846429,1.62987836894665,0.0846712926763228
397,0.00439929403559572,29.10907582,15.9018281814286,0,3.00049761842857,4,1,0,850.719632085714,0.000719657991158555,0.178630230828452,"05",29.9873602921428,0.872354429283315,12.4200963855893,6.05878817721377,0,0,3.28331516469643,1.35022728523385,0.0748001524707941
398,0.00448105901871395,29.24825985875,15.72596235125,0,4.143359704125,4,1,0,837.5172709375,0.000801422974276785,0.197045555415318,"05",30.0773105722768,0.766751320094199,15.8332737130179,2.7192198069361,0,0,3.56556588816072,1.11565549992624,0.0717810854655696
399,0.00456164678511081,29.3784801014286,16.6076766,0,4.496568012,4,1,0,824.290406514286,0.000882010740673645,0.214869843841349,"05",30.2083417670536,0.548824411423801,14.3334636749911,5.57207044070983,0,0,3.92981998829018,1.11550009414412,0.0688438903808724
400,0.00463965663786164,29.5885077725,16.37520935125,0,5.224768295875,4,1,0,810.96301885,0.000960020593424476,0.231826511094205,"05",30.3486058803571,0.363564958101684,13.7240117912054,7.10475500742927,0,0,4.22335380257589,1.4832220976789,0.066845972723642
401,0.00470994599829173,29.81604065,16.3248539657143,0,5.99490175371429,4,1,0,797.5579828,0.00103030995385457,0.246862590365167,"05",30.4847318187053,0.359562080168872,14.393266563933,4.5496181039841,0,0,4.22203163115179,1.62141100269892,0.063925329480397
402,0.00472550339126016,30.00415379,16.31404377625,0,5.55594219,4,1,0,784.033624025,0.001045867346823,0.250160240767304,"05",30.6866321330357,0.608401766595276,13.6383808082232,5.4767740923567,0,0,3.00360130413393,1.72563196605165,0.0564905547394192
403,0.00466476895954615,30.07786955,15.8833902257143,0,4.49238058785714,4,1,0,770.466720428571,0.000985132915108985,0.237224454655204,"05",30.8006130339286,0.820260305386395,14.8082355413303,4.63360247403108,0,0,2.99787642073661,1.73099642304205,0.0457303258104306
404,0.00458835905647715,30.0451222425,17.29037156,0,4.497111076875,4,1,0,756.88016435,0.000908723012039986,0.220708604413201,"05",30.8430651330357,0.915545388972785,15.557985495875,2.91552500899246,0,0,2.99561275654911,1.73641518681549,0.0351145458255687
405,0.00450872046903375,30.1579755271429,17.1524460557143,0,4.499383768,4,1,0,743.293948842857,0.000829084424596586,0.203199552193735,"05",30.8068096422321,0.860571208474249,12.926979473683,6.68265269894346,0,0,3.78932649561607,1.90571186110456,0.0253014561747442
406,0.00442775949885058,30.32137874875,17.93854031375,0,5.358205439,4,1,0,729.618203375,0.000748123454413415,0.185079848738496,"05",30.7586762242411,0.703509840659671,13.6729212272768,6.41943201805006,0,0,3.5726148255625,2.40178384986346,0.0172172287182543
407,0.00434641743754402,30.5798824942857,18.3458889714286,0,5.27542280328571,4,1,0,715.875666571429,0.000666781393106856,0.166538077707372,"05",30.7136416696875,0.508122645400419,12.0687249592232,6.01071730855205,0,0,3.37345204963393,2.24910757449592,0.0109403119844091
408,0.00426556553896413,30.82417083,15.21230407625,0,4.499050552,4,1,0,701.9901118625,0.000585929494526966,0.147760922089925,"05",30.5832781974553,0.303368015202897,10.9194779096071,6.60932953445551,0,0,3.19513179598214,1.98472279208874,0.00545011676398123
409,0.00418727007550411,30.8311051828571,15.4993022185714,0,4.497167225,4,1,0,688.066518285714,0.000507634031066945,0.129235138685073,"05",30.4107127321429,0.4403159841621,12.0289422083884,5.49066897110557,0,0,2.24577212314286,1.50048530897562,-0.0015181889080214
410,0.00413085602154965,30.80999411375,14.332964923625,0,4.49648775075,4,1,0,674.1364809625,0.000451219977112485,0.115670805345814,"05",30.0826862304018,0.656667170203991,12.5244801299643,6.9552038392675,0,0,2.68177093519643,1.47443503750672,-0.0279690193818895
411,0.00413699637101889,30.67395506,4.744190056,0,4.54450857042857,4,1,0,660.248913885714,0.000457360326581725,0.117156160951622,"05",29.7081818179911,0.808975104683378,14.6140818142277,4.18940595677388,0,0,4.20067951592411,2.97898155394597,-0.0268132180685996
412,0.00412002474593796,30.34982960875,13.09482263125,0,7.454418874375,4,1,0,646.4624291,0.000440388701500795,0.113045320412462,"05",29.4775349289732,0.961716717685774,15.4401422125357,2.58429022456706,0,0,4.49531402748215,2.73577107835086,-0.0174082570809909
413,0.0040744228247212,30.2392129328571,15.8571509228571,0,7.49235147357143,4,1,0,632.790606271429,0.000394786780284035,0.101915249601074,"05",29.3823549444196,1.09022581129978,15.8212925265625,1.63407107155215,0,0,3.74776178779911,1.88051913587729,-0.0126032565089576
414,0.00405226644124275,30.2930498025,16.8482495175,0,5.76906856275,4,1,0,619.1173072,0.000372630396805586,0.0964624908932583,"05",29.4181396467857,1.11053454135966,15.8463548286429,2.91416888170256,0,0,3.01288657701786,1.71072783048582,0.00481375468103194
415,0.00401243023688473,30.4548917828571,18.8336346328571,0,4.49182973828571,4,1,0,605.412550942857,0.000332794192447565,0.086583253283111,"05",29.5837728564732,1.0971850186615,13.8505565574152,7.25611689918161,0,0,3.07727249457143,1.65449397411881,0.00361080872163239
416,0.0039558443592198,30.7635563075,19.1378294675,0,4.51498322075,4,1,0,591.5845632,0.000276208314782635,0.0723802217996141,"05",29.7709318894643,1.16951678027074,12.8773979158929,7.33391970637671,0,0,3.87709779836161,1.955774227336,-0.00114563774965691
417,0.00389710417520318,31.1364542714286,18.2945332157143,0,6.00250523214286,4,1,0,577.614749057143,0.000217468130766015,0.0574199103148523,"05",29.8528428293303,1.28299097540467,13.002337050183,7.40387695385567,0,0,4.83687374281697,1.45045977428569,-0.0105332022329299
418,0.00382157293623627,31.4205841875,16.580389135,0,5.99806432075,4,1,0,563.4658229,0.000141936891799106,0.0378482539488108,"05",29.6914825491072,1.29001638208436,14.4906828149286,6.92942373596132,0,0,3.75335825237143,1.17848145315601,-0.0185478201142713
419,0.00373914825412099,31.5300195014286,16.9923415485714,0,5.43649848857143,4,1,0,549.252500328571,5.95122096838257e-05,0.0160439991958148,"05",29.64106356375,1.51926660547221,14.1420697003536,6.75086198076591,0,0,3.31770599994286,1.28013417828008,-0.00561808410681488
420,0.00365550213457708,31.6676934625,18.70752343,0,4.493094565375,4,1,0,534.96825015,-2.41339098600844e-05,-0.00658037945543377,"05",29.8072208897857,1.70600999138648,14.1973349341286,6.86389387509378,0,0,3.9195106665,1.71930036853863,-0.00807103418660793
421,0.00357142227023382,31.9865973228571,19.4602773014286,0,4.497167225,4,1,0,520.606555628571,-0.000108213774203344,-0.0298499340214056,"05",30.2618767517411,2.0419079422028,9.9258307382009,7.97592927374059,0,0,3.72955139786161,1.5357980454542,-0.0442394684241743
422,0.00348711452153745,32.24206361375,3.9583274185,0,4.497111076875,4,1,0,506.0683998,-0.000192521522899715,-0.0537392352416139,"05",30.2021666399554,2.03752532965808,12.4077739240625,7.04525778460256,0,0,3.74586699587947,0.864541135304226,-0.0735590280319728
423,0.00340269331183983,31.8832357857143,2.25695683857143,0,4.49606651042857,4,1,0,491.571788285714,-0.000276942732597334,-0.0782465755321748,"05",29.9800239770536,1.9423196556776,13.2059042961116,7.30554517486631,0,0,3.59701802488839,1.48043290102478,-0.0545023818836314
424,0.0033182208765186,31.2503660575,2.296606183375,0,5.084143295875,4,1,0,477.29366355,-0.000361415167918564,-0.103385084635221,"05",29.7307987871429,1.90039372762615,13.3535192734107,7.39027561708158,0,0,3.85434192304018,1.99043702901139,-0.0598886944411745
425,0.00323374919047041,30.5529798071429,2.28588421614286,0,5.99592326642857,4,1,0,463.3433344,-0.000445886853966754,-0.129171638394043,"05",28.991189272,2.166199207577,14.0990891937607,6.4724672491784,0,0,3.34248905651429,1.99331792020006,-0.0664120282346263
426,0.00314932711292222,30.155775985,2.540856028625,0,6.008760719125,4,1,0,449.6267549125,-0.000530308931514944,-0.155625026672148,"05",28.8898697793214,2.16448135600979,13.71279100555,6.01976527960482,0,0,2.72330206622143,1.29792734986143,-0.0748377124755868
427,0.00306500527293413,29.76850178,3.02912587328571,0,4.61726126514286,4,1,0,436.087026414286,-0.000614630771503034,-0.182764551115163,"05",29.3428300318303,2.06706587498389,13.1913908244866,4.30174585772181,0,0,3.43761548677232,1.50651321337237,-0.0594472639775625
428,0.00298086220554678,29.3417512225,7.348027681875,0,4.496270291375,4,1,0,422.7192476375,-0.000698773838890384,-0.210601250561266,"05",29.1443809714732,2.06889490878138,12.1549374250669,4.95736593442373,0,0,3.97548309259821,1.60787708567677,-0.0632842415831824
429,0.00289699904096259,28.8677062585714,12.1218652542857,0,4.497167225,4,1,0,409.579644457143,-0.000782637003474574,-0.239138451237634,"05",28.9222864981697,1.92939260201844,16.0642121380804,2.12533137572265,0,0,3.56172624764732,0.717743729161716,-0.0661227332237619
430,0.00281363529753467,28.65975581375,14.55209510375,0,4.497111076875,4,1,0,396.5819663125,-0.000866000746902494,-0.268336490530171,"05",28.8213444306697,1.79741927111551,15.5105121657143,2.10411064841991,0,0,3.37325010628571,0.749278437823067,-0.0683459021591868
431,0.00273117428160488,28.5601306214286,14.8574624385714,0,4.497167225,4,1,0,383.663594928571,-0.000948461762832285,-0.298082180388689,"05",28.8112696666964,1.69754530231807,15.6070686685714,2.03865654632721,0,0,3.61414135754018,0.744264428622835,-0.0970341267449413
432,0.00265098935326827,28.6018831025,17.30775935875,0,4.497111076875,4,1,0,370.745963375,-0.00102864669116889,-0.327880924596764,"05",28.8808235325446,1.58658002486493,15.6224697543304,2.80641805054563,0,0,3.8940292195,1.7158351193601,-0.117825365084619
433,0.0025804448731298,28.8502405085714,16.7870992671429,0,4.497167225,4,1,0,357.783158728571,-0.00109919117130736,-0.354852019230655,"05",29.0569282306696,1.51984489127916,15.1880685803928,2.97115905941435,0,0,3.64986667671429,1.95450610089691,-0.121242506351457
434,0.00257255791879049,29.20372081125,17.1695456975,0,4.49728253775,4,1,0,344.666274225,-0.00110707812564667,-0.357913131560822,"05",29.2921804234375,1.43204525631472,15.1151172188705,3.63193770865484,0,0,3.28661370185714,2.46073676354406,-0.103101128327029
435,0.00259429722070663,29.56713241,17.3376588314286,0,4.48014874557143,4,1,0,331.403742471429,-0.00108533882373053,-0.349498175549767,"05",29.2369806208929,1.39779611106851,13.6813107768607,4.25150674554117,0,0,2.85387155231429,2.32089075056436,-0.116408248453622
436,0.00256659615234341,29.99105287875,16.95207016625,0,5.94059904225,4,1,0,317.9446335,-0.00111303989209375,-0.360233267834968,"05",29.552560744,1.36925958843656,13.513072503275,4.4452516010218,0,0,3.3753522086,1.880953860068,-0.132767807107049
437,0.00252215920789392,30.4259900814286,17.2090522442857,0,6.01307863457143,4,1,0,304.3063728,-0.00115747683654324,-0.37769847066504,"05",30.082395035625,1.27942570833981,13.7154966662202,5.08276342086876,0,0,4.08825100822321,0.856901258727103,-0.128453965164029
438,0.00249468741105537,30.8202593875,17.72240569875,0,4.5524886765,4,1,0,290.4703781125,-0.00118494863338179,-0.388650398208709,"05",30.7733397078571,0.945315555010568,13.8103282084428,5.50172046007193,0,0,3.58444465013929,1.36177792118338,-0.128786958278576
439,0.00247018193618215,31.2070567228571,16.28938866,0,4.49733003671429,4,1,0,276.464854142857,-0.00120945410825501,-0.398522026714827,"05",30.862894966875,0.839747468546853,12.3701501594687,6.71150182743673,0,0,2.99654829109375,2.12148175016363,-0.169210544327952
440,0.00245014838422381,31.430446,17.2414153975,0,4.497111076875,4,1,0,262.305962125,-0.00122948766021335,-0.40666524497244,"05",31.1393221935714,0.75635431642095,6.80751842414286,3.39226563835104,0,0,3.81003148553572,1.49703572131709,-0.183138935173049
441,0.00240627026041513,31.4822956871429,4.42254357471429,0,4.497167225,4,1,0,248.087632742857,-0.00127336578402203,-0.424735893008873,"05",31.1865706365625,0.55434434179277,3.61290956471875,1.93692157647952,0,0,3.927126420875,1.26491860427882,-0.188226202748099
442,0.00237367866628412,31.023936155,2.4868250245,0,4.497111076875,4,1,0,233.9474686,-0.00130595737815304,-0.438372899741879,"05",31.11357799,0.542420065905224,4.63819143032143,2.4331396959462,0,0,2.81688708632143,1.54588228099075,-0.212697766296654
443,0.00240555733071225,30.4655642828571,3.13507159514286,0,4.497167225,4,1,0,220.0699901,-0.00127407871372491,-0.425032216875413,"05",30.930838275,0.623527762747621,8.11076760290625,7.07255329918357,0,0,2.8350524340625,1.28737635013114,-0.211235725995711
444,0.00241808634094009,30.08645224,7.0436164355,0,4.497111076875,4,1,0,206.3896771,-0.00126154970349707,-0.419837373003321,"05",30.7413282453571,0.860342126785756,9.12848720335715,7.37758353960078,0,0,3.403443744,1.38369986250929,-0.21325374559548
445,0.00236253955667535,29.7298250885714,10.991886049,0,4.497167225,4,1,0,192.885536357143,-0.00131709648776181,-0.443076707359047,"05",30.5356722375,1.07415064830094,11.7284434138438,6.30256798140126,0,0,3.7502641554375,0.862404967822885,-0.22238172966533
446,0.00229543078603442,29.52145901375,14.31349696375,0,4.497111076875,4,1,0,179.5075462375,-0.00138420525840274,-0.471893297702489,"05",30.2007577542857,0.974259852128444,15.6903443039643,5.51074326797903,0,0,4.056031583,0.716104181661665,-0.189828344221206
447,0.00226491008145698,29.4620044742857,15.1838101571429,0,4.497167225,4,1,0,166.191330057143,-0.00141472596298018,-0.485278770335418,"05",29.6670657615357,0.833507306222467,14.1752281086429,4.6846810323158,0,0,4.23236875085,0.69415214854421,-0.206955908731751
448,0.0023199189246919,29.49795211625,15.08933287375,0,4.497111076875,4,1,0,152.8792494875,-0.00135971711974526,-0.461281591579208,"05",29.5995574847024,0.924971140188033,16.0480545718095,5.10827907554253,0,0,3.49568356816964,1.22808200544333,-0.246057720002846
449,0.00239564217891551,29.6171164271429,14.0333824442857,0,4.497167225,4,1,0,139.5317189,-0.00128399386552165,-0.42916250367531,"05",29.2084756257441,0.806236613718293,15.548356952753,5.72661894152786,0,0,3.49779723323214,1.22390872069003,-0.244479599272437
450,0.0024751592894426,29.7282958175,10.231832446125,0,4.497111076875,4,1,0,126.1232363875,-0.00120447675499456,-0.39650907977639,"05",28.79268955375,0.808726086710797,12.9180199140952,8.49742646690696,0,0,3.49778113376488,1.22396777536191,-0.233118286499265
451,0.0025559000083367,29.6215669528571,2.19548265685714,0,4.497167225,0.571428571428571,0.142857142857143,0,112.7018279,-0.00112373603610046,-0.36440941899208,"05",28.2564284764286,1.13033078899181,13.2627874903429,9.14747351119704,0,0,3.29748049950357,1.25485311513062,-0.236810356326071
452,0.00263700687498941,29.11872235875,2.2131297245,0,4.49695218775,0,0,0,99.43616349875,-0.00104262916944775,-0.333169321083425,"05",27.4777029298214,1.43736048098368,13.9803958472893,10.7023987043705,0.101653051564286,0.226876110157343,3.14222273400357,1.54600459186532,-0.225457003118748
453,0.00271784250452972,28.61051341,2.16370077357143,0.507500943571429,4.49496306128571,0,0,0,86.3959966657143,-0.000961793539907445,-0.302975468007614,"05",26.4301416386786,1.5338165236431,14.7714184998286,11.3503834037072,3.43855298105357,7.30838247222021,3.42904025387857,2.4340338020614,-0.214242055481161
454,0.00279749807129612,27.80386210625,2.3435952775,16.501205914125,6.654924831875,0,0,0,73.62387591,-0.000882137973141045,-0.274088365986707,"05",25.0471002048571,1.31434359952677,15.0593785189393,11.7638530973987,4.25088297113214,8.36042317904228,3.71507253521429,2.22019633528181,-0.202400545862923
455,0.00287383149936461,26.1191618871429,2.19229645371429,19.1143052142857,7.03087843214286,0,0,0,61.4270680585714,-0.000805804545072555,-0.247167682072897,"05",22.97952118575,1.6279599696839,14.4900885437357,11.3191429763062,3.35889466892143,7.50696356410848,5.01625939268929,1.67967033320424,-0.162715864175591
456,0.00293030050669344,25.057154975,2.135289243,16.78775832875,7.460331842375,0,0,0,49.8948252025,-0.000749335537743724,-0.227708859590797,"05",21.5863477635,1.69610579496075,14.8420995659107,11.6433570338296,5.495608462925,10.0205366088531,11.2854873155786,11.9195554563649,-0.159259074622955
457,0.00290571797301839,23.5165835757143,2.09731172571429,23.09668574,29.8426514085714,0,0,0,38.8825340928571,-0.000773918071418774,-0.236133328535344,"05",20.1478777517143,1.61689408096504,10.6037861990321,11.2454383824619,9.74457379935714,9.27291706710302,29.9273351265143,26.0841359690008,-0.176289002127496
458,0.00283752534468024,21.50798005375,2.27292645725,20.3806611175,51.4534135275,0,0,0,28.77989210375,-0.000842110699756924,-0.25988152344275,"05",17.6427505345153,2.2470352680073,13.8049058842781,10.7555185973787,6.95430538765307,8.69198429532427,18.616647767602,26.7476087329891,-0.18753325747176
459,0.00276801730417573,20.4442641485714,2.22015067985714,16.8680773814286,39.34758392,0,0,0,19.5528302042857,-0.000911618740261435,-0.284682548126858,"05",16.0848162209949,2.37066198143223,13.4389123415893,10.4464489173379,6.8297760546097,9.16623376267545,9.5354735838495,17.2061286720541,-0.203550259820785
460,0.00273577273492785,19.01305193875,2.202896785625,21.37196185,12.067421016125,0,0,0,11.065224824875,-0.000943863309509315,-0.296399905354626,"05",13.8295207947179,2.64164102597395,12.6579834300696,9.24507665355268,7.73426182617321,10.806525723836,-6.38665021566785,74.5366604727902,-0.193972473422541
461,0.00277307593456151,17.1482669157143,2.19405637542857,22.4866541428571,-37.4179406428571,0,0,0,3.35530317242857,-0.000906560109875654,-0.282856687636662,"05",10.0355091711744,4.35680949114267,12.171984272592,8.47705958087584,8.98993670473901,12.0586280310054,-80.1674653082473,127.920242061332,-0.225178622245491
462,0.00276674008122489,14.775604535,2.145218230625,26.47387660375,-127.85992689375,0,0,0,-3.613434559375,-0.000912895963212275,-0.28514407618976,"05",5.50589801473413,4.6812903884913,5.89042715265807,6.92711544981191,16.4006258263843,21.5555971106126,-246.205684827945,220.988085729295,-0.21704667702226
463,0.00273395951238262,11.9485690742857,2.13839927585714,26.5774664628571,-268.733428457143,0,0,0,-9.581645102,-0.000945676532054544,-0.297062907660174,"05",4.41835927669075,4.28265858354215,4.52172643213555,5.78017074690648,18.0392689043531,22.9930682913935,-281.661214019025,224.396057363445,-0.205609072144409
464,0.00273018179051022,9.044083128125,2.085149376375,25.6665874675,-436.102434,0,0,0,-13.71163127,-0.000949454253926944,-0.298445639960317,"05",7.61197705904082,2.5121645813463,3.66565058055868,4.08470080820207,10.8161398209974,8.0535263372384,-504.599399412245,108.206279298295,-0.0704156703819303
465,0.00275965819083096,6.54359366442857,2.00706656157143,18.4859150142857,-570.510096614286,0,0,0,-15.4637892614286,-0.000919977853606205,-0.287707009103941,"05",9.6661069466131,0.99920419273106,2.30782569583333,0.150099007830017,9.98350439625595,9.18397607962532,-457.695423447619,48.2336415925238,-0.0914072933832774
466,0.00282586138646684,4.986014646875,1.897609382125,17.3293000175,-623.0737723,0,0,0,-15.29008898875,-0.000853774657970324,-0.264000604426231,"05",8.88547862606697,1.76156984302891,2.23263591226786,0.193994387319658,12.1091070507634,8.61992020458908,-485.899091739286,68.7951820595709,-0.0856337723326696
467,0.00290305015012625,3.91544456514286,1.91433978428571,9.91672046242857,-623.590040385714,0,0,0,-14.2410099042857,-0.000776585894310915,-0.237051878882443,"05",8.22806580802381,2.09399525999659,3.95753571327084,4.39386875238273,10.9660430474256,8.81149178903579,-484.767625916667,103.665833521297,-0.0646275617018264
468,0.00298125936199458,3.1138306255,1.9255300565,16.34771693875,-573.9228724125,0,0,0,-12.98288185375,-0.000698376682442584,-0.210468024014117,"05",4.18546975116071,4.33160872872135,2.60568268482262,2.87609930140729,21.0370136444798,26.6167320499822,-273.98848166563,257.241063406639,-0.187130826488767
469,0.00305767199928919,2.23264289271429,1.93827407757143,17.9133848357143,-366.614373242857,0,0,0,-11.8839967314286,-0.000621964045147974,-0.185159998918788,"05",4.46207866258234,4.50855605009571,3.45192155518949,4.65403133293295,19.6204148838224,24.6701676598552,-291.365110310941,243.877931319472,-0.192978670313589
470,0.00312406508331451,1.283260433375,1.945116546,25.78306315125,-206.01777575,0,0,0,-10.97488399375,-0.000555570961122655,-0.163678776400943,"05",4.32627975001607,4.29441865872482,4.08197519729911,5.43767189235346,18.5540426372259,23.7438341765243,-294.339332417615,231.338625434791,-0.218270779050058
1,0.00601279044942687,0,2.369334924,0.00132689742857143,-2.99911448642857,0,0,0,-18.09269956,0.00121461723454295,0.225653672409746,"06",10.5108915910714,4.43499684853972,7.67927977928022,7.95871528876792,10.0705815070495,13.8524145787182,68.123129745945,150.301292061561,0.209897808670333
2,0.00598428916702493,0,2.359155864,9.02858229575,-2.998074051,0,0,0,-18.0921122525,0.00118611595214101,0.220902293497971,"06",8.03774062846638,5.98939503461393,6.3482486907437,7.32359342945511,17.9047151180966,22.6861729551131,50.8595741583613,134.06438246015,0.207572555034324
3,0.00601149344338247,0,2.02824360828571,62.5634034314286,-2.99811148314286,0,0,0,-18.09233814,0.00121332022849855,0.225437941304357,"06",9.10943937892857,5.52608763756962,6.93524611775714,7.62615126999636,12.4269013398429,17.6942586436656,58.3404195668476,141.529082521063,0.208423221952143
4,0.00605996672491326,0,1.9581032185,63.83108891375,-2.998074051,0,0,0,-18.0921114,0.00126179351002934,0.233469039545926,"06",7.19166266757519,6.18948518999636,5.90127311053383,7.03387927388946,19.4175553540602,23.1962299651668,44.9536579743825,127.631271298584,0.206351168438317
5,0.00607051297245082,5.08571428571429e-06,1.90545237257143,63.74975172,-2.99811148314286,0,0,0,-18.0893234271429,0.0012723397575669,0.235207841354914,"06",6.50674440573129,6.25764785314315,5.52018694383333,6.78062585632053,22.5192967910629,24.3773880203195,40.1729472678495,122.02152339316,0.201264738453072
6,0.00602359823095275,0.001397904875,1.89978438525,63.66239643875,-2.99756505575,0,0,0,-18.08093104625,0.00122542501606883,0.227449524062257,"06",4.88013488764541,6.10226203481979,4.60394456597258,6.05549636034278,31.0450424257015,25.9009225321632,28.5682903143718,107.000199807155,0.182022246146101
7,0.00596362563595196,0.000128674571428571,1.88755345557143,61.3243955642857,-3.288393661,0,0,0,-18.0811081042857,0.00116545242106804,0.217443354985302,"06",5.25552492998077,6.17777052173687,4.81538016400618,6.24111935236815,29.1463149171772,25.8752790931844,31.1806041381264,110.748598752414,0.189335404268673
8,0.00593066941949101,3.0625e-06,1.8897037985,55.18154870625,-7.45233100625,0,0,0,-18.08847366125,0.00113249620460709,0.211901824345675,"06",6.2109835275487,6.26242137379481,5.35588082695779,6.66193923964725,24.3934083787419,25.361970850791,38.2106264155316,119.43598968418,0.199959234495309
9,0.00596562868938944,0,1.863292368,55.4132334785714,-7.49542132742857,0,0,0,-18.0923321957143,0.00116745547450552,0.217779177052313,"06",8.54009941774553,5.80415105494549,6.62855846091518,7.46899511860577,15.560432720567,21.1971375184496,54.5067613762232,137.587305911304,0.207891511972386
10,0.00603694625620581,0,1.8448054935,55.52481242375,-7.495185127875,0,0,0,-18.0921122525,0.00123877304132189,0.229663027854879,"06",8.03774062846638,5.98939503461393,6.3482486907437,7.32359342945511,17.9047151180966,22.6861729551131,50.8595741583613,134.06438246015,0.207572555034324
11,0.00611679689515165,0,1.82871971171429,55.4846336085714,-7.49527870814286,0,0,0,-18.0923724242857,0.00131862368026773,0.242803306631181,"06",9.76011362028061,5.10367786493982,7.29999800390306,7.77706360260374,9.35134903493368,13.5783210399642,63.0429694436326,145.650477822076,0.209434400913291
12,0.00619972370540013,3.26250000000002e-06,1.831419608875,55.37483196375,-7.495185127875,0,0,0,-18.08455523125,0.00140155049051621,0.256269457459111,"06",5.94094089863354,6.25400017285845,5.20517747789441,6.54877553368761,25.7320231755901,25.5969786913686,36.2252804406716,117.077774690086,0.199481530901294
13,0.00628359915133398,0.00198512785714286,1.82352155585714,55.4072668471429,-7.49527870814286,0,0,0,-18.0811483328571,0.00148542593645006,0.26970765941405,"06",5.69340183046131,6.23559043400971,5.06460423335193,6.44174606313004,26.9671402084301,25.7552027446345,34.4035943753155,114.851577439347,0.197115367294718
14,0.00636716080695946,0.002953508875,1.826498249625,55.193003145,-7.495185127875,0,0,0,-18.08091664125,0.00156898759207554,0.282918386653275,"06",4.7119025778947,6.06040005097216,4.51069766318904,5.96754407582888,32.1697787709791,26.1454490274595,27.4798125429883,105.235484065188,0.179631336782093
15,0.00644895132504905,1.91205714285714e-05,1.82586110785714,55.1855559971429,-7.49527870814286,0,0,0,-18.0811423885714,0.00165077811016513,0.295682261748391,"06",5.46574516235714,6.20952246055665,4.93496092625214,6.33934327601594,28.1047452739786,25.8465729068456,32.7276394519771,112.745222786837,0.193959180680835
16,0.0065255542149747,0,1.8230101275,50.13260450875,-7.495185127875,0,0,0,-18.08096053875,0.00172738100009078,0.307490616003486,"06",5.06088062422487,6.14165309845807,4.70694213776786,6.14580516959394,30.3380956818849,26.1175827603419,29.9039745900106,108.800348346581,0.187996930425024
17,0.0065850516439522,4.18364285714286e-05,1.84163350185714,40.1405919714286,-7.48953483742857,0,0,0,-18.0901665871429,0.00178687842906828,0.316566906932326,"06",6.83207953419643,6.23533688718582,5.70411461593214,6.90281939679761,21.6382320320446,24.6652380442801,42.5560713731134,124.68903332803,0.205382673041617
18,0.00658344265494983,0.260255087625,5.095018881875,8.357242485375,-8.59374403275,0,0,0,-18.05569552,0.00178526944006591,0.316322537462375,"06",4.55493760892738,6.01673421289263,4.42122434940357,5.88419585983556,32.9372195834464,26.0323181332205,26.3139792872928,103.602135916412,0.173893167344805
19,0.0065287757463688,1.61316023014286,19.7106006,0.00263913342857143,-80.5579316742857,0,0,0,-17.7096224214286,0.00173060253148488,0.307984173531093,"06",4.28852113763869,6.02429787634548,4.18724164365178,5.70454790553874,33.2157943329589,25.7104250677776,25.3042346310583,103.796108869998,0.165514969102595
20,0.00646311509633329,4.70133965825,23.7080835075,0,-141.5525031375,0,0,0,-16.28527390875,0.00166494188144937,0.297876144010705,"06",4.35034253180357,6.12915566538619,4.82374369502592,6.62080548548861,32.1444022297483,25.9726023108409,10.5458472713237,79.1537088614439,0.156729591607775
21,0.00641004612620107,7.99281399171429,22.8058323614286,0,-84.6851823871429,0,0,0,-13.4453989557143,0.00161187291131715,0.289631196398848,"06",4.02437178580535,6.07729483838702,5.54267481734345,7.5428864341843,32.6714323871482,26.2475440334824,-0.0325644801738241,64.3303479338864,0.146841296841974
22,0.00641594068890542,10.06107745825,22.44435451125,0,17.387314935875,0,0,0,-9.4248693685,0.0016177674740215,0.290550355776198,"06",4.42660657315332,7.14252505138213,6.43005087385099,8.38630432236969,33.467599153061,26.0366968439188,-7.21530485155788,38.9903943174125,0.151380357028495
23,0.00646597744249754,11.7247758185714,19.6143475742857,0,88.3300329357143,0,0,0,-4.58711802271429,0.00166780422761362,0.298318920045936,"06",3.84768741412819,6.64312327151443,6.52967430321556,8.47584576325132,33.4930556503131,26.5141067331802,-9.84258192678125,36.3475312762424,0.127826505094924
24,0.00650528680623672,13.0921651525,21.86265579875,0,86.52365456375,0,0,0,1.03143907325,0.0017071135913528,0.304379930402024,"06",15.978720728746,5.20336539407295,13.7703225839583,10.3701215364028,10.0761369413294,11.9586111213832,8.98155585397023,44.1253331989847,0.129830922754173
25,0.0064942629784036,14.5967230757143,30.00179958,0,19.543311084,0,0,0,7.22651785371429,0.00169608976351968,0.302683897771868,"06",17.79028821875,4.17874413633208,15.1986568511352,11.88523198641,8.97583668943877,11.2481897733137,23.3791570796633,44.9021933149421,0.109198286388592
26,0.0064390089155309,17.18886145125,30.354470305,0,-30.54844884125,0,0,0,14.31068201625,0.00164083570064698,0.294139362616082,"06",19.2514104402679,4.74398294755362,19.5865223380982,13.2176786744746,6.49496433872023,10.072180318365,8.49810464462499,41.5204296170735,0.121379030149838
27,0.00638040166550009,19.7244683257143,24.74582207,0,-21.6389014505714,0,0,0,22.6390105585714,0.00158222845061617,0.284995781939364,"06",22.7908420170357,3.93450481353565,13.5982382842571,14.5972234039951,7.31415232799286,9.09743881008419,-19.3966772531143,9.27333189579102,0.098824748037329
28,0.00636098846645795,21.4179954675,25.5436376375,0,0.291574369375,0,0,0,31.9427071425,0.00156281525157403,0.281948514167374,"06",23.4402955716072,3.14335724540788,14.4458983878125,13.3030577395982,5.45714946003572,9.10095207654581,-21.0275343560937,8.79367119575215,0.081567992605993
29,0.00640792356768794,23.3182710885714,35.4203353928571,0,3.02208302914286,0,0,0,42.0100744185714,0.00160975035280402,0.289300011577835,"06",24.82906832375,2.70601527957226,15.5484879441607,12.0380841530665,4.66097114146875,9.32131275298361,-6.11736932215625,6.24188061683692,0.0904790683131963
30,0.00648103569503334,26.37270899,35.6709259475,0,1.00064503525,0,0,0,53.22248086,0.00168286248014942,0.300645056419342,"06",25.9101116045536,2.18032713173958,20.0649313449018,14.9911165169381,0.10836384125,0.2167276825,2.53588612996429,0.61435087344779,0.0868104105143869
31,0.00656007752688019,28.48846137,11.5317780677143,0,3.00917830042857,0,0,0,65.7304034514286,0.00176190431199627,0.31276715016831,"06",27.1500410745536,1.5703445793357,16.6221420255982,12.7709901640333,0.000401376375,0.00080275275,2.49850608454464,0.998574355910133,0.0829727056240515
32,0.00664063219227216,28.33883287,17.67599519625,0,3.31079186625,0,0,0,78.5719270925,0.00184245897738824,0.324971897610981,"06",27.8759117992411,1.10078599376168,8.56558772404912,3.38110120398516,0,0,3.00092599492857,0.00550227550885055,0.0802734864898537
33,0.00672027998424781,28.5898045171429,20.8563626685714,0,3.44553397185714,0,0,0,91.4046268514286,0.00192210676936389,0.336894546786491,"06",27.942909405625,0.602877117390255,13.1877151438572,5.10532434012415,0,0,3.19783006459822,0.24129948910666,0.0793815555374534
34,0.00679580091219908,29.1220078575,18.694303985,0,2.997406495375,0,0,0,104.451444335,0.00199762769731516,0.348069637161948,"06",28.1125725132143,0.415332494964599,15.8928272989553,5.43737776669618,0,0,3.85719688881696,1.43546897515793,0.0801712519385656
35,0.00685844315978644,29.5384627271429,18.1297334985714,0,2.99811148314286,0.714285714285714,0.714285714285714,0,117.703698728571,0.00206026994490252,0.357245199841429,"06",28.3718052342411,0.513801259655152,16.2010122910982,4.31301316327279,0,0,3.02636946384375,0.0570367308934874,0.0815324237434178
36,0.00686944557387915,29.72871351125,9.2985276605,0,2.998697377375,1,1,0,131.1209162375,0.00207127235899523,0.358848128959178,"06",28.6552673562947,0.626728411830588,16.9640342648214,4.59557371065544,0,0,2.99788113382589,0.000460698633930168,0.0818954818937458
37,0.00681689497130897,29.1712615357143,10.8710120838571,0,2.950770138,1,1,0,144.449960742857,0.00201872175642505,0.351168813969296,"06",28.8244080495982,0.725182039350488,13.7075942578929,3.10303412324026,0,0,2.99851441941518,0.000550217426537243,0.0803859406729172
38,0.00674391471331897,28.7614083875,12.15570128125,0,0.040925142875,1,1,0,157.5213118,0.00194574149843505,0.340405303059199,"06",28.5222210578929,0.556951957166613,14.56809057545,2.16196051282086,0,0,2.87122179755714,0.258063469676948,0.0920860878096122
39,0.00667163847512828,28.5110120971429,17.4472278171429,0,-0.000142619142857143,1,1,0,170.457459042857,0.00187346526024436,0.329630207111178,"06",28.4152267205,0.437174651008653,13.9380376565357,1.25560855796503,0,0,2.10697559280357,1.32472567178887,0.0900960910353274
40,0.00661994042177401,28.53290265375,18.74948811125,0,0.005877949375,1,1,0,183.3314510875,0.00182176720689009,0.321851099198716,"06",28.3980682630357,0.28583039878314,13.7954002321572,3.31666279439279,0,0,2.09863828472857,1.34084783994152,0.0908863289256281
41,0.00656699998213215,28.8162504342857,18.8710396928571,0,1.198588407,1,1,0,196.274611071429,0.00176882676724823,0.313821833632078,"06",28.5045356771786,0.222133859817145,13.7524123319107,3.6531360253358,0,0,2.09973835490357,1.33840002461307,0.0929175135771687
42,0.00649036041487948,29.14981369125,17.8537824,0,1.498438771625,1,1,0,209.3661631125,0.00169218719999556,0.302082792377693,"06",28.6702716403571,0.18615729441015,13.8852223289571,3.4392504958121,0,0,2.40887550686786,0.98450618051955,0.0928461608260931
43,0.00640513536267202,29.44180741,18.8024752071429,0,1.49905574157143,1,1,0,222.598846842857,0.0016069621477881,0.288864798560934,"06",28.8582638422143,0.203497215852461,13.8729292674071,2.97564301817242,0,0,2.781274418375,1.26855480698346,0.0795432836101822
44,0.00631757898602198,29.58017013875,14.7101841375,0,1.4990370255,1,1,0,235.9436870375,0.00151940577113806,0.275100792681335,"06",28.9806093869643,0.275737610522838,15.0890028432357,2.76004601764398,0,0,3.28924087552857,1.23972074693928,0.0745241193273911
45,0.00622939721335933,29.4143185357143,17.6427911428571,0,1.49905574157143,1,1,0,249.265126442857,0.00143122399847541,0.261044302607566,"06",28.9774132095357,0.376877835067197,15.47983928075,1.09475861411855,0,0,2.98370267216786,1.04055022983376,0.0668092982843923
46,0.00614163184808886,29.43954536875,12.86868481275,0,1.4990370255,1,1,0,262.5548395,0.00134345863320494,0.246855210350718,"06",28.9254356687947,0.432660159254101,16.4616010252678,1.64001595376004,0,0,2.62337169692857,0.749543973852424,0.0572803803297431
47,0.00605641172388766,29.03830346,12.7374770724286,0,1.49871794742857,1,1,0,275.790291771429,0.00125823850900374,0.232882230362975,"06",28.9361245665179,0.543399644028773,15.2879787743929,2.09526683533215,0,0,2.62333351069643,0.749530990338663,0.0477670808604568
48,0.00598427145815574,28.69310738875,11.478674157375,0,1.486411837375,1,1,0,288.8057567625,0.00118609824327182,0.22089933426679,"06",28.92216052125,0.560266670369496,14.5884953246697,1.93956030249594,0,0,2.62327296586161,0.749703347132706,0.0402419335497601
49,0.00593432533916421,28.3355593471429,9.48643373614286,0,2.89264978757143,1,1,0,301.706872642857,0.00113615212428029,0.212518077416433,"06",28.9021120882143,0.694524246248275,14.3185792052812,2.29179453984728,0,0,2.68092475887947,0.804539283526718,0.0342289667502748
50,0.00587871270937124,27.962393675,16.8759927825,0,0.267586050375,1,1,0,314.3977130125,0.00108053949448732,0.203102541891816,"06",28.8553280795982,0.837584028005434,11.8906720972545,2.99180938482002,0,0,3.34173501574107,0.759208729765286,0.0280174472530298
51,0.00580082925119582,27.9778595771429,16.8973497485714,0,0.963040906142857,1,1,0,327.026847685714,0.0010026560363119,0.189765612831981,"06",28.6647712749643,0.699494708312037,12.6757648418143,4.71784917119275,0,0,2.43747720997857,1.21338466394957,0.0212381535445851
52,0.00571383292398454,28.13326853,16.707149985,0,3.000161584,1,1,0,339.6988566875,0.000915659709100621,0.174654795034227,"06",28.58214243425,0.500191121098007,12.7083737984964,5.0195707808428,0,0,2.06891105402143,0.911189906264887,0.0157377970266827
53,0.00562476576339838,28.25479308,16.24166676,0,2.99811148314286,1,1,0,352.441661557143,0.000826592548514461,0.15894403685588,"06",28.4933827822857,0.260786904450304,12.98967912475,5.16155727392951,0,0,2.57573227904643,0.658222310492797,0.0135114873436775
54,0.00553498240638057,28.3067168925,15.51633507875,0,2.998074051,1,1,0,365.211129,0.000736809191496651,0.142853119526533,"06",28.3150202074286,0.246532606427781,14.6950891067857,3.48546275393252,0,0,2.69847798712143,0.670497541933967,0.015350994358695
55,0.0054450163135863,28.3055830857143,16.5773569042857,0,2.99811148314286,1,1,0,378.006540414286,0.000646843098702381,0.126465484729569,"06",28.1579185962857,0.391006087531431,15.6477339461071,1.55880500407213,0,0,2.69828161875714,0.670398108304271,0.0193103475798861
56,0.00535516434567475,28.28745404375,15.536226,0,2.998074051,1,1,0,390.7890112125,0.000556991130790831,0.109826126154126,"06",28.20699382675,0.446922047241927,14.3263702675071,2.31163579928565,0,0,2.69828536197143,0.670389738222677,0.022300825543851
57,0.00526569367363799,28.2657908942857,16.5950793457143,0,2.99811148314286,1,1,0,403.566816871429,0.000467520458754071,0.0929776216927767,"06",28.4453979965,0.416135192524036,11.7308677440964,4.46437920485642,0,0,2.69888755758571,0.669658683671722,0.0235368633577335
58,0.00517701457345291,28.26907538875,15.7641920775,0,2.998074051,1,1,0,416.3330090875,0.000378841358568991,0.0759932861866259,"06",28.6190969725714,0.54968993866909,13.5937892887,4.06730602265113,0,0,2.7999590431,0.278956216304045,0.0239376839881523
59,0.00508978668221768,28.3171028714286,15.56267528,0,2.99811148314286,1,1,0,429.118607457143,0.000291613467333761,0.0590006540568231,"06",28.73412056825,0.589857063524086,14.6544023342143,2.30806999640021,0,0,2.69838250830357,0.670087676616631,0.0241890202384995
60,0.00500596331334764,28.30466696875,15.84491663,0,2.998074051,1,1,0,441.90547295,0.000207790098463721,0.0423945983391185,"06",28.7563803766518,0.570816157985542,14.3265591903125,2.24535107282847,0,0,2.62340003423215,0.74942289782143,0.03745622573924
61,0.00493267658188138,28.3302534085714,16.1044039271429,0,2.99811148314286,1,1,0,454.696081542857,0.000134503366997461,0.0276464921350987,"06",28.8835755054911,0.606027100579776,14.8074247309063,2.1168173722484,0,0,2.78496846114286,0.426211179714285,0.0377301656518371
62,0.00489372053728978,28.3706095225,15.805098855,0,2.998074051,1,1,0,467.4964188,9.55473224058612e-05,0.0197175946124624,"06",28.9412414404018,0.555525631427022,15.309496031384,1.82174065771773,0,0,3.37189689210715,0.74757081792857,0.0350066887363095
63,0.00487913002361706,28.3687390885714,16.10687538,0,2.99811148314286,1,1,0,480.316155242857,8.09568087331413e-05,0.016731664535321,"06",29.0115183997768,0.520631412854957,15.46213320125,1.7521218912068,0,0,3.3728473445,0.749546587,0.0304190819488356
64,0.00486906837315501,28.4055137375,16.09410787875,0,2.998074051,1,1,0,493.1284741875,7.08951582710912e-05,0.0146673541019204,"06",28.9823234713839,0.490523598435137,14.5366613052812,2.44639647879241,0,0,3.37334223632589,0.75046150636607,0.0264263921468156
65,0.00488040005522986,28.4314836314286,16.6745252714286,0,2.99811148314286,1,1,0,505.9676547,8.22268403459408e-05,0.0169919294422751,"06",28.8623828780803,0.490151074668264,15.2959642161607,0.534727476385233,0,0,3.15174419217857,0.307340282357145,0.0235921434312272
66,0.00490297374969541,28.464840925,17.29431353125,0,2.99823294025,1,1,0,518.8084337,0.000104800534811491,0.0216066430398882,"06",28.8442576235268,0.506004323745607,14.9873016147143,2.40112189135643,0,0,2.99786134373215,0.000500278821430111,0.0198219339334566
67,0.00491811775787718,28.4915247914286,16.6846540014286,0,2.99572534842857,1,1,0,531.678117514286,0.000119944542993261,0.0246906220180882,"06",28.8596254979911,0.461705752285775,15.5848624228125,1.75277540388659,0,0,2.99812313134822,7.53025824279924e-05,0.0135205228152214
68,0.00494706317225562,28.5175705875,17.0946543375,0,1.8527883985,1,1,0,544.5489980875,0.000148889957371701,0.0305588361056159,"06",28.9065266037053,0.432925224387307,15.0873277680804,1.82141815513365,0,0,2.99750559142857,0.00118695983676642,0.00528430584875199
69,0.00494581566768585,28.6258565985714,17.1939560742857,0,1.49855424,1,1,0,557.457371785714,0.000147642452801931,0.030306633572593,"06",28.9694214299107,0.418507060561316,15.1549612226339,1.59012551426062,0,0,2.71176199591071,0.572649065212345,-0.0133316029250705
70,0.00488796259175184,28.77055772375,16.94742149125,0,1.4990370255,1,1,0,570.4122755125,8.97893768679213e-05,0.0185403031362812,"06",28.9922353129464,0.456475165429819,14.4118337844107,2.13467990901992,0,0,2.62321281432143,0.749772383088597,-0.02462227280505
71,0.00481039113740759,28.9203597857143,16.7586852914286,0,1.49905574157143,1,1,0,583.447311528571,1.22179225236713e-05,0.0025431330647061,"06",28.9639609467411,0.549838878260102,15.6911382335938,1.17894247665416,0,0,2.62332415266071,0.749524751648188,-0.037248811622101
72,0.00472771302159219,29.06277951125,16.75105836125,0,1.4990370255,1,1,0,596.53831355,-7.04601932917286e-05,-0.0147936843028456,"06",28.9931765069196,0.506436615144101,15.6125837621429,0.842355298833828,0,0,2.62333818971429,0.749521632302951,-0.050093073661656
73,0.00464401941015257,29.2406969514286,18.26149898,0,1.49905574157143,1,1,0,609.709988242857,-0.000154153804731349,-0.0326550211041594,"06",29.0656087085268,0.477074506101453,15.0822600915178,1.32391688958711,0,0,2.62332415266071,0.749524751648188,-0.0625107019146453
74,0.00456179606760579,29.4500244025,17.422838535,0,1.4990370255,1,1,0,622.9593972625,-0.000236377147278129,-0.0505188437093071,"06",29.1597551209375,0.453032269639697,15.3987827752679,2.17658990671327,0,0,2.62381904455804,0.749842729057015,-0.0737861701782153
75,0.0044859475899117,29.6486209742857,17.2916890185714,0,1.49905574157143,1,1,0,636.313662571429,-0.000312225624972219,-0.0672855107954575,"06",29.231927064375,0.44832127566141,15.7451212419643,1.49559235101209,0,0,2.40222100033928,0.732363303704664,-0.0821360504554296
76,0.00443827374939956,29.88182340375,15.760294732375,0,1.498878136375,1,1,0,649.7532032375,-0.000359899465484359,-0.0779697578888623,"06",29.2722854583036,0.432313230047086,16.0954698520536,0.84739099452836,0,0,2.24833815196429,0.865763761964523,-0.0869425437814351
77,0.00442952926783388,29.7526378414286,4.816080904,0,1.50144187657143,1,1,0,663.2617311,-0.000368643947050039,-0.0799419451793986,"06",29.2997364266518,0.484579998869755,16.3618495880045,0.899942312007453,0,0,2.24852049498661,0.86550989770984,-0.0892852831834865
78,0.00442897796127468,28.96601255375,12.3568082285,0,2.784947678625,1,1,0,676.5188523625,-0.000369195253609239,-0.0800664145811174,"06",29.2308638410268,0.472323019051124,13.5351566548839,5.84155891489561,0,0,2.24921833233929,0.864747805104204,-0.0904537869929005
79,0.00443677913600961,28.6912893785714,15.18120137,0,2.99639644185714,1,1,0,689.522981042857,-0.000361394078874309,-0.0783065701624786,"06",28.9614064532143,0.351213362617127,14.6642404312768,1.56141006366628,0,0,2.56578326069197,0.729449355388345,-0.0895125549261312
80,0.00444829399914023,28.7739505225,16.67624011625,0,2.135155533875,1,1,0,702.499385625,-0.000349879215743689,-0.0757146119100449,"06",28.8010043451786,0.386742346742904,15.8884185450893,0.596152256967586,0,0,2.98382896500447,0.027433591085476,-0.0855685021470073
81,0.00446347307528021,28.8975539085714,16.1785056028571,0,1.49768562642857,1,1,0,715.525711085714,-0.000334700139603709,-0.0723080842592925,"06",28.7924849284821,0.441839198813883,16.2985820499107,0.674416159452729,0,0,2.78231307686161,0.431438366039545,-0.0807389026706652
82,0.00448522006854518,29.02763830375,16.8933271075,0,1.939242938125,1,1,0,728.6033843625,-0.000312953146338739,-0.0674477018010418,"06",28.7909790171875,0.512871531011082,16.0851647613839,0.346173663265904,0,0,2.62299566092857,0.750206689874191,-0.0781024530972189
83,0.00447719715785226,29.1727834614286,16.3988839571429,0,3.00289812057143,1,1,0,741.755372014286,-0.000320976057031659,-0.0692380475201109,"06",28.8153879905357,0.574528941951194,15.8058299370536,0.785207622591777,0,0,2.73337563081696,0.529421795422043,-0.077132718052003
84,0.00442432109774548,29.31261301125,12.45337389775,0,2.998074051,1,1,0,754.96107425,-0.000373852117138439,-0.0811184210303386,"06",28.9707451068304,0.630420606283081,13.7330824629732,3.79594990682108,0,0,2.99933948739286,0.00237401410696198,-0.0769610269852743
85,0.00435676486531356,28.9557240642857,7.84145385742857,0,2.99816083157143,1,1,0,768.165029757143,-0.000441408349570359,-0.0965054845590023,"06",29.09254539375,0.685136923518218,13.5564496123795,1.9705510729945,0,0,3.01192780900447,0.0276825668709617,-0.0774340366775801
86,0.00429645167792134,28.37144011125,13.44926649375,0,2.83957690775,1,1,0,781.0801181625,-0.000501721536962579,-0.110445771947765,"06",29.0068876688839,0.585856095719465,13.4163602634196,3.99039746427978,0,0,3.37720937521429,0.758187840785311,-0.0793875655134051
87,0.00423358218297108,28.21056092,14.19210613,0,1.49277347628571,1,1,0,793.863739842857,-0.000564591031912839,-0.125186776015142,"06",28.9055633992857,0.583223062618303,14.1978553488705,3.00148300488388,0,0,3.33678862862947,0.786626239074135,-0.0821690446680845
88,0.00416063612390933,28.12425217125,15.89229789875,0,1.49899384575,1,1,0,806.5774028,-0.000637537090974589,-0.142567285064533,"06",28.8973768251786,0.597987347956163,14.8001567612322,2.72968416355351,0,0,2.63781687682143,0.763966822257567,-0.0838593632693111
89,0.00409508037770631,28.1275515214286,16.7599937842857,0,1.49905574157143,1,1,0,819.286330071429,-0.000703092837177609,-0.158448916296102,"06",28.8488006928572,0.642239680570871,15.6943390283929,1.50022313013409,0,0,2.60890661685714,0.740392328594432,-0.0830130381737612
90,0.00406542611694806,28.246692665,16.79774357,0,1.4990370255,1,1,0,832.0094220125,-0.000732747097935859,-0.165716698162477,"06",28.8059656036607,0.649736817955511,15.6118950933482,1.82841137290062,0,0,1.846857099,0.768538266211246,-0.0755114866832084
91,0.00405953423136513,28.3920685957143,15.2482123414286,0,1.49905574157143,1,1,0,844.8148013,-0.000738638983518789,-0.167167015756182,"06",28.8095595885268,0.579269286592794,15.238984593125,1.77517220231806,0,0,2.04256827791518,1.63806263397091,-0.0726161174470431
92,0.00404579070840391,28.33405578125,13.21330266875,0,1.4990370255,1,1,0,857.62655615,-0.000752382506480009,-0.170558251985612,"06",28.9758787552857,0.54850197212077,14.5731291683571,0.772784222373073,0,0,1.49869737565357,1.49834741718058,-0.0728915456159175
93,0.00401504659192351,28.1962965657143,12.8389156157143,0,1.49809484385714,1,1,0,870.407278342857,-0.000783126622960409,-0.178186309381715,"06",28.8839697419286,0.534102321643271,14.9939270058571,1.76986689824918,0,0,1.552120083225,1.16118854909175,-0.0759057589331614
94,0.00398272127321802,28.0608784375,15.9290052375,0,1.809788241875,1,1,0,883.1005153125,-0.000815451941665899,-0.186269938330939,"06",28.8040936723572,0.580478532018392,15.2954094689643,1.77828831568376,0,0,2.01090764645,0.930981087296173,-0.077985390549819
95,0.00396570570002711,28.0314442657143,15.2344894828571,0,2.99160512571429,1,1,0,895.778142785714,-0.000832467514856809,-0.190551439265172,"06",28.570131298125,0.609014164142325,15.75710619,1.24968139279981,0,0,2.65640059228125,0.570245321981362,-0.0822302394348356
96,0.0039635933988402,28.0446957475,16.67180573125,0,2.99825529025,1,1,0,908.4340311875,-0.000834579816043719,-0.191084223098209,"06",28.6127385510714,0.718055926052118,14.7752230931785,1.96296794605515,0,0,3.31053829535715,0.629198671682963,-0.0801514786825289
97,0.00396571834843745,28.1301192371429,17.1290463371429,0,2.59445636571429,1,1,0,921.125794828571,-0.000832454866446469,-0.190548249822786,"06",28.753685903125,0.896589847336628,14.83889592475,3.97149563223357,0,0,3.3723677898125,0.748466656334624,-0.0777334360992473
98,0.00396388055826971,28.28213963125,16.721194395,0,1.5009660045,1,1,0,933.8583689875,-0.000834292656614209,-0.191011776459105,"06",28.8105500342857,0.982910694075173,15.9780633457143,1.45830029548683,0,0,2.95793291192857,0.268017680770931,-0.0761055199712298
99,0.00396207658891431,28.3605748857143,16.48588195,0,1.49905574157143,1,1,0,946.658750542857,-0.000836096625969609,-0.191466981882887,"06",28.842182185,0.978726572857402,15.7658727534375,1.22961833063239,0,0,2.623122386,0.748105335957618,-0.0608960701124503
100,0.00396711262473011,28.4247318,17.41739923625,0,1.4990370255,1,1,0,959.47439865,-0.000831060590153809,-0.190196729343759,"06",28.7938484260714,0.928786412342022,15.3748340671429,1.06210527262744,0,0,2.37795033560714,0.746611319747832,-0.0596732661251587
101,0.00397285645421638,28.5169418557143,18.1692417928571,0,1.49905574157143,1,1,0,972.343521485714,-0.000825316760667539,-0.188749915058608,"06",28.7204743540625,0.883916060767457,15.6862302316562,1.34196916279872,0,0,2.99702853334375,1.22225187904752,-0.0576905557578797
102,0.00395751869599576,28.7152592025,18.205634825,0,1.4990370255,1,1,0,985.2546485625,-0.000840654518888159,-0.192618023859832,"06",28.5853043835714,0.756651906534423,13.0265116049286,6.06507163189056,0,0,2.84463193435714,0.989244651995676,-0.053080026097627
103,0.00393398190161604,28.9821336542857,17.7230895871429,0,1.49973946042857,1,1,0,998.296965071429,-0.000864191313267879,-0.198583141212046,"06",28.3804677621875,0.494702918898869,15.1359091197188,2.05582911565625,0,0,2.62598709409375,0.75132770645534,-0.0466889489767204
104,0.00393445685080689,29.24031810125,17.97020174125,0,1.941166357125,1,1,0,1011.44098475,-0.000863716364077029,-0.198462418615277,"06",28.3827225578572,0.527786049868557,15.3819685328572,2.94177994859311,0,0,2.27857905207143,0.831814692550352,-0.00517868493749951
105,0.00396411369220475,29.43995957,17.37854797,0,1.95777122542857,1,1,0,1024.707305,-0.000834059522679169,-0.190952963618969,"06",28.5467181634375,0.583215347775308,14.3295833119375,3.72798809772621,0,0,2.2365994751875,0.655855721111022,-0.00105816389816775
106,0.00399499674991849,29.44665569625,14.57968396625,0,1.4980739,1,1,0,1038.013557,-0.000803176464965429,-0.18319249537164,"06",28.6567025203571,0.607332483016417,14.7334000893214,3.09773882191308,0,0,2.24846176732143,0.65879512892311,-0.0195478394895294
107,0.004007619917491,29.1590534257143,12.9958541014286,0,1.49905574157143,1,1,0,1051.277995,-0.000790553297392919,-0.180037732810587,"06",28.64604433375,0.628657119928192,14.721577879375,2.985332885471,0,0,2.1385040601875,0.760395600134169,-0.017432169544932
108,0.00401211727124714,28.87891742,15.41012471375,0,1.4990370255,1,1,0,1064.36919725,-0.000786055943636779,-0.178916161365144,"06",28.5947958171429,0.596201953564676,14.4872222066786,3.15618974645442,0,0,1.87262301767857,0.750329036516862,0.00887044800316739
109,0.00402651945371005,28.7828775342857,15.6755548842857,0,1.49905574157143,1,1,0,1077.40204728571,-0.000771653761173869,-0.175332917587061,"06",28.580637086875,0.605413743354026,14.4963066275,2.41261693518684,0,0,1.874278526625,0.749197568093957,0.0122049350757337
110,0.00405603876367065,28.697684415,16.9897230075,0,1.4990370255,1,1,0,1090.371713625,-0.000742134451213269,-0.168028438067737,"06",28.6857353664286,0.672844824970513,13.5943627455714,4.73122432987106,0,0,2.147669833,0.766870194429276,0.0197828323642029
111,0.00408961913778346,28.6852014028571,15.4703576442857,0,1.49905574157143,1,1,0,1103.34506042857,-0.000708554077100459,-0.159783416259003,"06",28.7977738115625,0.700048646093195,14.3865033327187,2.99165357830412,0,0,2.24852695559375,0.865436427047742,0.022587252248984
112,0.00411717279737458,28.67045886875,15.694633195,0,1.4990370255,1,1,0,1116.290823625,-0.000681000417509339,-0.153068548215831,"06",28.8701908525,0.534287383874974,14.2183384448571,5.24762250720293,0,0,2.24830480875,0.865158421046584,0.0258157760295123
113,0.00413826761982285,28.6204172057143,14.6836104385714,0,1.49905574157143,1,1,0,1129.24844842857,-0.000659905595061069,-0.147958010974132,"06",28.7947936659375,0.625090602239923,15.79281694875,2.34021957571737,0,0,2.5196360933125,1.25888405178858,0.0300435555844615
114,0.00416793652373779,28.4827817875,15.90252550375,0,1.4990370255,1,1,0,1142.134023,-0.000630236691146129,-0.140814187185286,"06",28.8317830725,0.604130497055477,13.90353174225,2.3914693433849,0,0,2.45506282378572,1.15424830993924,0.0349192407936022
115,0.00421476433812985,28.3540272285714,15.6469408385714,0,1.49905574157143,1,1,0,1154.98076314286,-0.000583408876754069,-0.129641582756136,"06",28.895350249375,0.590855669235826,12.21903350025,6.21931100894932,0,0,2.622458837,1.43372890054162,0.0319229119212575
116,0.00426314246520473,28.254849135,14.82011710625,0,1.4990370255,1,1,0,1167.756382375,-0.000535030749679189,-0.118228706400198,"06",28.9574697882143,0.628744404792802,11.5904144898571,5.78952513916037,0,0,2.27563632885715,0.897805552436298,0.0364391940809315
117,0.00430987598737535,28.0605365328571,14.8962712085714,0,1.49905574157143,1,1,0,1180.491476,-0.000488297227508569,-0.107326132410112,"06",28.974927706875,0.645399780970049,11.3407472174688,5.77025713116387,0,0,1.87377146603125,0.749535058106475,0.0131760833343752
118,0.00436744738830123,27.89135552375,14.9174184625,0,1.4990370255,1,1,0,1193.118196,-0.000430725826582689,-0.0940565464151133,"06",28.9423394010714,0.749752265851702,9.36209973085714,5.23684524044166,0,0,1.87385367521429,0.749930238929961,0.0204517298732878
119,0.00443722735136343,27.7412098214286,15.8188489485714,0,1.49905574157143,1,1,0,1205.70337842857,-0.000360945863520489,-0.0782055525793295,"06",28.83431958,0.893941910914286,8.93150163253125,5.38198714817186,0,0,2.190754586,1.15965368045909,0.0275389667862547
120,0.0045007150906725,27.6431422775,16.9884671525,0,1.4990370255,1,1,0,1218.19745725,-0.000297458124211419,-0.0639989706749624,"06",28.6937262107143,1.1234518766823,12.4872288278929,5.76686120599939,0,0,2.19310565532143,0.806307618113758,0.033324841930161
121,0.00454306469801784,27.6991989757143,16.6342530671429,0,1.49809484385714,1,1,0,1230.70429842857,-0.000255108516866079,-0.0546334361419216,"06",28.68510229125,1.28425772261003,12.4457894663125,6.03934044234051,0,0,2.33136571840625,0.970539233098872,0.0386648652603135
122,0.00458118912672699,27.8053668725,16.69916065625,0,1.809788241875,0.125,0.125,0,1243.23431175,-0.000216984088156929,-0.0462766651717663,"06",28.7092631164286,1.23436835190424,14.0349503378929,2.69548099536822,0,0,2.62287332021429,1.43341898428281,0.044095252597384
123,0.00462756121881619,27.7698356742857,13.97316461,0,2.990921407,0,0,0,1255.81314557143,-0.000170611996067729,-0.0362052697460964,"06",28.4745235303125,0.735643799860983,17.26143027,5.3016560688231,0,0,2.795651519375,2.10128878762083,0.0487585229006505
124,0.00467919322531554,27.52425235875,13.46729819,0,2.55816370875,0,0,0,1268.290710875,-0.000118979989568379,-0.0251095573963624,"06",28.1423116571428,0.399406681270849,17.5726126257143,5.44603886940436,0,0,1.9737423715,0.688532187123653,0.0525689502120259
125,0.0047439263895309,27.2772402714286,13.7122441185714,0,1.49426910442857,0,0,0,1280.68639114286,-5.42468253530194e-05,-0.0113701199696346,"06",28.0580982540625,0.641994886849575,12.3967783324062,4.67333876556216,0,0,2.35277423359375,1.11931186751281,0.0564250039338254
126,0.00482517835464131,26.9712880575,10.806957741625,0,1.4990370255,0,0,0,1292.935266,2.70051397573906e-05,0.00561243344133722,"06",27.9367069846428,0.733728110538392,10.9086237428571,1.92615160374745,0,0,2.05980647753571,1.12775493127288,0.0603654671542857
127,0.00491086720210896,26.46479795,6.534437094,0,1.50194098714286,0,0,0,1305.02165514286,0.000112693987225041,0.0232152800646004,"06",27.3609906892559,0.4430796282461,16.0059226303661,7.35648079899144,0,0,2.73130613860714,1.67643256332218,0.0748618751720195
128,0.00499438308393788,25.88571950875,3.114486886,0.007707177125,0.28293590275,0,0,0,1316.831677875,0.000196209869053961,0.0400786316927269,"06",26.5586003304762,0.894045381276666,17.6381525140952,8.41816180664285,0,0,3.40130572175,2.67114771293735,0.0763115022580036
129,0.00507002459760674,25.0393085428571,3.04274599914286,7.36537327885714,-14.8833783578571,0,0,0,1328.371151,0.000271851382722821,0.0551104028304987,"06",25.7027938786225,1.70167978598339,18.2420315550281,10.6605114418547,0.00110102530357143,0.0029130391404394,0.542691470908163,6.45444424710553,0.0823740616425928
130,0.00515219369334366,23.375516725,3.320366240375,18.0613576975,-30.83173569375,0,0,0,1339.285146125,0.000354020478459741,0.0711873171786985,"06",24.1066905010459,2.67592421354523,20.3090933460689,14.6112646311777,1.05219618269388,2.78384942985948,-8.88701750256633,10.2558391690138,0.0883528997872641
131,0.00523952868368079,21.2313441457143,3.20558361628571,19.41165953,-29.76506917,0,0,0,1349.24794814286,0.000441355468796871,0.0879962814272641,"06",21.7676676140774,2.92237053329476,20.1935631872232,16.8696920322016,3.01022628291667,7.37351840346071,-21.8346930036429,11.7721824441668,0.0837213389216928
132,0.00532762092643066,19.2196524775,3.113100392625,22.1731612125,-17.06327591625,0,0,0,1358.101153,0.000529447711546741,0.104669515951843,"06",20.3581958084643,3.0004397496463,17.6864155567929,14.3586964430333,4.331198689525,8.48606431158942,-25.3801502822357,16.8543635631772,0.100444649526639
133,0.00541531769694335,16.8874344057143,3.13331600614286,24.5048923757143,-7.32356765842857,0,0,0,1365.96847457143,0.000617144482059431,0.120996280910162,"06",17.7227050793367,3.07628301700864,17.1011691830077,9.7689359751419,6.49663651178571,11.0999144507703,-6.35368208160715,27.6594970559983,0.103699466096511
134,0.00550180070335129,13.9300452625,3.036408845875,28.696928495,28.86411405925,0,0,0,1372.62869425,0.000703627488467371,0.136840171356177,"06",17.0128460547619,3.44078699635943,13.5655678582381,10.1468136204936,11.3516421631349,13.7441696846146,8.52497072418055,26.018366343896,0.108730428079389
135,0.00558593570318233,10.5848678244286,2.45704030471429,23.7359980542857,173.76407847,0,0,0,1378.00271071429,0.000787762488298411,0.152016688924827,"06",14.8757016371032,2.88403849559149,15.1851597186151,9.33277441320256,9.48725026452381,14.3601247423028,31.7288862047004,31.4686720810425,0.107465963874266
136,0.00566457340842184,9.371306184,2.279094519375,4.00360687275,330.338933175,0,0,0,1382.391565125,0.000866400193537921,0.165996320199898,"06",13.5490936215873,3.30179319412085,12.8552304312103,9.77219932055903,13.3757615364286,16.1696331509721,63.5763490288631,65.9770747704065,0.110353135579646
137,0.00572688797282384,9.12455739557143,5.19652657928571,0.0127098895714286,389.830515514286,0,0,0,1386.14727328571,0.000928714757939921,0.176937003366244,"06",11.5452812097643,2.32414203566089,11.2152621086768,9.41055545605465,12.2236094178107,15.2388015419881,131.963566243793,106.525716933817,0.112527487392185
138,0.00572974013438655,8.8763004695,3.755131224,0,413.8206065375,0,0,0,1388.381266,0.000931566919502631,0.177434909302468,"06",10.663908560561,2.26144498089638,10.5726633355625,8.77319349491071,9.03153858022321,13.4895441143116,198.963331699116,136.517040218693,0.107852299366799
139,0.00567509253067342,8.59681760385714,5.11023991,0,421.270962785714,0,0,0,1388.68040328571,0.000876919315789501,0.167851599736323,"06",10.526400245864,2.22120836350251,10.0482377885192,8.6098858934351,8.33680484328296,13.155923821323,215.490814378992,143.648449241321,0.0962551977108547
140,0.00560364413493201,8.397470127875,10.553574169,0,390.492389825,0,0,0,1386.941969125,0.000805470920048091,0.155181856245382,"06",11.325215408474,2.32253979677553,10.6681043332776,9.11020836947814,11.1135276425162,14.9182459498005,155.406016177474,127.506817775607,0.105370874506179
141,0.00552848392210225,8.62135592828571,16.4407409157143,0,278.125541314286,0,0,0,1383.88827585714,0.000730310707218331,0.141678354816222,"06",12.8806378028333,3.13516269783275,11.7818424224524,9.75490620052762,12.8682938073423,15.4708328550877,92.7038813169598,95.1201700393236,0.115177566248916
142,0.00545418466026372,9.46748035825,19.58941235625,0,160.4052041375,0,0,0,1379.99019025,0.000656011445379801,0.128147873868683,"06",14.3735329601945,3.0737264990169,11.0267752811984,9.89345880022649,16.0985273559524,15.69188390173,44.9398188293155,58.4688847227589,0.111539451465582
143,0.00538658040879574,10.6400171657143,19.6884007371429,0,93.53763322,0,0,0,1375.53238314286,0.000588407193911821,0.115675483559111,"06",16.5501695070759,3.68609099648237,12.1489927170179,9.87437336162572,13.5860683438393,14.7656465355928,17.3282784953594,23.7678508044502,0.107250967906926
144,0.00534955442219108,11.97943649125,20.19855604125,0,54.05346931875,0,0,0,1370.430027,0.000551381207307161,0.108778004477307,"06",17.9450629364509,2.98052813674208,12.7786314796473,10.5623329956182,12.7705974335268,13.9706342543462,-1.40882481964063,18.7771558256415,0.108401493493706
145,0.00538195963385642,13.4253978628571,24.23485387,0,35.5154296328571,0,0,0,1364.81265085714,0.000583786418972501,0.11481728456114,"06",19.3762543325,3.46740130446511,14.0462417976505,10.4838020651479,6.817255642875,10.9118041578987,-13.2552175632653,20.5966845526851,0.104144178835097
146,0.00545361939482445,15.42465122125,24.82147744125,0,-15.97410146975,0,0,0,1358.432238875,0.000655446179940531,0.128044229647251,"06",20.1684385866369,2.72362952187332,15.2575296960982,14.1539623420523,7.30485911002083,10.5198178586364,-23.9940045545714,15.4526391521234,0.10092240691603
147,0.00553491921230263,17.3914108957143,23.4602344071429,0,-50.3980085214286,0,0,0,1351.19018785714,0.000736745997418711,0.142841702247686,"06",22.5141931550255,2.68139661937735,12.866658358875,14.9943368866328,5.67390730644643,8.96948190128115,-24.5834027222704,7.85826097667283,0.0942993021453977
148,0.00562008642246534,18.631062895,8.0540976345,0,-33.34406596625,0,0,0,1343.01092625,0.000821913207581421,0.158111773160001,"06",23.4043624007143,2.59910120447566,16.0391027908464,17.5713630011222,5.08534619527143,7.92397683908051,-17.1589461956929,10.9004161049568,0.0879639309518906
149,0.00570705363462217,19.23824038,37.1507164,0,-1.48472687471429,0,0,0,1334.56718642857,0.000908880419738251,0.173467620990412,"06",25.0349616929018,1.95221516684615,17.082812926942,12.9082285792388,1.84134331971428,3.68268663942857,-5.53237639777678,9.7673887337398,0.0805427146014996
150,0.00579502847107911,22.28295775375,30.948397545,0,5.448852581,0,0,0,1325.174570125,0.000996855256195191,0.188765120994384,"06",26.2047547304018,1.0938017922086,15.6014287941428,11.2511322153997,0.00192679428125,0.0038535885625,2.76124188240179,3.38641518512206,0.0773019669884641
151,0.00588349386906306,24.8194117514286,30.4388539814286,0,7.76778139457143,0,0,0,1314.55128785714,0.00108532065417914,0.203915511778371,"06",27.0879161716071,0.464220350551641,17.5008969849143,7.79105838030505,0,0,2.52862121928571,1.78812222254433,0.0708310211474357
152,0.00597213084337328,26.9565117575,24.15148646,0,5.6291989815,0,0,0,1302.776455,0.00117395762848936,0.218868519570908,"06",27.6935971834821,0.732942337584627,13.7400288640804,6.37390771629185,0,0,2.04294893195238,0.930567025551487,0.0794019650300691
153,0.006060643608646,27.9657072014286,9.94918450542857,0,3.75143562157143,0,0,0,1290.32639271429,0.00126247039376208,0.233580730905296,"06",28.0815435657738,0.723002191362478,11.6341876009375,3.86995829266583,0,0,1.8901205856994,0.962773311581747,0.0776869935293868
154,0.00614867807539996,27.85727058875,16.61320023,0,3.855368169875,0,0,0,1277.689244125,0.00135050486051604,0.248001841804654,"06",28.195755563631,0.54887024132625,14.881866498747,6.39277967397322,0,0,1.74329614058333,0.4151303098731,0.0755826877209082
155,0.00623575727977483,28.1654454628571,25.6328298214286,0,1.61560506971429,0,0,0,1265.08843585714,0.00143758406489091,0.262064757968767,"06",28.3576512418929,0.685076167344827,16.9548808282857,4.40182211668954,0,0,1.94335208293214,0.615618935179982,0.0735185309877
156,0.00632082454442748,29.40857808875,24.69751892625,0,1.938358972875,0,0,0,1252.0798195,0.00152265132954356,0.27561439527642,"06",28.7403892525893,1.20603297604557,14.3123826743214,2.3781504852552,0,0,3.06179098531697,2.02244694650893,0.0457497167805376
157,0.00640151710109273,30.45289528,12.3046857058571,0,3.00289812057143,1.14285714285714,0.571428571428571,0,1238.54944814286,0.00160334388620881,0.288299738857893,"06",28.6972802840714,1.09926796261129,12.1227797974072,5.18160767784547,0,0,2.76319305336786,1.28072000611719,0.0420785167370332
158,0.00646713871191173,30.50590372375,3.98193035025,0,2.99823294025,2,1,0,1224.7340985,0.00166896549702781,0.298498500803657,"06",28.6643118257857,0.997615517829718,12.6700060656,5.21607801908584,0,0,2.42031195751786,0.863556382758279,0.0454819915387333
159,0.00648005954037068,30.2891306728571,3.94842148728571,0,2.99572534842857,2,1,0,1211.017487,0.00168188632548676,0.30049442799918,"06",28.76231646925,0.824807139263796,10.1338071049536,5.41726655203424,0,0,2.30832456995714,1.03812283739792,0.0420601236842536
160,0.00643830918838696,30.04706877875,3.005532311875,0,1.8527883985,2,1,0,1197.371939625,0.00164013597350304,0.294030686705754,"06",28.9000441487946,0.817765377718904,9.36738654433929,5.24429991135831,0,0,1.87384899619643,0.749933356936282,0.0459865582525359
161,0.00640566462725099,29.76969054,2.920645059,0,1.49855424,2,1,0,1183.87533114286,0.00160749141236707,0.288947426432952,"06",28.9263495563393,0.720597288004651,11.3597857430491,5.78566873823491,0,0,1.87377614504911,0.749531939088575,0.0668962951088662
162,0.00641290335996152,29.48570089375,2.840913293625,0,1.498937762125,2,1,0,1170.46746825,0.0016147301450776,0.290076840166885,"06",28.9326752648214,0.661571957700889,11.3837085567768,5.60834103849939,0,0,2.27563164983929,0.89781094878869,0.0610863985968862
163,0.0064467311742543,29.0719032685714,3.01287062228571,0,3.10632234914286,2,1,0,1157.25617871429,0.00164855795937038,0.295337937082772,"06",28.8631616096429,0.623432623628021,12.1551373339554,6.16997009117859,0,0,2.62246351601786,1.43372401213551,0.0565710962045544
164,0.00651061769397737,28.7129680425,3.007426671,0,4.493687246,2,1,0,1144.182257625,0.00171244447909345,0.305199064862749,"06",28.7619828155,0.545976760028032,14.30333049455,2.25577911750365,0,0,2.26385766412857,1.08720464317706,0.0524925835914909
165,0.00658704865291469,28.3602853371429,10.6608603704286,0,3.82402832885714,2,1,0,1131.30300857143,0.00178887543803077,0.316870124931349,"06",28.7822832501786,0.62889764644296,15.5400612596429,2.40797565511852,0,0,2.51964077233036,1.25887899399896,0.0478437122403209
166,0.0066645477036712,28.2155251375,18.39667688,0,4.08239627125,2,1,0,1118.527141,0.00186637448878728,0.328566818834521,"06",28.8665052189732,0.536036832994227,14.2744073325357,5.26662273717569,0,0,2.24830012973214,0.865163823944015,0.0201959155840625
167,0.00673674787503773,28.67302273,18.0154027842857,0,2.99699626871429,2,1,0,1105.70935714286,0.00193857466015381,0.339342026116667,"06",28.7946530585268,0.70067111262232,14.0066619919152,2.62493448264522,0,0,2.24853163461161,0.86543102421704,0.0168009925747996
168,0.00678365366334202,28.90804302875,11.04066391225,0,2.998074051,2,1,0,1092.6661745,0.0019854804484581,0.346280573860384,"06",28.6644370866072,0.670087603118969,13.922904776375,4.96382923775288,0,0,2.14766515398215,0.766875471114234,0.0138080924396108
169,0.0067651848074595,28.67623825,6.70076048514286,0,2.99811148314286,2,1,0,1079.652325,0.00196701159257558,0.343554308123454,"06",28.5566271154464,0.591382991654172,14.5626641701339,2.44949730151365,0,0,1.87428320564286,0.749194443448637,0.0102923820383017
170,0.00671155547724031,28.2638721825,11.62319592875,0,2.998074051,2,1,0,1066.79430725,0.00191338226235639,0.335595467724724,"06",28.5247618157143,0.519323181091814,15.0907898597589,3.00305376307152,0,0,1.87261833866072,0.750332142633588,0.00635001982297919
171,0.00665207813694175,28.1850221142857,10.8447799095714,0,2.99811148314286,2,1,0,1054.05917114286,0.00185390492205783,0.326694036594338,"06",28.5741437661161,0.512233778490133,14.3256204131697,3.11274245247052,0,0,2.13874952058036,0.760120062273087,0.00266702209614156
172,0.00659488705444905,28.09019985875,10.59656750375,0,2.998074051,2,1,0,1041.32929825,0.00179671383956513,0.318059389165873,"06",28.6583765519196,0.610213470719319,14.0336840883839,2.57270083986488,0,0,2.13353743596429,0.758899118944484,-0.000203450681805041
173,0.00657286987339408,27.9570325085714,10.4151191471429,0,2.99811148314286,2,1,0,1028.68441385714,0.00177469665851016,0.314715281075256,"06",28.596628530625,0.665145493681672,14.181669869125,3.54251582741092,0,0,2.24075069226339,0.653410467201342,-0.00249434664895604
174,0.00654841769936735,27.82735435875,11.09814045125,0,2.998074051,2,1,0,1016.065572875,0.00175024448448343,0.310988177035432,"06",28.4489872419286,0.546636319797426,15.7785554313571,2.71141035709257,0,0,2.21040318519643,0.736845736989925,0.0140668116098347
175,0.00648846145730818,27.7141613528571,12.7973566242857,0,2.99811148314286,2,1,0,1003.5323852,0.00169028824242426,0.301790168351523,"06",28.4179639555357,0.495828340758795,15.6377752433464,2.10009285694467,0,0,2.42476011863214,0.791068444848483,0.00917649775239182
176,0.00641378306067093,27.64692581,13.8504015025,0,2.996150632125,2,1,0,991.014843625,0.00161560984578701,0.290214007423995,"06",28.6333864624643,0.655742620210828,13.2926344098964,5.29272676613999,0,0,2.87783913782143,0.859931086676323,0.00235617070916812
177,0.00633024609501245,27.6740897585714,13.6708479671429,0,3.88291123542857,2,1,0,978.5394219,0.00153207288012853,0.277103842683096,"06",28.8995947626786,0.834101718691809,13.5705491334464,5.3517528032203,0,0,2.99731642534643,1.05849474478242,-0.00521489441124414
178,0.00624320635408472,27.759618435,14.15854436125,0,4.492929005875,2,1,0,966.0044772875,0.0014450331392008,0.26325861914087,"06",28.7842912835268,0.87658569979711,15.4866784210759,1.41295152977483,0,0,2.37793629855357,0.746608299863848,-0.0115450949875873
179,0.00615501868359846,27.8157257057143,14.0464444971429,0,2.01652263457143,2,1,0,953.459651857143,0.00135684546871454,0.249032525310747,"06",28.8452802803572,0.937782779768019,15.4752441414732,0.945036577879395,0,0,2.62265417830357,0.749066719915849,-0.016238384245215
180,0.00606637609995285,27.8434872225,14.29095163375,0,2.9953754375,2,1,0,940.8697317875,0.00126820288506893,0.23452613905619,"06",28.9383450372143,0.867161068864957,15.7667490285714,1.23976633178016,0,0,2.74725558107143,0.704595880120874,-0.0138653974330282
181,0.00597777506882487,27.8608554928571,16.19386362,0,3.24105231571429,2,1,0,928.300424228571,0.00117960185394095,0.219813167305931,"06",28.9098847603572,0.836987760222669,14.5656904848714,3.38530362939162,0,0,3.21676423,0.735657945730546,-0.0177894040947333
182,0.00588986837499584,27.970648825,16.16387202375,0,4.495067767,2,1,0,915.6797887375,0.00109169516011192,0.204998381109196,"06",28.7746685763571,0.741797969349428,14.07207902445,3.55622543821601,0,0,3.24936799296429,0.561788100501858,-0.0229911355484615
183,0.00580411295694811,28.1189389185714,15.1361817228571,0,4.25432508942857,2,1,0,903.020729285714,0.00100593974206419,0.190331527892037,"06",28.6239007206429,0.601313068371549,14.7233901952214,1.69461875161911,0,0,2.9618873244,0.0773926935836176,-0.028596622809276
184,0.00572777718874417,28.2387592475,15.00742755,0,2.823534479,2,1,0,890.2741864625,0.000929603973860251,0.177092261663898,"06",28.6020975341072,0.58884494335577,15.84875119,1.18831281391276,0,0,2.35009984203125,0.75096273716171,-0.032918201577601
185,0.00567938873937855,28.3666241914286,15.37400755,0,1.598331478,2,1,0,877.504840557143,0.000881215524494631,0.168608342159389,"06",28.6795553904018,0.514629025303272,15.2289336790178,1.98782896228811,0,0,1.939439295125,0.892658367226018,-0.034409238908846
186,0.00563729995356975,28.49653582875,17.2598741175,0,2.2957560235,2,1,0,864.6463393875,0.000839126738685831,0.161169950900255,"06",28.7928192148661,0.497259082201037,14.1641796379464,0.965385203026909,0,0,1.87371176744196,1.43378093757139,-0.0335811922959465
187,0.0055788030096141,28.6515104557143,15.3436148742857,0,2.99579750714286,2,1,0,851.744772657143,0.000780629794730181,0.150738970817073,"06",28.8454641770536,0.535197274320019,14.9110275284375,1.37699648483394,0,0,2.04258231496875,1.63806784221697,-0.0342428246176742
188,0.00550209425247989,28.6538449225,16.65908941375,0,3.674578374875,2,1,0,838.7811935125,0.000703921037595971,0.136893525032218,"06",28.8332771933482,0.610377809705782,15.6264619966072,1.82736260166607,0,0,1.84684306194643,0.768522398712666,-0.0393367916997878
189,0.00541890743439362,28.6777210671429,17.2623337214286,0,1.48276285628571,2,1,0,825.8400485,0.000620734219509701,0.121658947131668,"06",28.8462186144196,0.641805131129793,15.8298071273214,1.76045302851051,0,0,2.60913014559822,0.740507015870775,-0.0464583133550712
190,0.00534030531281235,28.84397274625,16.818151505,0,2.94235770225,2,1,0,812.8395531875,0.000542132097928431,0.107047558663618,"06",28.8858027643304,0.628257937602101,15.804769923125,1.61590204789051,0,0,2.62307395808036,0.749386822769077,-0.0518697268655531
191,0.00526782751192216,29.0452788085714,16.5891798,0,2.99794867157143,2,1,0,799.777713814286,0.000469654297038241,0.0933827736329977,"06",28.926849773259,0.59307196947335,14.6187628631964,2.53223570010847,0,0,2.63785757971428,0.763992409137362,-0.0625897315527428
192,0.00519796100742883,29.24405238875,16.5429792975,0,2.998074051,2,1,0,786.599466475,0.000399787792544911,0.0800311678893637,"06",28.7796527885,0.607713458793743,13.906997634275,2.52187211360763,0,0,3.57232912993214,0.861093646922055,-0.0650153208182771
193,0.00514195037055596,29.42665493,16.5487092928571,0,2.99811148314286,2,1,0,773.356988657143,0.000343777155672041,0.0691971903831314,"06",28.8420417256071,0.683176350588215,12.5711769552679,3.09591176194336,0,0,3.31245783034643,0.6723841270062,-0.0672959584323734
194,0.00508231722660259,29.5860774225,11.971878387125,0,2.998074051,2,1,0,760.0121678375,0.000284144011718671,0.0575320381485094,"06",28.8204387236786,0.698195855054871,12.883825334,2.92588196481552,0,0,3.009197106175,0.0247391808906073,-0.0703863873338599
195,0.00501895514862405,29.2893570071429,8.13781278885714,0,2.99811148314286,2,1,0,746.692760014286,0.000220781933740131,0.0449865081565912,"06",28.6881888799643,0.632893076194413,15.483037619,0.661638712038511,0,0,2.99908640011429,0.00213242188319161,-0.0741465381470357
196,0.00495227476574909,28.75218726125,15.5477875075,0,2.998074051,2,1,0,733.593854425,0.000154101550865171,0.0316117537658265,"06",28.6705837227857,0.569473223932559,16.1609293955357,0.521563985010884,0,0,2.78632280128214,0.473532039467519,-0.0775280933755275
197,0.00487793562635875,28.7561351185714,16.1656571228571,0,2.99811148314286,2,1,0,720.625317342857,7.97624114748314e-05,0.0164868373951457,"06",28.823385775,0.444425528045396,16.1741484215625,0.6256647917757,0,0,2.6229456,0.750173318042638,-0.0809144903354915
198,0.00480867112519097,28.9006798425,15.7669362675,0,2.998074051,2,1,0,707.5924949375,1.0497910307051e-05,0.00218550731029588,"06",28.8216696311607,0.381092835381635,16.2621782316518,0.457498277778305,0,0,2.76851873800893,0.4230494382436,-0.0858002237293444
199,0.00476016384350125,29.0534989771429,16.6050861585714,0,2.99811148314286,2,1,0,694.514799385714,-3.80093713826688e-05,-0.00795317652131011,"06",28.8927256594196,0.375999242175173,15.3703387166518,0.2959224268122,0,0,2.6186454515,0.757739205590459,-0.0905056510016797
200,0.00473204173015471,29.22009669625,15.60608450125,0,2.998074051,2,1,0,681.336746425,-6.61314847292087e-05,-0.0138785001597608,"06",29.0342075191071,0.322733307882161,15.4203384860089,2.12304911132419,0,0,2.57009478285268,0.72096135310022,-0.0927643684419909
201,0.00472544219722863,29.3560024428571,15.6570428685714,0,2.99811148314286,2,1,0,668.119513242857,-7.2731017655289e-05,-0.0152741216397194,"06",29.2674400360714,0.434578547229098,13.6257961309107,5.92814306717633,0,0,2.24916143003572,0.864770355292567,-0.0924108133607666
202,0.00476106167833296,29.50413071125,15.49291085375,0,2.998074051,2,1,0,654.818679725,-3.71115365509593e-05,-0.0077645800400159,"06",29.3305860656696,0.508919256756819,15.7126212805045,0.288284838531552,0,0,2.24829375066518,0.865815001631402,-0.0901469344481878
203,0.00482928878384429,29.6421298971429,15.2915189914286,0,2.99811148314286,2,1,0,641.470036985714,3.1115568960371e-05,0.00646394172392384,"06",29.2815762073214,0.489619959666072,15.7123338628571,1.44720719140824,0,0,2.40222567935714,0.732355609885155,-0.0863716744768892
204,0.00490926215509394,29.73193510625,13.79444328875,0,2.998074051,2,1,0,628.0473454375,0.000111088940210021,0.0228883908886548,"06",29.2120869837054,0.47695733298246,15.1891176640179,1.82011452754905,0,0,2.62381436554018,0.749852087086153,-0.0799919989396178
205,0.00499292050371144,29.6907648671429,13.2292648571429,0,2.99811148314286,2,1,0,614.6323325,0.000194747288827521,0.0397857437886451,"06",29.1100880685714,0.48495171157588,15.4598702462053,2.0008816657402,0,0,2.62332883167857,0.749515393612476,-0.0706921123565119
206,0.00507836194554348,29.64250854875,13.69209152125,0,2.998074051,2,1,0,601.2204892375,0.000280188730659561,0.0567534915348364,"06",29.0287814383036,0.504613909916991,15.6106770295982,0.838897789420806,0,0,2.62333351069643,0.749530990338663,-0.059697587097126
207,0.00516466244722084,29.6084063742857,15.3609111257143,0,2.99811148314286,2,1,0,587.846485885714,0.000366489232336921,0.0736044798368747,"06",29.0014114622321,0.537231938203088,15.6439541836384,1.11388507018184,0,0,2.62332883167857,0.749515393612476,-0.0331617740496295
208,0.00525135294814966,29.6582229275,14.587755710625,0,2.998074051,2,1,0,574.452007075,0.000453179733265741,0.0902504807720685,"06",29.0284105942411,0.422209157195971,14.3502001386518,2.02849539478706,0,0,2.62333351069643,0.749530990338663,-0.0204607951957642
209,0.00533804995455607,29.5905710957143,14.1984981065714,0,2.99811148314286,2,1,0,561.066255314286,0.000539876739672151,0.106625141879178,"06",28.9964929326786,0.381392459161827,15.1797866568304,1.63075880801742,0,0,2.62320345628572,0.749766144398122,-0.00852073111792813
210,0.00542438191442458,29.46723816875,13.82640073125,0,2.998074051,2,1,0,547.7219497,0.000626208699540661,0.122668692462446,"06",28.9130380527232,0.424720862139084,15.1898278520982,1.94838189952691,0,0,2.71177135394643,0.572655303902819,0.00247602470910044
211,0.00550992437296008,29.3834490242857,12.7068483214286,0,2.99811148314286,2,1,0,534.436927157143,0.000711751158076161,0.138315629720548,"06",28.8662964645982,0.454232638266441,15.4324475403572,1.57173599225936,0,0,2.99749623339286,0.00118072183936568,0.0122794006815696
212,0.00559392244596257,29.31850571375,13.16397682875,0,2.998074051,2,1,0,521.170368725,0.000795749231078651,0.153445462687336,"06",28.8525969469197,0.497130972768557,15.1422486796697,2.56097019083013,0,0,2.99789170800893,0.000523661146030123,0.0196236329216308
213,0.00567512537958182,29.2518521371429,11.6754511802857,0,2.99811148314286,2,1,0,507.948357642857,0.000876952164697901,0.167857387978994,"06",28.77620302875,0.466176886119261,15.5716764272143,0.771061749875615,0,0,3.12101765037143,0.274889320866886,0.0243255005411107
214,0.005749794918029,29.07682517625,14.99417390875,0,2.998074051,2,1,0,494.766703525,0.000951621703145081,0.180928919051826,"06",28.8669615246071,0.496992901646457,14.848150619975,2.2301950059194,0,0,3.29828859926072,0.671237362329065,0.0277329519295817
215,0.00580428736514404,29.1012476785714,15.9471117628571,0,2.99811148314286,2,1,0,481.6465928,0.00100611415026012,0.190361576509951,"06",28.8829625375357,0.534720347117298,15.591081637,1.54453450484164,0,0,3.29790017222857,0.670410663489124,0.0319399061058928
216,0.0057930519863411,29.1946334925,15.3990983975,0,2.998074051,2,1,0,468.472155275,0.000994878771457181,0.188423997245662,"06",28.8271150568214,0.544592235094245,15.4086165961072,1.59316624987527,0,0,3.29713232388572,0.668651851990613,0.0367054769722925
217,0.00573002572597289,29.2703950357143,15.5586482371429,0,2.99811148314286,2,1,0,455.271881342857,0.000931852511088971,0.177484751783526,"06",28.7729110861071,0.580245382201155,15.0668205701536,1.92278908039431,0,0,2.82759706554286,0.381219053629984,0.0388505738203636
218,0.00565204590062369,29.39020631125,15.28910909,0,2.998074051,2,1,0,442.0148193125,0.000853872685739771,0.163782317527913,"06",28.6660376950714,0.53402463916816,14.63023067825,2.05968030119236,0,0,2.69833483758572,0.670300032524611,0.0369075176725868
219,0.0055691362696122,29.25610967,12.1432796242857,0,2.99811148314286,2,1,0,428.761047014286,0.000770963054728281,0.149004705495167,"06",28.6036232928125,0.591927541631241,15.2821830116964,2.1155438113113,0,0,2.62345026459375,0.749171354334493,0.0359193199373455
220,0.0054837221450263,29.0373066175,14.13751319625,0,2.998074051,2,1,0,415.597014175,0.000685548930142381,0.133548826089188,"06",28.5145445613393,0.574459740627952,13.4578583118125,4.68338796592185,0,0,2.750430291125,0.295637355000263,0.0339023332700647
221,0.00539698952944806,28.9378282328571,12.0373445271429,0,2.99811148314286,2,1,0,402.506392985714,0.000598816314564141,0.117606036010999,"06",28.3222904374107,0.360353794545341,11.6542485483348,5.15122369655453,0,0,2.62408157619643,0.748743906694291,0.0320886063262122
222,0.00530947822211243,28.7219942,11.09202642625,0,2.998074051,2,1,0,389.4772571125,0.000511305007228511,0.10125829992072,"06",28.0782437334375,0.394725868877846,15.1349562278214,1.66317118479614,0,0,2.62333818971429,0.749521632302951,0.02947877775993
223,0.00522160161876751,28.5124138857143,13.9679604014286,0,2.99811148314286,2,1,0,376.558950542857,0.000423428403883591,0.0845689114201731,"06",28.1144834483929,0.351887670343647,14.6476600963214,3.41033071047863,0,0,2.69846675747857,0.670501730269223,0.0252429442926395
224,0.00513366593692612,28.45986798375,16.99230392,0,2.998074051,2,1,0,363.7024805125,0.000335492722042201,0.06758474495589,"06",28.3848793669643,0.332381101558651,12.0892208993571,5.57992818618782,0,0,2.57549576106429,0.658086328861937,0.0200995171402581
225,0.00504599731888244,28.6112434,13.8556083471429,0,2.99811148314286,2,1,0,350.811323942857,0.000247824103998521,0.050360052617628,"06",28.4639176278571,0.291361935068796,12.7731968191518,5.93378468869788,0,0,2.47013747802232,0.709464868769762,0.0168613569140366
226,0.00495907567346901,28.570735405,14.64382703,0,2.998074051,2,1,0,337.88880735,0.000160902458585091,0.03298410129642,"06",28.5849941915625,0.577524019733014,12.2245104906205,5.65985539513131,0,0,1.83662030477679,0.864462904047615,0.0173056428693861
227,0.00487367540585642,28.5404986214286,14.0089949757143,0,2.99811148314286,2,1,0,324.9952544,7.55021909725007e-05,0.0156130903451634,"06",28.6958394383482,0.803713624849291,12.3424573083393,5.37929750590393,0,0,2.2973186416875,1.3535534573268,0.0302241322139686
228,0.00479204629400236,28.52188064,13.9739816525,0,2.998074051,2,1,0,312.1046924375,-6.1269208815589e-06,-0.00127774376419421,"06",28.8631087053125,0.833589033789895,11.9044938298437,3.0047419328665,0,0,3.34174437377679,0.759203082004122,0.0343998344776367
229,0.00472260161156534,28.5530031428571,14.0292685828571,0,2.99811148314286,2,1,0,299.216325628571,-7.55716033185791e-05,-0.0158754282691627,"06",28.903028069375,0.693912491217287,14.313041555192,2.29275318001424,0,0,2.68091540084375,0.80453436456673,0.0382997739874172
230,0.00468969859563347,28.5566670675,14.0071179825,0,2.998074051,2,1,0,286.3095597625,-0.000108474619250449,-0.0228669496904956,"06",28.9108047722322,0.570510671135215,14.8809349822589,1.91065360666899,0,0,2.62328232389732,0.749709585188903,0.0429841938819036
231,0.00467846567677175,28.5112440714286,15.1768766128571,0,2.99811148314286,2,1,0,273.430389014286,-0.000119707538112169,-0.0252650553766411,"06",28.9676570449107,0.513355239402947,15.2343370814911,2.10179575383967,0,0,2.62336701791072,0.749553331888094,0.0496481210990932
232,0.00469331617557338,28.637373985,14.96230984125,0,2.998245512,2,1,0,260.5148887125,-0.000104857039310539,-0.0220958584942741,"06",28.9543683057589,0.410265985686296,16.9721525638839,1.3004086668032,0,0,2.61908356985715,0.746728221461821,0.0584577742852467
233,0.00473264591956875,28.7531045328571,17.0045159957143,0,2.98109300371429,2,1,0,247.553912557143,-6.55272953151691e-05,-0.0137508278213909,"06",29.0334903787053,0.410387878402095,15.0986701020089,0.793344573373626,0,0,2.98435508928125,1.20152272974291,0.0674670272944049
234,0.00475892966833175,28.888167855,14.41249376625,0,4.441892366625,2,1,0,234.5276748875,-3.92435465521694e-05,-0.00821248170597944,"06",29.0037197699553,0.312752896809125,15.2581301124821,3.15696771253653,0,0,3.00107800275447,1.22295724872924,0.0746317161393224
235,0.00476823063508269,28.89159266,11.4540160188571,0,4.49461827842857,2,1,0,221.4730625,-2.99425798012294e-05,-0.00625996506632287,"06",28.8499316377678,0.23399142065474,14.4776575795446,3.0607122731144,0,0,2.35293845336161,0.960467111150315,0.0799512335522242
236,0.00475991249990666,28.64432678,10.7646241755,0,3.35182542425,2,1,0,208.456760475,-3.82607149772589e-05,-0.008005979372947,"06",28.6767578554464,0.214302537957237,14.6653718673214,3.42252878476207,0,0,2.17313802752232,0.960133062750685,0.0827609468061891
237,0.00471884903777162,28.3705006457143,10.8083470542857,0,2.99760998157143,2,1,0,195.587607142857,-7.93241771122992e-05,-0.0166703429599666,"06",28.5380444350447,0.241465711599331,14.488428651317,3.76595321398529,0,0,1.87527044823661,1.43265972711226,0.0819587279234551
238,0.00466295205342017,28.1988016425,10.71208553875,0,2.998074051,2,1,0,182.8069355,-0.000135221161463749,-0.0285865292106875,"06",28.4478849181696,0.303952893773283,14.566228905509,3.2719755242367,0,0,1.87377934316072,1.43530029929199,0.0789390431119966
239,0.00461865356966636,28.0129656528571,14.1735699,0,2.99811148314286,2,1,0,170.1102831,-0.000179519645217559,-0.0381320369512013,"06",28.5157919874107,0.432904625278149,13.8791545956697,1.44185841956378,0,0,1.88419162021875,1.41738473407568,0.0772732782366745
240,0.00458014493959199,27.99943058,15.6122889975,0,2.998074051,2,1,0,157.46259895,-0.000218028275291929,-0.0465046204256989,"06",28.6529186773661,0.547462198283308,14.3070409699375,2.40370235991771,0,0,2.83950873419643,0.286515066370809,0.0782270169860811
241,0.00454728710784129,28.0788431271429,16.0099757628571,0,2.99811148314286,2,1,0,144.7921741,-0.000250886107042629,-0.0537044489862213,"06",28.8937787468214,0.646898918544138,13.1402778230857,2.97167549767914,0,0,2.98896556313214,0.021357208056829,0.0502989547510974
242,0.00451250352745772,28.13223646125,15.28022358375,0,2.998074051,2,1,0,131.984137325,-0.000285669687426199,-0.0613831585561337,"06",28.8699565872857,0.724602446976584,15.4309329439571,5.2527584750995,0,0,2.99804438253572,0.0005407708662363,0.0511229655531423
243,0.00447178437813126,28.1252779428571,12.8001785742857,0,2.99811148314286,1.42857142857143,0.714285714285714,0,119.266294128571,-0.000326388836752659,-0.0704477450121308,"06",28.6051367328214,0.685719871351421,16.5867565325929,3.83347818686302,0,0,3.02071786770357,0.0509862157638753,0.0348349122906006
244,0.00444486389086773,27.9883168525,10.7835204885,0,2.998074051,0,0,0,106.58828615,-0.000353309324016189,-0.0764860158158065,"06",28.2456233483036,0.642366062295798,15.3523126280625,4.85586225616372,0,0,3.74516501969643,1.49457710190135,0.0329482225715515
245,0.00445170564273669,27.6798418557143,8.35616239814286,0,2.99811148314286,0,0,0,94.0036372971429,-0.000346467572147229,-0.0749479503765214,"06",28.0056523174107,0.667421321146794,13.9828070119375,6.17327094735686,0,0,3.231515591,0.270021189670036,0.0318892693296398
246,0.00450405389832187,27.07642604,5.861888534,0,2.998074051,0,0,0,81.61734790875,-0.000294119316562049,-0.0632574063478151,"06",27.8385046742411,1.07527844166031,10.101642006183,5.74627195605414,0,0,3.07632938638393,0.15630834590553,0.0414486591347895
247,0.00457987126860553,26.2271050657143,4.09899323142857,0,2.99811148314286,0,0,0,69.5721181542857,-0.000218301946278389,-0.0465643738091748,"06",27.6789791695536,1.57754746127912,10.5873550556518,1.4917093706424,0.000401376375,0.00080275275,3.00063940083928,0.00574898812962949,0.0465705005151093
248,0.00466296230470418,25.3323752875,8.4658984705,0.0016055055,2.99853814675,0,0,0,57.9323719375,-0.000135210910179739,-0.0285843307594913,"06",26.6737210799107,1.3447974520987,20.1275789835625,15.0769543611775,0.10836384125,0.2167276825,2.03052663149107,0.86242021668837,0.0526939640917992
249,0.00474873757751172,24.9197483871429,5.44610997214286,0.433455365,3.02070408385714,0,0,0,46.6025913071429,-4.94356373721989e-05,-0.0103564554581501,"06",24.5269088767143,2.43893228219309,19.5228574339,13.6990753980728,3.728776913175,8.33727077499118,-4.28947885189643,6.77692578404594,0.0584708461342826
250,0.00483595018982384,24.1234385125,3.336083218875,18.642940255,-12.5085026165,0,0,0,35.48728846,3.77769749399211e-05,0.00784236742340383,"06",23.8152336148214,3.198051993083,15.0687414803125,11.8821367716855,3.63825702516965,7.59186963560319,-15.6876435450833,11.2278868520695,0.0766481256818417
251,0.0049239331134905,22.5615936285714,3.07520768457143,18.9566886514286,-32.3417272,0,0,0,24.9521858085714,0.000125759898606581,0.0258723586800738,"06",22.5592783079847,3.48897953521969,17.1232034589337,13.3703096850577,5.2243945199949,8.24093043183891,-18.522346504074,8.30248148885361,0.0992835124772744
252,0.00501236281241339,21.67776502625,2.954469978625,13.4965541475,-15.761683114,0,0,0,15.1165043525,0.000214189597529471,0.0436721570306755,"06",18.9567605846939,4.40025093230996,21.1248006190842,12.7339425070553,5.56711229033163,9.51667201655116,2.92002557521428,40.6746418839488,0.104102996903214
253,0.00510098368616208,20.7690740028571,2.99445642885714,18.7674877285714,-1.03213549985714,0,0,0,5.70318291871429,0.000302810471278161,0.0611981342915229,"06",17.2938239213988,4.34555841757336,17.2326902548482,11.6084984123963,7.34389484958333,11.3778275955888,27.4477058429167,47.7535591287557,0.10467114420931
254,0.00518960330023396,19.10225814875,2.908534569875,21.8300596075,10.155611457,0,0,0,-3.135046326875,0.000391430085350041,0.0784219920344862,"06",4.19643902526662,6.82543370636076,7.74998504993658,9.24620747016404,31.4545094105179,27.4135573414352,-7.96061259847845,39.0294883211866,0.115765357548448
255,0.00527803322083511,17.2665817028571,2.63079769985714,23.0341330557143,20.87511613,0,0,0,-11.2287104425714,0.000479860005951191,0.0953182651332201,"06",3.20187838735516,5.79180428168799,5.96438545933466,8.08405847000062,35.0761244056091,26.0858041437028,-4.2126078893135,49.2835293079143,0.13791692811967
256,0.00536603394095538,14.8817013,2.687379661875,25.62478530375,41.242419755,0,0,0,-18.439112965,0.000567860726071461,0.11185380972297,"06",10.9149999928516,2.96571183410442,7.86253002130083,7.85884542748461,10.4491707155082,14.3586182826954,102.515199548396,170.372410329728,0.207858329413013
257,0.00545332202971712,12.36470996,2.53128687171429,23.1168468871429,143.004398395714,0,0,0,-24.58211917,0.000655148814833201,0.127989701967973,"06",9.24917014706667,1.8514293628379,9.00783666462024,6.95371441787268,6.40343199995595,11.740587869528,208.615051510119,215.857270814669,0.207545013082913
258,0.0055393578821034,10.295868538375,2.340759952625,16.330163992,285.615377725,0,0,0,-29.57602789,0.000741184667219481,0.143643320253169,"06",8.04690105224726,1.33586139852041,11.4312666040769,5.77073890473661,3.58945371611676,9.22023654683906,377.360136935742,156.67663415983,0.200574056524698
259,0.00562329685152757,9.42425603471429,4.99225321871429,0.0672276351428571,379.509936371429,0,0,0,-33.2604168628571,0.000825123636643651,0.158682851991725,"06",7.43121109928175,0.95472115006217,12.2245972025992,5.1532006541484,1.79071703286706,5.35957365965965,446.016482835516,80.5390495473068,0.203487437561882
260,0.00570283974982726,8.767188986375,15.25279712,0.001039176,435.7095318,0,0,0,-35.077156975,0.000904666534943341,0.172728983954876,"06",7.06173134177806,0.705696424164808,11.0381658472194,5.2531841266563,2.3022020171148,6.07672205989934,447.967653033418,92.869258017521,0.201926537108219
261,0.00577129586024015,8.68159151471429,17.5014167728571,0,442.665242485714,0,0,0,-34.7149277914286,0.000973122645356231,0.184661372378142,"06",7.27491354735268,0.889065095945402,11.564994756317,5.08665463992558,2.01455666197545,5.68447431390682,446.435387879241,86.0893832449747,0.202621716945204
262,0.00579523805491853,9.34095403625,19.06452933375,0,384.451808475,0,0,0,-32.194215245,0.000997064840034611,0.188801286484686,"06",7.93906330358036,1.33485400042054,10.7951613766042,5.53086276234183,3.88857485912649,9.56411514833875,376.76916430747,163.628273148969,0.20556135764399
263,0.00575088214521456,10.6858429742857,20.2984038885714,0,209.903638642857,0,0,0,-28.0555176428571,0.000952708930330641,0.181117990906276,"06",8.22936788328096,1.36828695927809,10.3713572924,6.04597859439,4.19975972115119,9.21858371088671,339.468498456226,190.605661085935,0.20470412375416
264,0.00567954789006504,12.13330284125,22.99977290875,0,77.15144696,0,0,0,-22.975024215,0.000881374675181121,0.168636364269008,"06",9.62811824716191,1.86974993302718,8.29697864759166,7.0396765869,7.94455512576548,12.3418221558972,184.318197257452,199.725547939455,0.205739835578144
265,0.00560165279034224,13.9327781628571,23.27273397,0,32.8039666285714,0,0,0,-17.1667209185714,0.000803479575458321,0.154826427096387,"06",4.03092801076845,5.96574310602466,4.20877735252678,5.76356333763803,33.2158823040732,25.7103075014235,9.80390995941546,80.3971501444443,0.156610643825813
266,0.00552193781040513,15.57160552125,22.34170662875,0,20.6319007275,0,0,0,-10.5656450195,0.000723764595521211,0.140493583320106,"06",4.31602396759298,6.98694305735876,5.74693295119458,7.83246340636582,34.2647318043417,25.3194582126727,-2.99556355265395,47.7497703343917,0.150602730335039
267,0.00544351734937968,17.1184096185714,24.9917180457143,0,-2.35308458671429,0,0,0,-3.29496474771429,0.000645344134495761,0.126190155794571,"06",3.73494007550574,6.47354293048373,7.13420887151594,8.78949597662882,32.5778847466078,27.2283663012889,-8.16088145604146,39.7305085953177,0.11646034409819
268,0.00537242052916752,19.20176739,30.81512415875,0,-22.46831893125,0,0,0,4.762814511125,0.000574247314283601,0.113043289803921,"06",15.7703755994405,5.08264486631638,15.8375619802649,10.0477541083108,7.34389484958333,11.3778275955888,34.0903114874375,41.8255154774532,0.112763522853966
269,0.00533163563195225,22.0608147842857,28.7998316128571,0,-25.2831833071429,0,0,0,14.0009684385714,0.000533462417068331,0.105422796560882,"06",19.4952025428869,4.95033000552494,15.3205106329077,13.7684552601737,10.2005159203869,11.2282532303249,13.4616917989821,38.3320489874422,0.120049344017425
270,0.0053554870145693,24.236269745,27.12541072125,0,-11.034137812375,0,0,0,24.4748627325,0.000557313799685381,0.109886378117853,"06",22.2797797351488,3.73515333527191,15.4561689152143,13.8265896829842,6.09512693999405,8.66757473011308,-19.7703812860238,8.34467948964327,0.100247409353691
271,0.00541020102507265,26.06261538,26.2290132271429,0,-1.945250826,0,0,0,35.8286147285714,0.000612027810188731,0.120050982622185,"06",23.8592628859184,2.92173187722255,13.3926474429643,11.7183339446544,5.7817832008597,8.95507314679266,-15.2334805552857,10.319805430248,0.107140603956332
272,0.00546194911280628,27.4301684125,30.28982353375,0,1.742636773,0,0,0,47.91866722625,0.000663775897922361,0.129570438646859,"06",25.6847593055357,1.90311699817535,14.4367026641667,13.1598919908983,3.17955665514583,7.57746161530333,-2.72669065185714,7.00994087623893,0.0817733391697291
273,0.00549094928194434,28.6953153457143,11.7191828281429,0,2.99667798842857,0,0,0,60.6400680728571,0.000692776067060421,0.134865883803241,"06",26.7045040470238,1.38186631799597,16.6014625435,12.911179939576,0.0725101450833333,0.176827488957547,2.35313464007738,0.834292165516537,0.0780718159593096
274,0.00549677883416632,28.44144469125,7.828984795625,0,2.998302713,0,0,0,73.58217737,0.000698605619282401,0.135926986262501,"06",27.9914565052857,1.00310915680663,9.75702195699287,3.19659641389322,0,0,3.00004848457857,0.00514227941724405,0.0741198033127663
275,0.0054925466296154,27.98829421,15.0276661014286,0,3.48438029014286,0,0,0,86.31920487,0.000694373414731481,0.135156747052264,"06",28.11428483475,0.581594282458112,11.2709548142107,4.76556737214268,0,0,3.06067083287857,0.139821940476487,0.0713527608441666
276,0.00546898509101025,27.86503663,18.58415751625,0,5.987030617125,0,0,0,98.9201924875,0.000670811876126331,0.130857790471643,"06",28.1883264270714,0.356464383437202,14.84002570495,4.46021673512251,0,0,3.18484225585714,0.256077297938181,0.0705672599393617
277,0.00541113512797152,28.1022268257143,20.4884489271429,0,3.111923258,0.857142857142857,0.285714285714286,0,111.558240542857,0.000612961913087601,0.120223623573491,"06",28.31312755825,0.490423284210617,15.7348768732714,3.24803438650228,0,0,3.59573933952857,1.33677249519633,0.070898166224955
278,0.00533323380714318,28.64459424375,22.944567235,0,2.997190085875,3,1,0,124.362470575,0.000535060592259261,0.105722504903689,"06",28.4706742816786,0.603859919005099,16.0475589030357,3.17545103349009,0,0,3.02086635168572,0.0509023606655043,0.0700862934675163
279,0.00525037331215246,29.0777132771429,16.3404615785714,0,2.99921219828571,3,1,0,137.426153228571,0.000452200097268541,0.0900639141149107,"06",28.6354495352857,0.638184856853568,15.0832280878857,4.94695387053679,0,0,2.99802940967857,0.000538833703338122,0.0669361278537896
280,0.00516645478326636,29.06766320375,15.92367671875,0,2.4110418325,3,1,0,150.55999795,0.000368281568382441,0.0739514579978646,"06",28.5961387463214,0.494436205588749,14.3112225896643,2.18009600206224,0,0,2.98885587071429,0.021296033244401,0.0625507842078497
281,0.00508382903103386,28.9662924771429,13.5118405614286,0,1.499693236,3,1,0,163.6767997,0.000285655816149941,0.0578294575194995,"06",28.4916891038214,0.421354561006372,14.4703907708571,1.48581024332256,0,0,2.28924531210357,1.28229731208831,0.0592678610237926
282,0.00500724303288905,28.72011635125,16.52886561375,0,1.4990370255,3,1,0,176.7012681875,0.000209069818005131,0.0426502046810961,"06",28.4747504607143,0.346662591575208,13.8969356224429,2.60988637411112,0,0,2.09876952682857,1.34077450888553,0.0597737580884795
283,0.00495590193848404,28.7261205514286,16.4835177771429,0,1.49905574157143,3,1,0,189.6650984,0.000157728723600121,0.032343911241826,"06",28.5387238222857,0.20783448960731,13.6228629466036,3.81145853771092,0,0,2.09983491200357,1.33848624961892,0.0632584841090851
284,0.00496968282781204,28.8330094175,15.612667855,0,1.498242238375,3,1,0,202.66511215,0.000171509612928121,0.0351207547689336,"06",28.6588990896429,0.16919941355097,14.3081921139107,3.31548719741978,0,0,2.33828793285714,0.909480082692261,0.0662046568728299
285,0.0050030073379868,28.9202861385714,15.8424164514286,0,1.56341556657143,3,1,0,215.711412157143,0.000204834123102881,0.0418039331267428,"06",28.7999441508571,0.208301058595382,14.2100629177786,2.66456787779614,0,0,2.46893839367857,0.897721943802848,0.0660025326514233
286,0.00498814327785352,28.97457657125,16.5779577325,0,3.012526507875,3,1,0,228.7856085,0.000189970062969601,0.0388284858787591,"06",28.9901471617857,0.315604238159399,15.0742447922143,3.0748184634366,0,0,2.63880026742857,1.41758419841045,0.0622651439350598
287,0.00492886526107528,29.0616494985714,16.2229331042857,0,2.998416914,3,1,0,241.897087085714,0.000130692046191361,0.026873525599183,"06",29.011722146875,0.410705534914126,15.1874262590625,0.962808532381521,0,0,2.98788248775,1.20159848174808,0.0548807359507664
288,0.0048667263973654,29.15626054875,18.09971861125,0,2.998074051,3,1,0,255.0448984125,6.85531824814812e-05,0.0141862478662453,"06",28.9307155432143,0.397267961994071,16.5029561871428,1.07742466863825,0,0,2.61916928560714,0.746786243842139,0.0445257340158242
289,0.00480029417748725,29.3705680871429,17.9855961357143,0,2.99811148314286,3,1,0,268.257982785714,2.1209626033308e-06,0.000441937760885303,"06",28.9140801603125,0.466316362184229,15.262867700375,2.15177175953199,0,0,2.623357659875,0.749547093941354,0.0333644999560608
290,0.00471891417900452,29.6647086375,17.31517982375,0,2.998188381875,3,1,0,281.5950240375,-7.92590358793992e-05,-0.0166565385806825,"06",28.8372696346429,0.446403733358151,15.04853906025,2.20248344947574,0,0,2.62326309921429,0.749696767857145,0.0234845113456369
291,0.0046333433870515,29.93143098,17.0477062471429,0,3.241101664,3,1,0,295.060124171429,-0.000164829827832419,-0.0349565431674579,"06",28.83634748375,0.562525014460757,14.3799099493437,2.4004658652706,0,0,2.6201870803125,0.755850163879871,0.0158275583874733
292,0.0045470522689568,30.10634667125,9.163167340375,0,4.47810474125,3,1,0,308.6273544125,-0.000251120945927119,-0.0537560940523774,"06",28.8193797825,0.746689359695628,13.8756285565357,3.18756421393578,0,0,3.03249360446429,0.14769097936744,0.0115587455689763
293,0.00446160228356492,29.8416294671429,4.53807775585714,0,2.927469393,3,1,0,322.190941414286,-0.000336570931318999,-0.0727273057505515,"06",28.762018739375,0.930419947613355,13.4987297044687,3.19698848168428,0,0,2.68497747875,1.75631635650479,0.00705699795332544
294,0.00437974967003591,29.36780968625,3.984184089625,0,1.48261797025,3,1,0,335.5693049625,-0.000418423544848009,-0.0912436934559775,"06",28.7034491367857,0.798082660928587,12.3629839071786,5.39145801937708,0,0,2.19783316046429,0.963435434507615,0.0155952653880909
295,0.00431062845258302,28.8091637814286,3.96296288285714,0,2.38316292071429,3,1,0,348.714183542857,-0.000487544762300899,-0.107151556734786,"06",28.6035791040625,0.539901215207451,12.7785021208438,5.92328209576746,0,0,2.24500124040625,0.870805394010963,0.0124688510781347
296,0.00426373652406145,28.29523814625,8.9675911525,0,2.99903717675,3,1,0,361.601080775,-0.000534436690822469,-0.11808936846788,"06",28.4072896721429,0.379413736849116,12.8696283360714,6.11995857574417,0,0,2.46961040714286,0.709007828221617,0.0131774261702195
297,0.00424836174565283,27.9107860857143,14.3056209328571,0,2.99811148314286,3,1,0,374.2965459,-0.000549811469231089,-0.121701825533124,"06",28.1654077890625,0.384462378179697,14.7331698871875,3.93171649251975,0,0,2.6235555760625,0.74967917119104,0.0164051096390315
298,0.00427030388234585,27.81245520375,16.549364025,0,2.998074051,3,1,0,386.869388875,-0.000527869332538069,-0.116550271131999,"06",28.1028264539286,0.37523628794165,14.5740204547857,1.38167374570094,0,0,2.62334754775,0.749527870785715,0.0195350814434067
299,0.00428457535096618,27.8552308571429,15.4123541957143,0,2.99921219828571,3,1,0,399.444352814286,-0.000513597863917739,-0.113213816896575,"06",28.3115965240625,0.378987443310377,11.9385010056562,5.45041027051735,0,0,2.623797039375,0.74855402325,0.020939387616185
300,0.00425505233915895,27.8215840225,17.72145799625,0,2.4110418325,3,1,0,412.0171845375,-0.000543120875724969,-0.120128200007498,"06",28.52295627,0.561019668576589,12.8805823616786,4.08701807836579,0,0,2.89747288257143,0.202011677632916,0.0208295650055067
301,0.00420147086286844,27.94322942,18.0285098142857,0,1.499693236,3,1,0,424.607551814286,-0.000596702352015479,-0.132800592855793,"06",28.5732119434375,0.638461848508897,15.2054200571875,1.98416717975422,0,0,2.85128741371875,0.293497059094394,0.00236237362211522
302,0.00415497705064456,28.20993168375,16.84727946125,0,1.4992656875,3,1,0,437.2853209375,-0.000643196164239359,-0.143928357034453,"06",28.6897048107143,0.663907382749891,14.6218667785714,2.71578016857299,0,0,2.62350692135715,0.74920912357143,0.0024991453888692
303,0.00413275171174208,28.4160355857143,16.3909531,0,2.14565169157143,3,1,0,450.078573071429,-0.000665421503141839,-0.149291802746102,"06",28.83204953,0.664928381430465,14.9215063212188,2.23935512670844,0,0,2.623371960125,0.74940418175,0.00232406808077743
304,0.0041258233956404,28.63245742875,16.87519572125,0,4.493253119,3,1,0,462.95889235,-0.000672349819243519,-0.150969650914625,"06",28.8871359796428,0.604044756048112,15.1884353760714,1.69467088400666,0,0,2.78499653525,0.426229895785715,0.00038899592163598
305,0.00410382670938712,28.8770364928571,17.44925662,0,4.497167225,3,1,0,475.956572957143,-0.000694346505496799,-0.156315379547287,"06",28.95037363375,0.554922910853745,15.3186179765625,1.54655456743411,0,0,3.371868818,0.747589534,-0.00410820860891113
306,0.00405223563338921,28.90649176125,10.918249631125,0,4.499034495875,3,1,0,489.0228698,-0.000745937581494709,-0.16896652434363,"06",28.9749596542857,0.492259483823222,16.1694130525,0.945403361148312,0,0,3.37287541860715,0.74952787092857,-0.00581480655628104
307,0.00400414327152694,28.5163469385714,15.1048243671429,0,3.61275461571429,3,1,0,502.000536,-0.000794029943356979,-0.18090561819698,"06",28.95991908375,0.433933829238309,14.2493205321563,2.28062849254981,0,0,3.37331416221875,0.7504802224375,-0.00832998136052563
308,0.00398555313634,28.38230885125,16.83917644,0,2.9971109255,3,1,0,514.8349921375,-0.000812620078543919,-0.185559153780967,"06",28.8777671453572,0.468244353528664,14.5537135965,2.09193179956619,0,0,3.15177226628572,0.307321566285715,-0.0110008506908848
309,0.00397873602164266,28.4594495957143,16.24115011,0,2.99811148314286,3,1,0,527.6723028,-0.000819437193241259,-0.187271074595447,"06",28.840340311875,0.485015243733056,15.7343690053125,1.85021134846132,0,0,2.9978729919375,0.000513535956567288,-0.0158690988322411
310,0.00396541738731431,28.59212832625,16.32385831375,0,2.998074051,3,1,0,540.5497848875,-0.000832755827569609,-0.190624143396096,"06",28.8733569210714,0.468651758613862,15.0666507171429,1.80307887904258,0,0,2.99751494946429,0.00119306735714497,-0.0228031565680644
311,0.00395521103775899,28.7561789771429,15.8166781042857,0,2.99811148314286,3,1,0,553.506358814286,-0.000842962177124929,-0.193201301267633,"06",28.9745278683214,0.405627137097588,15.1521951071429,1.48200561862772,0,0,2.76902440692857,0.512191499826305,-0.0313185727593268
312,0.00396819446704003,28.6460746575,11.9904431025,0,2.998074051,3,1,0,566.4806118625,-0.000829978747843889,-0.189924063830794,"06",29.0431487115357,0.377131514678529,15.0711363713857,1.40430014889744,0,0,2.69819254808572,0.670618201519002,-0.0440812038637109
313,0.00398322289412969,28.3514997157143,16.44001391,0,2.99811148314286,3,1,0,579.353466514286,-0.000814950320754229,-0.186143996976293,"06",29.05137152575,0.392112302174735,14.5158839962321,1.76305183733364,0,0,2.69827413232857,0.670393923198159,-0.0543031422745603
314,0.00396747557697327,28.37663092625,15.58477246,0,2.998074051,3,1,0,592.1492425875,-0.000830697637910649,-0.190105243251465,"06",29.0046276474286,0.449217861164351,15.6189876642143,0.934082951559568,0,0,2.6982928484,0.670393923198159,-0.0656026736107847
315,0.00394062682245914,28.4742706828571,15.4439413585714,0,2.99811148314286,3,1,0,604.994903742857,-0.000857546392424779,-0.196895458056125,"06",29.0464208037857,0.448879713657821,15.0431675277857,1.1710492721418,0,0,2.69827413232857,0.670393923198159,-0.0769118071658306
316,0.00393756732064905,28.58925200375,15.7837630425,0,2.999997470375,3,1,0,617.876051575,-0.000860605894234869,-0.197672159373877,"06",29.1213830508214,0.43551065615986,15.1394517084286,1.91348686830163,0,0,2.6982928484,0.670393923198159,-0.0870864370098835
317,0.00394889269705169,28.71866066,15.7184208628571,0,2.11369887385714,3,1,0,630.823679285714,-0.000849280517832229,-0.194800051007063,"06",29.1833212525357,0.434068457033061,15.4732862737857,1.44662946291496,0,0,2.69865881620357,0.670609478501114,-0.094898062214059
318,0.00395520851313378,28.8551580275,15.8993239725,0,1.4980739,3,1,0,643.819210925,-0.000842964701750139,-0.193201939571361,"06",29.1959465108929,0.425491740802988,16.0491517159643,0.749958266870824,0,0,2.52141032654286,0.687955997445351,-0.09951315766924
319,0.00396077585984503,28.9918616728571,17.4373830471429,0,1.49905574157143,3,1,0,656.888542385714,-0.000837397355038889,-0.191795330556939,"06",29.2010949991071,0.470574249935929,15.9617373406179,0.474422126295436,0,0,2.39824232430357,0.821370553263171,-0.101895145449538
320,0.00395337728257218,29.20076003125,16.62724026125,0,1.4992084865,3,1,0,670.0220585125,-0.000844795932311739,-0.193665038940912,"06",29.1071373848928,0.451891471298816,14.3415158248357,5.36576635638761,0,0,2.39895892708572,0.820406774384675,-0.10355938999633
321,0.00393061754570149,29.1961243128571,15.0552511328571,0,1.48203726214286,3,1,0,683.235280414286,-0.000867555669182429,-0.199438710794897,"06",28.8928633159643,0.342568361758898,15.4538426878429,1.8400139799052,0,0,2.65568315005357,0.653043487677556,-0.103638180096754
322,0.0039207166968625,29.155481275,16.0455254675,0,2.942696451875,3,1,0,696.3946443,-0.000877456518021419,-0.201960792654894,"06",28.7416105337143,0.379314719588125,15.6404435416428,0.61043434972089,0,0,2.69454614425714,0.677813472034257,-0.100514401130769
323,0.0039241323987817,29.2813195814286,17.0565246971429,0,2.99794867157143,3,1,0,709.603902642857,-0.000874040816102219,-0.201089978696252,"06",28.6695698315,0.400560883883321,15.9810380308571,0.413070206643115,0,0,2.81442231417857,0.380478397841319,-0.095389117245792
324,0.00391853925931305,29.37719335875,16.40396240125,0,2.998074051,3,1,0,722.8449695375,-0.000879633955570869,-0.202516314138583,"06",28.6564064117857,0.481732783886328,16.1375696920357,0.578836132156867,0,0,2.69798626305714,0.670988457566165,-0.0915911078870239
325,0.00390598184070629,29.4228082471429,15.0330387057143,0,2.99811148314286,3,1,0,736.139140914286,-0.000892191374177629,-0.20572607711485,"06",28.8039842684375,0.558687819664838,16.1485608609375,0.616536358612691,0,0,2.73336627278125,0.5294155564375,-0.0896547430579002
326,0.00390442937163417,29.38659267875,15.70932160875,0,2.998074051,3,1,0,749.4131521625,-0.000893743843249749,-0.206123615480143,"06",28.9797989989286,0.638590742804876,13.5640117372143,3.69223204921681,0,0,2.99934884542857,0.00236742784631179,-0.0873835432918832
327,0.00393522383082908,29.3921075,16.3682392871429,0,2.99811148314286,3,1,0,762.700104514286,-0.000862949384054839,-0.198267498379971,"06",29.0911666884375,0.68433825917344,13.3917201927812,1.66025782382987,0,0,3.01191845096875,0.0276887999375,-0.0845995457207898
328,0.00399515179846693,29.44825568125,16.03327153625,0,2.998074051,3,1,0,775.9812281375,-0.000803021416416989,-0.183153685443729,"06",28.9928506235714,0.57227107098404,13.5001022011429,4.06641242706999,0,0,3.37721873325,0.758181601618792,-0.0824618638563184
329,0.00404901945233354,29.5517638771429,16.5374411228571,0,2.99811148314286,3,1,0,789.311974471429,-0.000749153762550379,-0.169760520116188,"06",28.8796863503125,0.546110120450726,14.0718129522187,2.8785554785841,0,0,3.33677927059375,0.786631611338966,-0.0888633292368237
330,0.00407990090560192,29.632645665,17.2168162125,0,2.998074051,3,1,0,802.672476775,-0.000718272309281999,-0.162162561294709,"06",28.8771563782143,0.565312092568172,14.6303129888214,2.54401607174575,0,0,2.63782623485714,0.763972706313925,-0.0884996787322902
331,0.00411907306731734,29.6859434414286,16.5461209285714,0,2.99699565542857,3,1,0,816.075543342857,-0.000679100147566579,-0.152607107418276,"06",28.83547624875,0.619222689486351,15.862012849375,1.65649777646013,0,0,2.60917621575,0.740580920613056,-0.0861194874311726
332,0.00418353880540526,29.6911830775,15.23029057625,0,1.407498315,3,1,0,829.4828132875,-0.000614634409478659,-0.137077769646915,"06",28.8046556946429,0.647358209274833,15.9408526814286,1.85504429150745,0,0,2.24423143410714,0.869887025038544,-0.081668114979579
333,0.00425494784446236,29.6201888028571,14.28362527,0,-0.00141633971428571,3,1,0,842.884853571429,-0.000543225370421559,-0.120152758101948,"06",28.8273081571875,0.61251909510226,15.4756509196875,1.66503547437499,0,0,2.39479694159375,1.12233806449738,-0.0773697815125336
334,0.00431413194335264,29.499871535,14.5370102675,0,0.001938486125,3,1,0,856.225172225,-0.000484041271531279,-0.106339130482869,"06",28.8448805603572,0.535477080801355,14.5821588935714,0.892029726456488,0,0,1.87288709803572,1.43524921919021,-0.0762363041026127
335,0.00432169811645125,29.4035464771429,16.3966572342857,0,0.96579483,3,1,0,869.534847171429,-0.000476475098432669,-0.104586855413313,"06",28.754075558125,0.517561970595137,14.64324444875,1.83213447767794,0,0,1.69870139653125,1.2863013848441,-0.0787738685811766
336,0.00426766377547948,29.4321584375,17.44717919625,0,2.99420559725,3,1,0,882.8042109875,-0.000530509439404439,-0.117168710319047,"06",28.6470774810714,0.533772616388756,14.7574670371429,1.5123487401732,0,0,1.76508315875,0.867623106452971,-0.0819037225267418
337,0.00419733037114668,29.5902618442857,16.6977194428571,0,2.99811148314286,3,1,0,896.1413882,-0.000600842843737239,-0.13378656498282,"06",28.4623938916429,0.579836557033075,15.6525828485714,1.10720518972299,0,0,2.72344149896786,0.516098063625541,-0.0701945505647983
338,0.00413122408652477,29.8019687075,17.57371530625,0,2.998074051,3,1,0,909.5503445,-0.000666949128359149,-0.149661509830206,"06",28.4991299903571,0.671742331583904,15.1545396207928,1.899825652142,0,0,3.24808169433572,0.562514321054543,-0.0678256181918977
339,0.00409528860814885,29.9455972314286,16.7220012828571,0,2.99811148314286,3,1,0,923.0533657,-0.000702884606735069,-0.158398068663264,"06",28.6289725699286,0.825028540806404,15.2969260072286,3.58866840902227,0,0,3.21678550499286,0.735650044846087,-0.0651984567966319
340,0.00407729339363586,30.03859200875,16.83587622,0,2.998074051,3,1,0,936.6019750625,-0.000720879821248059,-0.162801877190662,"06",28.8485551328125,0.950227031093421,15.8761003601785,1.36208362000136,0,0,2.684560321625,0.797330443583351,-0.0306784804112324
341,0.00403209657743205,29.9725491357143,15.9086742171429,0,2.99811148314286,3,1,0,950.167218785714,-0.000766076637451869,-0.173948778064235,"06",28.8617909986161,0.964447513636747,15.7070446421875,1.17300391228184,0,0,2.62264482026786,0.749060466042717,-0.0305756927742169
342,0.00396416244083296,29.87016365125,15.424534346625,0,2.998074051,3,1,0,963.6704618875,-0.000834010774050959,-0.190940666210008,"06",28.8098876546429,0.919315813473908,15.6077133887054,1.42652453990245,0,0,2.37794565658929,0.746618663820989,-0.0278537832805347
343,0.00390161830440447,29.5238663414286,4.355982184,0,2.99844927728571,3,1,0,977.117152628571,-0.000896554910479449,-0.206843843538145,"06",28.7435268679911,0.874787393876309,15.874190870808,1.67627833655569,0,0,2.99703321236161,1.22224423292239,-0.0235447988773261
344,0.003880240071215,28.62739743125,14.320732597625,0,3.01068666775,3,1,0,990.2375157875,-0.000917933143668919,-0.212338234566408,"06",28.6348837202679,0.757176487622545,13.0356098629643,6.07537637049605,0,0,2.84462725533928,0.989253137905752,-0.0171615024977024
345,0.00390121810454914,28.3010742771429,18.1277849757143,0,1.61914978185714,3,1,0,1003.07366321429,-0.000896955110334779,-0.206946421581423,"06",28.4471863751339,0.56753971310532,15.0152728102545,1.81579867157236,0,0,2.62616270282589,0.750976501927452,-0.0104710403688641
346,0.0039222084892323,28.45586153125,17.11779087125,0,1.496272821,3,1,0,1015.87823725,-0.000875964725651619,-0.201580375319691,"06",28.4472686695982,0.63118565537925,15.4437465713839,3.00915519949061,0,0,2.38893577624553,0.715143071733843,-0.00553747811103127
347,0.00391431898579781,28.6190986985714,16.50375265,0,2.54349891814286,3,1,0,1028.78259985714,-0.000883854229086109,-0.203593896212404,"06",28.4687093262143,0.643141127676604,13.4283597247286,3.49992066465019,0,0,2.39222285043929,0.659490714489993,-0.0342153094213773
348,0.00387889982324145,28.8443884025,16.30842380125,0,2.55883126425,3,1,0,1041.75074475,-0.000919273391642469,-0.21268369758694,"06",28.5447412132857,0.58637471877437,13.3462607714572,2.70681478713528,0,0,2.30644475897143,0.762515977733265,-0.0320297346665728
349,0.003831320075555,29.0505344142857,17.8335604742857,0,1.49426910442857,3,1,0,1054.83719814286,-0.000966853139328919,-0.225025848927713,"06",28.49631943575,0.476519375109081,13.62945231245,3.11289644926669,0,0,2.31062191309286,0.762258144162715,-0.0297356793536781
350,0.00378256929936784,29.2644516075,17.27218775625,0,1.4990370255,3,1,0,1068.00156075,-0.00101560391551608,-0.237831772084955,"06",28.4725838890714,0.464634377718897,14.3972710735571,3.02796804177282,0,0,2.09770948112857,0.821936040874993,-0.0265745249671953
351,0.00374705246682738,29.4619106614286,17.36451292,0,1.49905574157143,3,1,0,1081.27492142857,-0.00105112074805654,-0.247265737326543,"06",28.5805493423571,0.514938585479102,12.9902834331357,4.10632849185342,0,0,2.09904886114286,0.820711420069478,-0.0230338105702136
352,0.00374126317917996,29.643558545,16.83179937375,0,1.4990370255,3,1,0,1094.617200625,-0.00105691003570396,-0.248811956508503,"06",28.7131582750357,0.590450521127516,13.34645660355,4.48789070788763,0,0,2.31774693338572,0.765318593510529,-0.0194391557024665
353,0.00376190665181972,29.6572018728571,16.8842087,0,1.49905574157143,3,1,0,1108.03048042857,-0.0010362665630642,-0.243309342375363,"06",28.6817858679286,0.616342125410284,13.9009542981107,4.58767374386424,0,0,2.39823204786072,0.820840564339163,-0.0237415982495727
354,0.00379803824653048,29.68216735625,16.3428862125,0,1.4990370255,3,1,0,1121.4185275,-0.00100013496835344,-0.23375057723825,"06",28.7239093169286,0.550442800343264,14.0431949866714,4.69856653974601,0,0,2.61533491449286,1.11102164036978,-0.0191833751571324
355,0.00383743044377893,29.7185514571429,16.3599311614286,0,1.49905574157143,3,1,0,1134.84787214286,-0.000960742771104989,-0.223432272675032,"06",28.7803542980714,0.516533279874238,13.6668307055143,2.13040028875628,0,0,2.56366132601429,1.02868803436539,-0.0137013152755762
356,0.0038703627911471,29.77026480625,16.06421250625,0,1.4990370255,3,1,0,1148.267667125,-0.000927810423736819,-0.21488701311578,"06",28.8315131876786,0.502663259316025,12.61631553095,5.4879502733989,0,0,2.69759310944286,1.25295478221342,-0.00858657643622725
357,0.00389434390587296,29.7889818642857,14.2422923142857,0,1.49905574157143,3,1,0,1161.73513542857,-0.000903829309010959,-0.20871004048982,"06",28.9527905237053,0.620509040036344,12.0458945378482,6.12939280326697,0,0,2.27563164983929,0.89781094878869,-0.00492135999679396
358,0.00390080523363965,29.5530335975,15.061739525,0,1.4990370255,3,1,0,1175.131293125,-0.000897367981244269,-0.207052258460242,"06",29.0339147735714,0.722076285466913,11.1358854147902,5.60633299173388,0,0,1.87377614504911,0.749531939088575,-0.00114021731905951
359,0.00388550340379341,29.3033441442857,7.60863116014286,0,1.49905574157143,3,1,0,1188.44440757143,-0.000912669811090509,-0.210982708655535,"06",29.004761764375,0.798628439183081,11.2253768220714,5.70957324432477,0,0,1.87384899619643,0.749933356936282,-0.00269171397959447
360,0.00385483898472131,28.72247671875,6.07776731325,0,1.4990370255,3,1,0,1201.546593375,-0.000943334230162609,-0.218906021905422,"06",28.9795364363839,0.916609676115547,9.31421759425447,5.16131952383961,0,0,2.19075926501786,1.15964995919733,0.00289446791708707
361,0.00382723199905075,28.12011462,16.1400463671429,0,1.49905574157143,3,1,0,1214.39171757143,-0.000970941215833169,-0.226093433699859,"06",28.8443167354018,1.05948394165443,9.97165906441963,5.83654636752518,0,0,2.19310097630357,0.806312988262641,0.00738301436715902
362,0.00382044771031242,27.94664133375,16.58126355,0,1.4990370255,3,1,0,1227.025292875,-0.000977725504571499,-0.227867642505242,"06",28.7284706128125,1.25357049155637,12.3354851705982,5.94187453411068,0,0,2.33137039742411,0.970533882865271,0.012011614483758
363,0.00384180355426772,27.9950226528571,16.0159073714286,0,1.49905574157143,1.28571428571429,0.428571428571429,0,1239.67893585714,-0.000956369660616199,-0.222293328126985,"06",29.0589149740714,1.34713432814551,12.1374175760786,5.18209493245166,0,0,2.69794150100714,1.2526801972444,0.0174563945249472
364,0.00388468167507537,27.975876955,15.41926453375,0,1.4990370255,0,0,0,1252.307346,-0.000913491539808549,-0.21119421679636,"06",28.8740270198214,1.08636178073236,16.3894099247071,5.08054237184515,0,0,2.83710458282857,1.8221247585987,0.0227632489309494
365,0.0039415681620011,27.9439656,16.0857534228571,0,1.49905574157143,0,0,0,1264.95398128571,-0.000856605052882819,-0.196656605928156,"06",28.4610726523661,0.744624661013884,17.1721626796429,5.05172985980462,0,0,2.05442616827232,0.650435147862669,0.0489571549044403
366,0.00401170846016546,27.859185755,13.79188286625,0,1.4990370255,0,0,0,1277.54923725,-0.000786464754718459,-0.179018060654966,"06",28.2630695253571,0.585311375630405,15.0998632252464,7.12236762981405,0,0,1.7921479636,0.444429649245842,0.0524371651412833
367,0.00409301225886068,27.5517297428571,9.41694248514286,0,1.49446544257143,0,0,0,1290.09129314286,-0.000705160956023239,-0.158954069066322,"06",28.1875063303571,0.754456363753132,12.0776366240964,4.1528145531268,0,0,1.969251614325,1.0543731143113,0.0561741696570496
368,0.00417971691271054,26.9969928625,15.85176324,0,2.514662735,0,0,0,1302.391613,-0.000618456302173379,-0.137991742147144,"06",27.8329180476786,0.725209151746397,13.3176819888964,7.0317528289484,0,0,1.94860617134286,1.00781425010216,0.0596389007412315
369,0.00426813507847087,26.8163238871429,13.7447775285714,0,1.495983865,0,0,0,1314.55200528571,-0.000530038136413049,-0.117058280589179,"06",26.7098321015774,1.01493143175026,19.657223151,8.74407958309695,0,0,3.40181458183333,2.67071240619218,0.0587324310900779
370,0.0043574057772907,26.6150399125,9.737895681125,0,-12.546207533375,0,0,0,1326.616201125,-0.000440767437593219,-0.096358388067582,"06",25.5507528729762,1.81126436134729,19.6593875340119,10.9316541330461,0.00128452952083333,0.00314644188558344,2.72417463828869,3.16501542594187,0.0656217363076406
371,0.00444711950898803,26.04709095,3.373488189,0,-23.0607811514286,0,0,0,1338.52273185714,-0.000351053705895889,-0.0759786783599168,"06",23.7832904262202,2.77743560959174,23.1316942055804,13.7573045981035,1.22756221314286,3.00690104972165,-6.52472356108928,8.90747158732062,0.0766149299196084
372,0.00453707631262442,25.000242635,2.8503621725,2.244333917625,-12.79531873875,0,0,0,1349.932665625,-0.000261096902259499,-0.055952443439871,"06",22.0998515750298,2.68062721377248,14.5360410566042,15.696710554616,6.24550287125,9.68490919830362,-26.5480833861905,6.4559251667809,0.0834698717154827
373,0.00462711385009583,23.2188732071429,3.276985457,23.30329437,-9.12280176942857,0,0,0,1360.73709871429,-0.000171059364788089,-0.0363019492529846,"06",19.4907546772959,3.06538521405403,16.6238079454056,13.4168757701601,6.26130780858929,9.99225375212092,-22.8483041138827,14.4282750344595,0.10246338481952
374,0.00471709579912263,20.00554442625,2.847785957125,32.18343151,-9.869264848875,0,0,0,1370.304531375,-8.10774157612888e-05,-0.0170419514554192,"06",17.6507084379082,3.09119016593629,14.1973236971505,10.5532747060178,9.99733542260204,12.4870289242587,-0.200190529750006,19.9426947480683,0.102947430669831
375,0.00480687983285772,15.5244198,2.19250228728571,35.7654957685714,0.406343803142857,0,0,0,1378.17583428571,8.70661797380129e-06,0.00181292495395891,"06",14.4466182558357,3.03885127564899,13.912347777225,9.67591481414257,10.9121250435,14.2689624053772,45.9324054312304,53.829788157787,0.104681543558606
376,0.00489625874636147,10.78222777,2.161246364875,30.0340649875,117.12466153875,0,0,0,1383.86707775,9.80855314775507e-05,0.020236126675333,"06",13.0714023512727,3.21431282939996,12.6564420640503,9.72507124099883,11.3077691546006,15.2031643160599,90.4838103877062,99.436272989552,0.107265779617784
377,0.00498495903020828,8.92210836814286,2.00564703757143,14.82658739,316.465526671429,0,0,0,1388.23068285714,0.000186785815324361,0.0381899187426304,"06",10.822254032599,2.30099529190877,11.3514829990162,8.75552531885169,8.50471596115259,14.0178823330496,188.28131397436,137.820172187562,0.0991445017887783
378,0.00507238992852642,8.203559181,2.425675581625,1.293869754125,444.2389330875,0,0,0,1391.82769825,0.000274216713642501,0.0555768264636134,"06",10.4048625496875,2.1983476200953,9.63679601106123,8.30384258394948,7.74131878304847,12.8346821093753,241.410284254829,143.291181932409,0.0782805144803933
379,0.00515743029609041,7.73479553285714,15.1090506121429,0.000420196571428571,496.962618985714,0,0,0,1394.121475,0.000359257081206491,0.0722031841202808,"06",9.47449542004533,1.21478931090471,9.79770591068819,7.78098953865947,3.85929529953434,8.8785875334192,306.439476535646,119.117678572842,0.0797817040752875
380,0.00523619710229211,8.139634865375,18.3528887875,0,468.8076643125,0,0,0,1394.422602625,0.000438023887408191,0.0873602240302942,"06",9.35023114238903,1.25633563577458,10.1770876750778,7.60931076239088,3.58366136360842,8.59238965234501,320.048272424936,125.26112216371,0.0873602240302942
381,0.00529211030887926,9.46490792714286,17.7419801457143,0,378.174017471429,0,0,0,1392.65144185714,0.000493937093995341,0.0979818233073848,"06",10.258108991775,2.19330485770606,9.15605464909881,8.2155470888105,7.3114888477869,12.4793433189617,254.932194177007,147.676660967409,0.0858484104859866
382,0.00528457814935204,10.86807206125,18.86621373125,0,250.630063075,0,0,0,1388.817460625,0.000486404934468121,0.0965575286072324,"06",10.3885729142921,2.19549432097895,9.69552365433929,8.37672481700442,7.74131878304847,12.8346821093753,230.189396408043,148.567342078684,0.0819359173057611
383,0.00525927660418997,12.4722770857143,21.2446943042857,0,92.79583983,0,0,0,1383.73839628571,0.000461103389306051,0.091758222501741,"06",13.1313148778286,3.38170278377687,11.7976168400268,9.80156576056956,12.4385460700607,15.5302924227748,90.2526074434768,104.811918232598,0.106072890608858
384,0.00527725875623289,14.05881471875,23.06308045125,0,44.27331289,0,0,0,1377.758372125,0.000479085541348971,0.0951715208099708,"06",14.9778125018973,3.06572543466773,14.2004196270357,9.46411331993832,10.6731565475893,14.8730175324145,30.1608328690379,33.2634196536477,0.106782939259583
385,0.00531047644941774,15.7512165471429,22.6238869,0,26.75225021,0,0,0,1371.08253971429,0.000512303234533821,0.101446290796449,"06",17.1705497432143,3.64341771639962,12.4332779780179,10.2214957414485,12.7705974335268,13.9706342543462,6.24656078845312,26.8378202369755,0.108383564399249
386,0.0053159548863156,17.20340785375,17.84014865875,0,19.75659901875,0,0,0,1363.617100625,0.000517781671431681,0.102477387146114,"06",19.9516738027806,3.37983170845007,11.955589648727,11.0452930406811,9.59034986144643,11.3484102692713,-20.3297415902296,15.1536212501172,0.106104935411373
387,0.00531712075428895,18.1755420371429,22.9613840542857,0,-7.189615546,0,0,0,1355.71775385714,0.000518947539405031,0.102696677969484,"06",20.4492999800357,2.92352807109619,14.7049582728357,14.5361572673023,4.331198689525,8.48606431158942,-30.6110403662857,13.5277088613875,0.0939957729208635
388,0.00534007077743116,19.99243932875,35.95451353375,0,-26.752739435,0,0,0,1347.200522875,0.000541897562547241,0.107003639727646,"06",22.1227132711429,3.11927576174807,17.0413731179179,16.7693431543681,3.6122715395,8.07728471550982,-20.8510837173714,12.8830972659194,0.0853116628518349
389,0.0053955265715832,23.3216554057143,33.3081971257143,0,-15.5341089007143,0,0,0,1337.50206628571,0.000597353356699281,0.117334930027369,"06",23.8756174303214,3.09495616110116,21.0963936215536,14.3356521913446,1.47307465577143,3.29389506623702,-4.72284649316428,8.65032400198397,0.079329596593459
390,0.00547193094172554,26.2025405625,24.6022124825,0,-0.148772280875,0,0,0,1326.234554625,0.000673757726841621,0.131396292133445,"06",25.4203953350714,1.99333892644831,18.6708225443143,11.9183418336722,0.001541435425,0.00344675439322628,3.29876402212143,3.16946464059199,0.0706813175250102
391,0.00555290840795203,27.2975637742857,15.1075967805714,0,1.49826636728571,0,0,0,1314.11061542857,0.000754735193068111,0.146086559892518,"06",27.0355042709375,0.518672018662105,18.099222036,8.86270284969831,0,0,2.78620993228571,1.95469395982488,0.0766199087432112
392,0.00563387543118093,27.72371451375,25.85920135,0,1.4990370255,0,0,0,1301.68522075,0.000835702216297011,0.160562290684434,"06",27.8602189311607,0.834427246744498,10.1823021486205,0.624514887339327,0,0,2.06099845780357,1.12696017819599,0.0680491832364984
393,0.00571181582215496,28.9521507228571,10.5561238622857,0,1.49905574157143,0,0,0,1288.89042228571,0.000913642607271041,0.174301711920954,"06",27.9963452322322,0.717859389784043,12.4580148145491,4.69360286259237,0,0,2.08680058251339,1.17904699627665,0.066018131512375
394,0.005779463797048,28.99168431375,5.714732043375,0,1.49852803025,0,0,0,1275.735932625,0.000981290582164081,0.186075640923276,"06",28.0809158282589,0.485372104142264,17.4461460207143,5.56212260115156,0,0,1.8655529469375,0.476901464644271,0.0635737047897827
395,0.00580825015855233,28.6899998914286,14.5987026485714,0,1.78938726771429,0,0,0,1262.72587757143,0.00101007694366841,0.191044079104373,"06",28.4656407307589,0.74655076318737,16.5799312584375,5.56661032518631,0,0,3.09093481065625,1.99697093499076,0.0658145772374435
396,0.00576503730590977,28.708272205,12.22977696375,0,5.93542183725,0,0,0,1249.7413845,0.000966864091025851,0.183576356065639,"06",28.735805090625,1.20623057917392,14.0511772351697,2.71645860650387,0,0,2.70079666971875,1.35840132553635,0.0634721236928352
397,0.00569353591685919,28.6899355571429,11.1849552071429,0,4.49144457485714,2.85714285714286,0.714285714285714,0,1236.78784785714,0.000895362701975271,0.171096213125999,"06",28.6991164658036,1.2693164542681,12.3572359449732,5.95250196152279,0,0,2.33113017299554,0.970808646500893,0.0599154049663388
398,0.00561439836974788,28.64472183,12.2314968125,0,3.329155882375,4,1,0,1223.81614725,0.000816225154863961,0.157099167204777,"06",28.6692093247321,1.15187776778326,12.779633378875,6.01635317692381,0,0,2.19310097630357,0.806312988262641,0.0556290075083736
399,0.00553334717767827,28.6244497285714,14.0415985085714,0,2.77858578971429,4,1,0,1210.89707885714,0.000735173962794351,0.142557640669994,"06",28.7967831544196,0.948238405358489,9.1568592540491,5.7241757926482,0,0,2.19075926501786,1.15964995919733,0.0511962615920482
400,0.0054547053682698,28.67637729875,11.7252884425,0,3.9121558945,4,1,0,1197.9348035,0.000656532153385881,0.128243338759349,"06",29.1294490747857,0.874464556223777,8.09501569784643,5.35925825326876,0,0,1.86963687665714,0.649529629531522,0.0211821454072141
401,0.00539285822670088,28.6357863871429,12.0228514957143,0,2.99874897771429,4,1,0,1184.999731,0.000594685011816961,0.116840260076833,"06",29.0950177530714,0.729170858958386,9.67195760623928,6.27290133498655,0,0,1.79873176403929,0.670452751050471,0.0153922090955851
402,0.00536758639839342,28.60612720125,12.640218945,0,2.998074051,4,1,0,1172.055700125,0.000569413183509501,0.112143079768091,"06",29.0432803906071,0.624039710805738,9.67514950414642,6.1794811339394,0,0,2.12029287229643,0.851586198729279,0.0101881123896556
403,0.00532236537325823,28.6149667914286,13.4595541842857,0,2.99811148314286,4,1,0,1159.14471757143,0.000524192158374311,0.103682556278383,"06",28.9049099414286,0.547919513420755,10.3266839916214,6.72812056372278,0,0,2.71923528264286,1.2603560137156,0.00593903163072369
404,0.00524979468150046,28.61538636125,13.90196932,0,2.998074051,4,1,0,1146.198914125,0.000451621466616541,0.089953700517964,"06",28.7804929828572,0.541528158220587,11.9680937410357,5.48954311824102,0,0,2.86278396501429,1.35293293981646,0.00126745125919188
405,0.00517792326210986,28.62787829,13.9097249985714,0,2.99811148314286,4,1,0,1133.285137,0.000379750047225941,0.0761687944622258,"06",28.6978836675714,0.576411862297622,14.5642210818,3.01829096181836,0,0,2.78051828363571,1.23647386574616,-0.004714304301796
406,0.00512676007627137,28.61102330125,12.7370715075,0,2.998074051,4,1,0,1120.331710375,0.000328586861387451,0.0662386290043582,"06",28.7363092026786,0.547956775703916,15.0988612420286,4.91951293688636,0,0,2.61511935803572,1.11092891895126,-0.0106411747409833
407,0.00509051265156945,28.4653374042857,6.50338465085714,0,2.99811148314286,4,1,0,1107.44171357143,0.000292339436685531,0.0591432764522821,"06",28.7703269928214,0.609232134256767,14.8084101503893,2.8951185341395,0,0,2.39822456143214,0.820833725524548,-0.0154531107793872
408,0.00504943723994927,27.9418092575,12.683827037375,0,2.997959720375,4,1,0,1094.68700675,0.000251264025065351,0.0510415331644563,"06",28.9066223340357,0.719664354938504,15.3726643812714,2.64666769536981,0,0,2.01793204185714,0.724706034382957,0.00604671105375972
409,0.00499925370014036,27.82191502,14.6366226928571,0,2.59445636571429,4,1,0,1082.12135414286,0.000201080485256441,0.0410533752412228,"06",28.8201570381429,0.602100718119975,14.1385468313857,4.41928008651667,0,0,1.79924519925714,0.670187140518378,0.00188084795826743
410,0.0049423011736533,27.9153071375,13.67971811125,0,1.5009660045,4,1,0,1069.5147115,0.000144127958769381,0.0295957815133283,"06",28.6884697877143,0.541956991568543,15.6827526428929,2.45239678603962,0,0,1.7978945896,0.670923900144904,-0.00310149750966647
411,0.00488149720322521,27.9845733142857,16.2746943414286,0,1.49905574157143,4,1,0,1056.90391185714,8.33239883412914e-05,0.0172167111519048,"06",28.6493858329464,0.527773530222599,14.7689576828839,3.40909832625405,0,0,1.87261833866072,0.750332142633588,-0.00803677162322981
412,0.00482268648329452,28.2029333775,17.40163624625,0,1.4990370255,4,1,0,1044.203060125,2.45132684106013e-05,0.00509586912531379,"06",28.7479908154464,0.562422593472789,14.0302139653482,2.42550894397455,0,0,2.13736116445536,0.761679467535697,-0.0119570721198654
413,0.00477574429843066,28.6107193042857,14.6361805901429,0,1.49446544257143,4,1,0,1031.38785485714,-2.24289164532593e-05,-0.00468542934191873,"06",28.6698573599107,0.60657388057521,13.8574049877857,3.59062097144633,0,0,2.50256657458482,0.425876107315887,-0.0153954664445965
414,0.00473581174402152,28.6633386625,11.132200184,0,2.510884671625,4,1,0,1018.412111,-6.23614708623989e-05,-0.0130821181716563,"06",28.35424325825,0.615408837393379,14.3726265264643,2.99629809114764,0,0,2.486188039025,0.718039855848916,-0.0189244512152317
415,0.00468733324887803,28.5335209471429,12.8796429442857,0,2.99731548285714,4,1,0,1005.51335442857,-0.000110839966005889,-0.0233714476583771,"06",28.2353167398571,0.56304055577956,15.3331000486786,2.42439692298872,0,0,2.42224508171071,0.788756517708658,-0.0233361323141784
416,0.00462201400206968,28.532288605,14.16686755375,0,2.998074051,4,1,0,992.6092677375,-0.000176159212814239,-0.0374047231607992,"06",28.2579983561786,0.546708923504981,15.1915182735964,1.90199750051947,0,0,2.87737940878929,0.859851097940527,-0.0296280333702571
417,0.00456418649634364,28.6263195785714,15.9099744757143,0,2.99811148314286,4,1,0,979.716741485714,-0.000233986718540279,-0.0499949705321709,"06",28.4603799841429,0.771072815580115,13.21981185755,5.25648998308152,0,0,3.17428386223214,1.1301918779555,-0.0365836429772819
418,0.00452744406223523,28.82738353,15.7444429825,0,2.998074051,4,1,0,966.7223190625,-0.000270729152648689,-0.058077708407871,"06",28.5793567138214,0.886731501706236,15.2210516091107,1.36018823524309,0,0,2.80093484001786,1.1457341731282,-0.0420788410018603
419,0.00448734075710266,29.0265439771429,15.0583356042857,0,2.99811148314286,4,1,0,953.669375157143,-0.000310832457781259,-0.0669749964963007,"06",28.6393693654286,0.933581239612107,15.1894842126072,1.03832282305417,0,0,2.50142786955714,0.70306813526538,-0.0457129297514331
420,0.00444137141114526,29.2045098775,15.215468765,0,2.998074051,4,1,0,940.500404325,-0.000356801803738659,-0.0772720584322784,"06",28.8718038271429,0.986461458051733,15.9045690944643,1.38662597917971,0,0,2.68455096358929,0.797325537042764,-0.0202060635329532
421,0.0044017816812769,29.3056281757143,13.8673421428571,0,2.99811148314286,4,1,0,927.294082871429,-0.000396391533607019,-0.0862258768393769,"06",28.8109489065179,0.932099418794668,14.740277570375,3.88293315438194,0,0,3.27142741671429,0.837657283306789,-0.0246330513691976
422,0.00435637595958875,29.1974303325,8.94619063775,0,2.998074051,4,1,0,914.046227175,-0.000441797255295169,-0.0965947533368077,"06",28.6689781373214,0.811921082218482,15.353551121125,2.43197743811671,0,0,3.31219147845536,0.628089078840734,-0.0303514973272962
423,0.00431124949674431,28.7103091757143,12.0325017241429,0,2.99811148314286,4,1,0,900.9675262,-0.000486923718139609,-0.107007494350325,"06",28.602298606875,0.692092623471944,15.3961123129911,0.901078964099405,0,0,2.95283128471429,0.0862521091234415,-0.036437709963381
424,0.00429436684648148,28.54872907,14.64481277625,0,2.998074051,4,1,0,888.041438175,-0.000503806368402439,-0.110931134646634,"06",28.6203759391071,0.587769903905057,15.7926199330804,1.26684638091463,0,0,2.35010920006696,0.750973503525794,-0.0407194948845043
425,0.0042899579261942,28.62184269,14.4202877485714,0,2.99811148314286,4,1,0,875.145663828571,-0.000508215288689719,-0.111958337295412,"06",28.6955544897768,0.513229625473854,15.0145594271875,2.14419298873252,0,0,1.93942993708929,0.8926435694142,-0.0421641487475026
426,0.00426806883629907,28.6858390875,13.56279074125,0,2.998074051,4,1,0,862.1898871,-0.000530104378584849,-0.117073800876864,"06",28.8002980397768,0.495335002204506,14.1367777247768,0.989402142616429,0,0,1.87372112547768,1.43379072234635,-0.0419304531540383
427,0.00424903818411593,28.7157543871429,13.4531830885714,0,2.99811148314286,4,1,0,849.232602985714,-0.000549135030767989,-0.121542614844161,"06",28.8459035712053,0.535055989076677,14.8516017859821,1.46330708669542,0,0,2.04257295693304,1.63806056391477,-0.0429728036403229
428,0.00427368244984752,28.71751196375,13.21548011875,0,2.998074051,4,1,0,836.2479576125,-0.000524490765036399,-0.115759406664917,"06",28.8357508895536,0.609772005956688,15.6213325397768,1.83639267673716,0,0,1.84685241998214,0.768541089577254,-0.0469790531963008
429,0.00432935075020762,28.7274067485714,13.1949622914286,0,2.99811148314286,4,1,0,823.284289157143,-0.000468822464676299,-0.102817674428795,"06",28.8496255304018,0.640999871969484,15.9112629997768,1.59793790320818,0,0,2.6089220908125,0.74036139951432,-0.0520942494624436
430,0.0043751026501273,28.7410344125,13.52078578125,0,2.997279264,4,1,0,810.29532745,-0.000423070564756619,-0.0923052808063822,"06",28.8757996379911,0.631640706896242,15.2252047034196,2.73580643685125,0,0,2.6393719691875,0.760859108786513,-0.055913282259636
431,0.00440266520395489,28.7010219071429,11.2025249024286,0,3.06247130842857,4,1,0,797.324767228571,-0.000395508010929029,-0.0860251776535215,"06",28.8653436014732,0.635535903301698,14.383565257933,2.96245370056823,0,0,3.00008777076339,1.23234803470748,-0.0574844723534034
432,0.00443442980215544,28.45499722,10.261734481375,0,4.511392072625,4,1,0,784.399034625,-0.000363743412728479,-0.0788362237581728,"06",28.860816680625,0.66970417456731,14.8183134225,1.71555885085145,0,0,3.33756339425893,0.788168776797286,-0.0576382324522668
433,0.00445746481860397,28.196916,13.2420063671429,0,4.51449113514286,4,1,0,771.608894557143,-0.000340708396279949,-0.0736550855547762,"06",29.0033231570089,0.669996443202488,12.4034696022991,3.54852849437441,0,0,3.01194950414732,0.0276681206431658,-0.0584452108583801
434,0.0044543356976588,28.07938364125,13.4323068775,0,3.053451650875,4,1,0,758.8926280875,-0.000343837517225119,-0.0743573277106293,"06",29.0057024942857,0.648962380540833,12.746704948125,3.35991572730035,0,0,2.99813347,9.55271294752394e-05,-0.0608460680933041
435,0.00445334285277978,28.03424728,14.6863114971429,0,2.99827429485714,4,1,0,746.2272566,-0.000344830362104139,-0.0745802465901599,"06",28.8516742799554,0.596563789093972,15.6822191494643,0.564977138036003,0,0,2.99928942642857,0.00240586080684941,-0.0741859661873197
436,0.00445019997491637,28.05891815,15.7491664275,0,2.998074051,4,1,0,733.5469851,-0.000347973239967549,-0.075286230260744,"06",28.8235001159821,0.525842354367573,16.2638701375446,0.540425768733867,0,0,2.73338498885268,0.529428034112516,-0.0773242876378199
437,0.00441942237585432,28.1330336828571,15.5925339185714,0,2.99811148314286,4,1,0,720.866961385714,-0.000378750839029599,-0.0822262601023374,"06",28.8099356437143,0.386057078217506,16.1724501618214,0.541854910637099,0,0,2.69797877662857,0.670984272022972,-0.0906546231085552
438,0.0043962387693973,28.2139897675,15.69462711875,0,2.998074051,4,1,0,708.1270458375,-0.000401934445486619,-0.0874859131209567,"06",28.8374716734286,0.331922181517876,16.1631298388214,0.453906847534787,0,0,2.81442980060714,0.380482915179059,-0.0945987968333084
439,0.00441609529894452,28.30374775,15.7218611842857,0,2.99811148314286,4,1,0,695.373114414286,-0.000382077915939399,-0.0829793743202476,"06",28.9248803229643,0.33346841608401,15.6172882050357,0.608767452384922,0,0,2.69453865782857,0.677809281140942,-0.0987608984497166
440,0.0044568816140723,28.46339225,15.6388178625,0,2.998074051,4,1,0,682.5349012375,-0.000341291600811619,-0.0737859318313534,"06",29.0713853545357,0.291596550473754,15.4574876890571,1.84049000629083,0,0,2.65569063648214,0.653048394294679,-0.100652955270214
441,0.00447732132191733,28.6140550485714,17.0402625857143,0,2.99811148314286,4,1,0,669.656870385714,-0.000320851892966589,-0.0692103153617412,"06",29.2851525174286,0.378434334149201,14.0320454784429,5.21366980451721,0,0,2.39895144065714,0.820399940245283,-0.100124482532871
442,0.00448814678575268,28.82112991875,16.75680971875,0,2.998074051,4,1,0,656.672054575,-0.000310026429131239,-0.0667953898442102,"06",29.2960862691964,0.484868941380912,15.7629692460848,0.191598806180049,0,0,2.24828439262946,0.865804196038162,-0.0983851698890049
443,0.00451453107440779,28.9432329342857,15.8993474257143,0,2.99811148314286,4,1,0,643.633049442857,-0.000283642140476129,-0.0609339419465451,"06",29.2591249050447,0.463444601584788,16.0866027885268,0.860561435240571,0,0,2.40223503739286,0.732365761716641,-0.0956552360969705
444,0.00457001937683093,29.02708808875,16.04478228125,0,2.998074051,4,1,0,630.5287332375,-0.000228153838052989,-0.0487178192979192,"06",29.2223795434821,0.490968668291277,15.3304122719197,1.62918053058482,0,0,2.62380500750446,0.749845859068581,-0.090280037922445
445,0.00463953533501776,29.1183066614286,14.3206042214286,0,2.99811148314286,4,1,0,617.403852728571,-0.000158637879866159,-0.0336210466213247,"06",29.1221521481697,0.502880468335683,15.3441635801786,2.14535070730043,0,0,2.62333818971429,0.749521632302951,-0.0817398979710276
446,0.00469742543895492,29.08287609125,14.441949125,0,2.998074051,4,1,0,604.2425442625,-0.000100747775928999,-0.0212206851107473,"06",29.0373069819196,0.517787200290486,15.1934721284821,1.29532442928726,0,0,2.62332415266071,0.749524751648188,-0.0713426949603223
447,0.00473871000475094,29.0673089414286,14.7459661714286,0,2.99811148314286,4,1,0,591.117728785714,-5.94632101329788e-05,-0.012470317209984,"06",28.9889573239286,0.517131693860277,15.8372430374107,0.919662199396192,0,0,2.62333818971429,0.749521632302951,-0.0602894379707046
448,0.00478367775207914,29.07556342,14.7893618225,0,2.998074051,4,1,0,577.97593245,-1.44954628047787e-05,-0.00302561031479254,"06",29.0453235521875,0.452502917258674,14.4475145396652,2.02812881516246,0,0,2.62332415266071,0.749524751648188,-0.0491753890785835
449,0.00485048557181768,29.1064389,14.2644378542857,0,2.99811148314286,4,1,0,564.843320157143,5.23123569337609e-05,0.0108435523714174,"06",29.0273261644196,0.433553402135608,15.2728110006607,1.53566299589778,0,0,2.62321281432143,0.749772383088597,-0.038588728240198
450,0.00492542245724965,29.13669798625,13.8821117175,0,2.998074051,4,1,0,551.6775375875,0.000127249242365731,0.0261747832863461,"06",28.9339853388393,0.456530233925323,15.4697159545536,1.50210661447716,0,0,2.71176199591071,0.572649065212345,-0.0289554077371628
451,0.00499244415179391,29.1590042728571,14.6339504357143,0,2.99811148314286,4,1,0,538.520384342857,0.000194270936909991,0.0396903337711274,"06",28.8825322922321,0.476403549376833,15.3181654135268,1.79274019337657,0,0,2.99750559142857,0.00118695983676642,-0.0206881535045798
452,0.00501971723126153,29.1957057575,15.64000922125,0,2.998074051,4,1,0,525.3313507375,0.000221544016377611,0.0451383375210579,"06",28.8692603410714,0.515743220840235,15.5143800917857,1.91630307431033,0,0,2.99788234997322,0.000518735820096436,-0.0143859284373946
453,0.00499751563701053,29.3113858742857,14.7600535671429,0,2.99811148314286,4,1,0,512.124438971429,0.000199342422126611,0.0407056502804979,"06",28.9126320917857,0.514227526731181,14.6113878822143,2.10266940849559,0,0,3.15176290825,0.307327805482768,-0.00998616927339659
454,0.00496672472003642,29.45084566,14.99075071,0,2.998074051,4,1,0,498.8397810875,0.000168551505152501,0.0345253468633651,"06",28.9854115080357,0.473572710863233,14.295234966442,2.30227679799975,0,0,3.37332352025446,0.750473983954472,-0.00734650887599795
455,0.0049541918145519,29.5528153571429,15.1744084471429,0,2.99811148314286,4,1,0,485.5236531,0.000156018599667981,0.0319987835453137,"06",28.9877043378125,0.512452933187215,15.6745806738393,1.78498884278883,0,0,3.37286606057143,0.749534109826756,-0.00477559250573849
456,0.00495676924969569,29.60379409125,13.1950789325,0,2.998074051,4,1,0,472.1457296125,0.000158596034811771,0.0325189016515557,"06",28.9323900830803,0.527159889995164,15.1947823034375,1.77607014433959,0,0,3.37187817603572,0.747583295517774,-0.000445497582864451
457,0.00495272026638855,29.5318598885714,12.69973624,0,2.99811148314286,4,1,0,458.796871857143,0.000154547051504631,0.0317017085067066,"06",28.8600192965625,0.566736795064844,14.9396813419777,2.18409879561204,0,0,2.78498717721429,0.426223657460505,0.0226854662383401
458,0.00491311183808304,29.42339315625,11.704720103625,0,2.998074051,4,1,0,445.4631027375,0.000114938623199121,0.0236722509026404,"06",28.7867955612946,0.615597040778794,15.1835768942411,1.74395201719124,0,0,2.62338131816072,0.74941042064822,0.0223226936863249
459,0.00484362232155681,29.2423772814286,12.7530023957143,0,2.99811148314286,4,1,0,432.2200833,4.54491066728914e-05,0.00942758891372364,"06",28.6703309266071,0.643211709071373,14.7332454193304,2.62107074771918,0,0,2.62346898066518,0.749183833192643,0.0203210609253524
460,0.00476389520243788,29.164881745,13.19851695875,0,2.997959720375,4,1,0,419.023407325,-3.42780124460394e-05,-0.00716961165024177,"06",28.5402352811161,0.599961042369486,13.7751786620357,4.44674752570384,0,0,2.75041157505357,0.295616448270822,0.0181537281883219
461,0.00468211354602674,29.0329750957143,7.47755137814286,0,2.59445636571429,4,1,0,405.873794028571,-0.000116059668857179,-0.0244856443434367,"06",28.3708331582589,0.447675958920178,12.1552914099866,5.40906245007702,0,0,2.62410029226786,0.748756371635802,0.0158212235427287
462,0.00460107005250067,28.42448264875,4.576387571375,0,1.5009660045,4,1,0,392.877985025,-0.000197103162383249,-0.0419463677974541,"06",28.1620018583571,0.418935649368215,14.6400233872214,2.35680091108514,0,0,2.69827787554286,0.670385553116564,0.0125757921427094
463,0.00452402132250186,27.6825227585714,13.4451435805714,0,1.49905574157143,4,1,0,380.216288342857,-0.000274151892382059,-0.0588339925398644,"06",28.0821477977232,0.40704980128531,15.5768469090178,1.7066982785589,0,0,2.62334286873214,0.74953722882143,0.00740422122992139
464,0.00446293098857498,27.59980813375,17.4564493975,0,1.4990370255,4,1,0,367.7454237625,-0.000335242226308939,-0.0724295411617302,"06",28.2539453624107,0.213608844773011,14.7236263763839,3.92293935276489,0,0,2.62356025508036,0.749669813157041,0.00118409156226848
465,0.00445482851415469,27.9539584271429,17.4182753542857,0,1.49905574157143,4,1,0,355.214048957143,-0.000343344700729229,-0.0742466963486716,"06",28.5044257641072,0.253515805843713,12.4597713421875,5.75798325882438,0,0,2.46963431084375,0.70896419973269,-0.002647684824345
466,0.00449575513310156,28.342502795,15.77884737875,0,1.499151356375,4,1,0,342.4815388125,-0.000302418081782359,-0.0651016160102635,"06",28.6314056256697,0.524611915534568,12.3356685632991,5.68564867477767,0,0,2.34589111620536,0.773533384296448,-0.00191964719637778
467,0.00453421406110124,28.4538088814286,14.0075131485714,0,1.90271085957143,4,1,0,329.6531305,-0.000263959153782679,-0.0565835006405866,"06",28.7043604092411,0.797704591045831,12.3565498806607,5.38885602969978,0,0,2.47119171366518,1.00597028636975,0.00251288029042998
468,0.00456284216495596,28.45745397125,13.9817770425,0,2.996145072375,4,1,0,316.7923883,-0.000235331049927959,-0.0502895530119307,"06",28.7620366615625,0.93041212604414,13.7380618588437,3.27996111247721,0,0,2.68546908144197,1.75643275789981,0.00856354784872022
469,0.00459128438119204,28.45752566,14.93910566,0,2.99811148314286,4,1,0,303.937562357143,-0.000206888833691879,-0.0440754577630047,"06",28.8127250778125,0.75109490731493,13.8205190999732,3.16487389524527,0,0,3.03248424642857,0.14769388523042,0.0144190655651462
470,0.00463838138748211,28.43090684125,14.71866783375,0,2.998074051,4,1,0,291.0836387,-0.000159791827401809,-0.0338697980493103,"06",28.8358615034375,0.562992687686596,14.2737945959062,2.38985741755598,0,0,2.62019643834822,0.755856402147194,0.0201688890256457
471,0.00470162007858522,28.42896292,14.29420642,0,2.99811148314286,4,1,0,278.244566742857,-9.6553136298699e-05,-0.0203281179215162,"06",28.8358140893304,0.448184773730155,15.2551768393125,2.14617497926189,0,0,2.62325374117857,0.749690529374334,0.0271987309157326
472,0.00475381196535533,28.42314073875,15.12075753625,0,2.998074051,4,1,0,265.39939305,-4.43612495285893e-05,-0.00928844982529231,"06",28.9317423770536,0.442239628844553,15.2680744427411,2.15133841977913,0,0,2.62336701791072,0.749553331888094,0.0290992049779255
473,0.00474881826386329,28.4937896057143,15.1415845057143,0,2.99811148314286,4,1,0,252.550830057143,-4.93549510206292e-05,-0.0103394644867425,"06",28.9582616474107,0.358834268130202,16.4798274107143,1.11666854578062,0,0,2.61915992757143,0.746779912644834,0.0390392141655675
474,0.00468746057008808,28.6039740225,15.0490694,0,2.998074051,4,1,0,239.65176095,-0.000110712644795839,-0.0233442852034367,"06",29.0374542508928,0.378613728469845,14.9746767819196,1.08928595660522,0,0,2.98789184578572,1.20159858772288,0.0470582338353461
475,0.00461173090680315,28.7069024385714,14.1980714914286,0,2.99811148314286,4,1,0,226.706236671429,-0.000186442308080769,-0.0396320100084049,"06",28.9847465374554,0.322183018950146,14.8871787421697,3.16726319622499,0,0,2.63879090939286,1.41758103592262,0.0520754285407134
476,0.00453250318165252,28.68529994125,13.44980729125,0,2.998074051,4,1,0,213.7346476,-0.000265670033231399,-0.0569608984099181,"06",28.8286052032589,0.228858184291984,14.4001268244107,3.03738934665099,0,0,2.33665447934822,0.978713113179654,0.0537061895452892
477,0.00445499356382778,28.6872709242857,13.3694328671429,0,2.99811148314286,4,1,0,200.775194242857,-0.000343179651056139,-0.0742096474226752,"06",28.6518061309822,0.194514408149043,14.5428819256027,3.78013382791217,0,0,2.17333204528571,0.959931800766098,0.0521632264432794
478,0.00439240890534782,28.6943528925,12.008623178125,0,2.998074051,4,1,0,187.8028857375,-0.000405764309536099,-0.088357461133004,"06",28.4998165547321,0.217948916730216,14.0264228887232,4.27596586364164,0,0,1.87527512725446,1.43267114430172,0.0480968895848762
479,0.00435976065365418,28.5474455714286,10.1152522911429,0,2.99811148314286,4,1,0,174.864221,-0.000438412561229739,-0.095818103243289,"06",28.4565766830357,0.397531586035773,14.8423564552679,1.76725932074625,0,0,1.87393403775,1.43523345275544,0.0442145719553027
480,0.00433698953177344,28.336036505,14.2367875425,0,2.998074051,4,1,0,162.0143218125,-0.000461183683110479,-0.101054811878,"06",28.5306022535268,0.476051117676685,14.5287915779464,1.70902654858211,0,0,2.11203812737947,1.40820191023857,0.0432355937336133
481,0.00429952842524776,28.2939068428571,14.4234993142857,0,2.99811148314286,4,1,0,149.232938757143,-0.000498644789636159,-0.109729914686743,"06",28.6716967221875,0.536559562163855,14.2831534085089,2.51631454937682,0,0,2.98654196760714,0.0238537291005101,0.0453227143183905
482,0.00423792857391281,28.35896894875,13.91116420875,0,2.998074051,4,1,0,136.428967875,-0.000560244640971109,-0.124160656508193,"06",28.7045696819197,0.714975000181805,15.3762440576697,5.66192673972113,0,0,2.99801824934822,0.000621523928190151,0.0478264494175914
483,0.00417956405011161,28.3127345114286,13.9816577514286,0,2.99811148314286,4,1,0,123.629889828571,-0.000618609164772309,-0.138028315291645,"06",28.5101592242411,0.689784022560711,16.5640341909375,3.41560256295082,0,0,3.02655506882143,0.0569121288545802,0.0492748325916001
484,0.00416278333593383,28.27466940125,14.83777576375,0,2.998074051,0.5,0.125,0,110.845308875,-0.000635389878950089,-0.142051340378362,"06",28.3227420975,0.565747647950307,15.9591521506518,3.70553286778588,0,0,3.74515566166072,1.494583338734,0.0496032155646232
485,0.00418996789385135,28.31560705,15.7746266128571,0,2.99811148314286,0,0,0,98.0660620271429,-0.000608205321032569,-0.135542190877647,"06",28.1565062713393,0.403326575874813,14.6063754779732,5.1147591903478,0,0,3.23152494903572,0.270010403027481,0.0499563148576608
486,0.00424292577160344,28.3680845025,14.18531074375,0,2.998074051,0,0,0,85.255002075,-0.000555247443280479,-0.122982190767,"06",28.0508349178125,0.651278178754249,10.5423658318259,5.17125682365749,0,0,3.07632002834822,0.156314590679074,0.05191926568305
487,0.00430594623380326,28.34663607,10.8025948014286,0,2.99811148314286,0,0,0,72.4398924928571,-0.000492226981080659,-0.10823835033952,"06",27.3886043487857,1.51263996943125,9.28968269080715,3.17626596292789,0.0003211011,0.000718003887249958,3.0001338173,0.00510550898167316,0.0558839879475377
488,0.00436582360487803,28.199764675,10.63256085625,0,2.99816316775,0,0,0,59.66522352625,-0.000432349610005889,-0.0944284078645046,"06",26.4054519214286,1.31003887245453,17.79524288095,14.0600452732031,0.0870121741,0.19366887907402,2.22412893454286,0.863270369785381,0.0608217935769282
489,0.00441854728652509,27.97225853,9.10345648085714,0,2.35812063385714,0,0,0,46.9723104771429,-0.000379625928358829,-0.0824242895923035,"06",25.2272594606429,1.71974477041,15.5033519008286,14.4203117878776,3.815467986175,8.29093067799144,-3.743652909,7.32581033859453,0.0653535762935259
490,0.00447551488865731,27.712223935,7.085217693125,0.000944310875,-10.3072982155,0,0,0,34.3909102425,-0.000322658326226609,-0.0696138597138756,"06",23.0358355507857,2.86852934818663,16.66544623775,12.5443402460282,4.36571956802858,8.25085405097686,-16.763712611,12.2023509699534,0.0633515815549583
491,0.00455083412936859,27.2388505871429,2.83715307542857,2.87190918871429,-19.0953709614286,0,0,0,21.9844539114286,-0.000247339085515329,-0.0529247228127501,"06",20.26241651475,4.39645993649073,19.0311675851714,14.6458866989372,6.73977049025,9.5284744228008,-11.6689408440286,19.7586759043314,0.0861789587998224
492,0.00463593068158113,25.78791823625,3.045266449375,20.20229830375,-6.29470004175,0,0,0,10.0532492385,-0.000162242533302789,-0.0343982913514385,"06",17.3910925758705,4.03016157730041,17.0490496922433,12.1848491493356,7.85385710325892,10.8865944944093,22.8996763302054,41.5934683868655,0.0930744854399858
493,0.00472353379808424,23.5235674,3.20376138171429,22.23330949,4.498339619,0,0,0,-0.979579319857143,-7.46394167996786e-05,-0.0156780594062864,"06",15.0356148948393,4.66843184423028,15.0911427342388,10.2449055133498,8.55649037274554,11.8188444546008,9.54195788334151,47.1377140607113,0.118637924126445
494,0.00481217721614154,21.44739689875,2.99185048275,23.58773031875,5.9939538545,0,0,0,-11.014051044875,1.40040012576214e-05,0.00291436009094603,"06",3.70418922005165,6.2743479646211,5.84532875363903,7.95791699057415,34.64605328597,25.6991347789092,-3.31661774576659,48.5941005145798,0.140756838985433
495,0.00490129882315139,18.5641176428571,3.08517645414286,32.75481723,6.58432123057143,0,0,0,-20.07351334,0.000103125608267471,0.0212649702612699,"06",10.1548056753022,1.92595934095857,8.97147158427884,8.1406166846127,7.92956939012363,12.9201175470813,136.059885798791,191.527243282098,0.209362741889032
496,0.00499065284975391,14.61764992,2.566566499125,33.02292985,14.55139826625,0,0,0,-27.5066590375,0.000192479634869991,0.0393314667736302,"06",8.52254982676667,1.39354113690684,10.6609857406857,6.42470866605331,4.19975972115119,9.21858371088671,318.515554857179,186.069112663463,0.205308896391286
497,0.00508006062348219,10.7108544884286,2.41380842271429,30.4792173785714,105.873094144286,0,0,0,-33.21159727,0.000281887408598271,0.0570879288767676,"06",7.630515592825,1.0988349940933,11.5013628042107,5.36987414922296,1.61836809309464,5.08236179393664,439.365828189107,78.7916497734444,0.20455421340879
498,0.00516938147930927,8.276401275375,2.31288017075,16.082885638875,327.5799729375,0,0,0,-37.3980335225,0.000371208264425351,0.0745177781271984,"06",6.73134112181429,0.440345973445486,12.3389272047071,4.36033776430349,0.00650569618571428,0.0143418906490434,499.667442519286,34.6984785711642,0.198403645572935
499,0.00525848461218311,7.455553784,4.77708837085714,0.0321596594285714,448.537156857143,0,0,0,-40.5734221871429,0.000460311397299191,0.091607621632031,"06",6.50688778883333,0.220692586906338,14.5744635085119,1.25389178341,0.0001229405,0.000212939192307922,514.114281184524,27.5210609807069,0.194328028876216
502,0.00552255895537126,6.503099326625,13.50398216125,0,535.1713931625,0,0,0,-41.62388989125,0.000724385740487341,0.140606063765111,"06",6.5087820199375,0.312071958307643,15.1097041821428,1.1939823016916,0.00018441075,0.000260796183697394,503.585725195536,29.1498653123483,0.199707607681151
503,0.0056084188470614,6.68048845857143,13.1941571271429,0,507.457212185714,0,0,0,-39.2637893642857,0.000810245632177481,0.156033566111893,"06",6.744054287625,0.507407073140818,12.1251197240982,5.00452824616393,0.00813212023214285,0.0160193030016962,497.720000102679,39.7495787034033,0.197482556889
504,0.00569187913330552,7.499012508,13.25964473625,0,309.8563857,0,0,0,-36.17807849875,0.000893705918421601,0.170805177001455,"06",6.98885114740774,0.743634413371627,10.6679193657143,5.65363949353887,2.6859023533006,6.56316716447268,470.986197588988,76.8041040350916,0.201219233469429
505,0.00577091491271347,8.25274922628572,12.1145000544286,0,21.6985956542857,0,0,0,-32.8323107771429,0.000972741697829551,0.184595362923331,"06",7.91054640151624,1.39616771979536,10.6752214968019,5.78442716252192,4.24208166450162,9.94836485140432,409.048306912305,125.291598787316,0.205062167293498
506,0.00583773714422757,8.534936031625,4.623133580375,0.00333351575,-99.26968104625,0,0,0,-29.24585425875,0.00103956392934365,0.196107977495053,"06",8.20754158697067,1.41722609690673,10.7819447004018,6.05330028341494,4.49950445010842,9.49041682375459,370.80693984926,152.513982121619,0.201997324931486
507,0.00586426999297798,8.492399579,2.670188517,0.064682813,-99.22972175,0,0,0,-27.00397308,0.00106609677809406,0.200642736952021,"06",9.04842980690833,2.01732123017384,9.88106142729405,6.66161556435145,6.40126378971785,11.7418450386839,287.287404224095,195.562154099505,0.209676723486487
514,0.00586607543578888,8.477358634,2.512510575,0,-97.14701894,0,0,0,-26.4914359,0.00106790222090496,0.200950561270638,"06",9.18104982373334,1.90001561210672,9.15880851767738,6.82603263503077,6.40557597725119,11.7393378683414,244.993996563262,206.422212493561,0.209920885284716
1,0.00844431855727588,0.011171724,2.20409201657143,0,29.9911448642857,0,0,0,-13.7486603071429,0.00212973767746035,0.290632466545958,"07",5.09644071758482,2.32732821926909,7.56821449402826,4.81229946446087,2.85533644460491,8.04017282741614,486.629563314747,202.052822652695,0.164298495014048
2,0.00841995763448568,0.011183446,2.188975511125,0,29.98074051,0,0,0,-13.7482140125,0.00210537675467015,0.287743408140054,"07",2.91461037396173,3.12281674965268,5.31785034104421,4.44355767313791,7.05800253239414,14.4231893020878,290.924991382623,277.44936509004,0.137977453857629
3,0.00844455901749672,0.0106895547142857,2.235252608,0,29.9811148314286,0,0,0,-13.7483856642857,0.00212997813768119,0.290660942117167,"07",4.53141082940873,2.75911734635753,6.97220088542195,4.84360793866405,2.53807683964881,7.58087822223209,435.891961264696,242.674501349618,0.160884063351024
4,0.00854534124853002,0.00444463775,2.28426189775,0,29.98074051,0,0,0,-13.7482140125,0.00223076036871449,0.302524862490984,"07",2.91461037396173,3.12281674965268,5.31785034104421,4.44355767313791,7.05800253239414,14.4231893020878,290.924991382623,277.44936509004,0.137977453857629
5,0.00865396598835992,0.00613933271428571,2.25342988928571,0,29.9811148314286,0,0,0,-13.7483856642857,0.00233938510854439,0.31515632274197,"07",4.53141082940873,2.75911734635753,6.97220088542195,4.84360793866405,2.53807683964881,7.58087822223209,435.891961264696,242.674501349618,0.160884063351024
6,0.00875446907184676,0.005605174875,2.369899428875,0,29.98074051,0,0,0,-13.7482140125,0.00243988819203123,0.32670293202723,"07",2.91461037396173,3.12281674965268,5.31785034104421,4.44355767313791,7.05800253239414,14.4231893020878,290.924991382623,277.44936509004,0.137977453857629
7,0.008786658293132,0.00263842642857143,2.37375711771429,0.0227893382857143,29.9811148314286,0,0,0,-13.7483856642857,0.00247207741331647,0.330373078920391,"07",4.53141082940873,2.75911734635753,6.97220088542195,4.84360793866405,2.53807683964881,7.58087822223209,435.891961264696,242.674501349618,0.160884063351024
8,0.0086990525668788,0.006519725625,2.3736895345,13.564136979125,29.98074051,0,0,0,-13.7482140125,0.00238447168706327,0.320352730422909,"07",2.91461037396173,3.12281674965268,5.31785034104421,4.44355767313791,7.05800253239414,14.4231893020878,290.924991382623,277.44936509004,0.137977453857629
9,0.00858763737499814,0.000247190428571429,2.38675565057143,37.7383895671429,29.9811148314286,0,0,0,-13.7483856642857,0.00227305649518261,0.307462265709437,"07",4.53141082940873,2.75911734635753,6.97220088542195,4.84360793866405,2.53807683964881,7.58087822223209,435.891961264696,242.674501349618,0.160884063351024
10,0.00847093252235474,0.0021332665,2.45090154025,38.20816499125,29.99776864875,0,0,0,-13.74822137625,0.00215635164253921,0.293779211054787,"07",3.13864707453571,3.1310378099988,5.53838486418223,4.54455723655155,4.66183618940522,11.7593773690564,310.996316208306,277.998168736219,0.14269871922724
11,0.00835208948061274,0.0415665885714286,2.39851719442857,25.7154091044286,11.1273945,0,0,0,-13.7463157171429,0.00203750860079721,0.27965035628654,"07",2.26846101220635,3.00077334073377,4.64815173038161,4.09422652455479,6.24312069070238,13.0252977081578,232.937380077596,267.070978177715,0.113498378227248
12,0.00823203341170625,0.746275600375,3.278779656875,0.004684062125,-59.68249219875,0,0,0,-13.59043681375,0.00191745253189072,0.265171668986141,"07",2.59350256252857,3.49509506451501,4.41330376600059,3.93976306288812,8.19599585671072,13.7087538250545,220.686184634122,257.446381303828,0.107696499268988
13,0.00811127854322074,1.53068756228571,13.8023154964286,0,100.740871894286,0,0,0,-13.0783877485714,0.00179669766340521,0.25039411779822,"07",2.50553937385459,3.43036339303767,4.35927880842318,3.8479785549011,7.80593339030188,13.4806735049058,207.335295261128,258.278683735539,0.101397492480302
14,0.00799006024596313,3.275240562,17.71519121,0,161.503204725,0,0,0,-12.051772825,0.0016754793661476,0.23533691199161,"07",2.46122792787419,3.35413745300729,4.78850774878707,4.26087681809843,7.45111823619725,13.2606365134027,202.490094198999,253.076637096246,0.0951892997587221
15,0.00786856267250606,5.66166915528571,17.74954103,0,89.7070438828571,0,0,0,-10.0360909242857,0.00155398179269053,0.220014024279306,"07",3.11125238874794,3.53602047493704,6.64241469245993,6.24529887511114,6.30479235370536,12.4589648184444,233.688612837821,250.088432438592,0.0957053687606098
16,0.00774689570712669,7.644738165125,21.9773448625,0,-26.8608153615,0,0,0,-7.061960579,0.00143231482731116,0.204430821667065,"07",3.75672056931835,4.00308998578448,6.82284418385632,6.31935407773697,6.47274163588239,12.3366929012244,228.679658245774,242.25742031126,0.0891274772481275
17,0.00762516209943262,9.34950614628571,23.2743621471429,0,-80.7830454214286,0,0,0,-3.27944967385714,0.00131058121961709,0.188592193879665,"07",4.04943831081018,4.48044329186637,7.30054867088228,7.48707287149219,7.6158277470959,12.7620926357681,159.882132011856,191.819228637009,0.0873787674150986
18,0.00750345100065565,11.3028344275,25.367119985,0,-60.16839352875,0,0,0,1.368133275625,0.00118887012084012,0.172501661016999,"07",8.3659587459096,4.09622217935458,12.7504746585882,8.60215188666784,5.63151245355692,10.3223769908025,186.785535800848,200.837226171229,0.0806659341439216
19,0.00738185510929552,13.6438100571429,26.3252116714286,0,-3.17988795128571,0,0,0,6.965534009,0.00106727422947999,0.156163589949951,"07",12.2034755345195,2.9647504963495,13.0391588695747,10.2819974790512,10.7663487603084,12.9547243117826,68.8937951215373,138.063688469467,0.0807555257449523
20,0.00726049951403003,15.93643078,23.44182552,0,6.42105262675,0,0,0,13.67828362375,0.000945918634214499,0.139587243384106,"07",15.0822696188095,2.77170795579774,11.3918568657262,10.7262155561928,14.6910771525595,14.3816628677862,5.46614454981944,60.0376596174436,0.0685187855501635
21,0.00713953255193486,17.0765833214286,20.9131999457143,0,11.6931294355714,0,0,0,21.1703820485714,0.00082495167211933,0.122785918853842,"07",16.0166379659524,2.44430225614783,16.6065666018631,11.0397113291814,8.47234586982143,13.414811004405,-20.5579324134524,25.4416193856908,0.0668670408249105
22,0.00701923634856222,17.94359937,21.26487555,0,11.000381216875,0,0,0,29.06233048125,0.000704655468746689,0.105793043666671,"07",18.3375228875714,3.11400501036767,16.0396275151929,12.2409559197371,10.7386443525357,14.7061837552888,-21.2741019123143,23.1562565790923,0.0634645591258474
23,0.00690003956185301,18.8426436614286,19.5082387571429,0,5.98313804428571,0,0,0,37.3725333428571,0.000585458682037479,0.0886657592370321,"07",20.8805250127976,3.28483082812584,14.65655194875,12.5285205195981,10.8186435067292,13.3095496626956,-12.3668841972143,15.2534079635064,0.0491543781455464
24,0.00678306382176147,19.56278475125,19.68259471875,0,5.996148102375,0,0,0,46.04337645875,0.00046848294194594,0.0715675052938245,"07",23.5189819252083,2.82347670670375,10.3356796452887,10.4668677732208,8.72710210515773,11.0013006593394,-6.02818588241072,10.5424084947308,0.0422790304865808
25,0.00667132084696017,20.26175058,22.0441188685714,0,5.99656076071429,0,0,0,55.0310976371429,0.00035673996714464,0.0549564828978157,"07",24.0874445455059,2.94351199621163,14.3738403503125,12.1228356314243,2.59812686711905,5.87120400662585,0.549549012976192,4.02443681421182,0.0477449297721105
26,0.00658993117291352,21.25805069625,23.75815817625,0,6.01052524875,0,0,0,64.389328005,0.000275350293097989,0.0426815190193022,"07",24.81275240775,2.86514183347366,16.8371506236178,11.7556567568891,0.195233160142857,0.436554617541531,2.63289838113214,2.9142520983101,0.0402462867546241
27,0.00662791919677139,22.4630620842857,25.8462598014286,0,3.57383678614286,0,0,0,74.2584409142857,0.00031333831695586,0.0484295229401823,"07",25.892597192,2.73030431465171,17.1611254975678,9.32544134453461,0.0007192158,0.00160821541929189,3.44425237028214,2.23599894078375,0.0412131077426394
28,0.00672698802631645,23.89287908125,27.28124401,0,3.7013498805,0,0,0,84.72225132,0.000412407146500919,0.0632661135190391,"07",26.4005779487053,2.70515948402425,18.1738002757143,7.05199698257725,0,0,3.51610446287946,1.41513133028801,0.0358264179000021
29,0.00682701479239838,25.4742439671429,26.9635607957143,0,2.99382634771429,0,0,0,95.86618878,0.000512433912582849,0.0780261193866192,"07",27.2665487574643,1.92772589365072,17.24677206325,6.80872128836777,0,0,3.75123096516429,1.27064152367575,0.0319530914039802
30,0.00686759432438127,26.97373269125,25.6919231525,0,2.998074051,0,0,0,107.7237787625,0.00055301344456574,0.0839524879033311,"07",27.9284725445714,1.39711854732323,16.60812320025,7.14952338641621,0,0,3.89955967649286,0.818308918632296,0.0308315295728784
31,0.00679468627117731,28.2264002214286,17.6513385997143,0,2.99811148314286,0.857142857142857,0.857142857142857,0,120.212115571429,0.00048010539136178,0.0732794902697984,"07",28.5152691004643,0.883406336323939,15.6988609118571,5.90850703592304,0,0,3.89757606875,0.820972757175163,0.0223629081562247
32,0.00672534145324111,28.31035572875,17.01975974375,0,2.99848128725,1,1,0,133.0041161125,0.000410760573425579,0.0630213123399441,"07",28.8946408652143,0.383714560374402,16.0860178821929,2.92148277409743,0,0,3.89752621220357,0.821066645215727,0.0146243975383945
33,0.00674081482370161,28.2498865557143,16.6494876557143,0,2.28954184342857,1,1,0,145.775043357143,0.000426233943886079,0.0653194257321346,"07",29.0463757485,0.415920600979141,16.5050139147857,2.05169523979724,0,0,3.89759642982857,0.820944878082138,0.0108867777238002
34,0.00676100563467183,28.23511534375,19.53517322625,0,-0.368301218,1,1,0,158.5238409625,0.0004464247548563,0.0683102558626425,"07",29.1460994801429,0.530481318069408,16.903989354,0.873264440331206,0,0,3.75581228426071,1.04556855729929,0.0118829308615406
35,0.00681054331573982,28.5341923628571,21.1062700371429,0,1.60743357942857,1,1,0,171.327668385714,0.00049596243592429,0.075610513264782,"07",29.2189263799553,0.714661345968279,17.1332005096875,1.82875293420931,0,0,2.90602214175447,2.29441209510051,0.0156074599658317
36,0.00691141685070106,29.121561845,20.31305276875,0,4.152186179125,1,1,0,184.3502436125,0.00059683597088553,0.0903132743023383,"07",29.3495068263839,0.641885118731282,17.7470653293304,2.34671684506976,0,0,3.39994648307589,1.38831642212184,0.0209172621769194
37,0.00702628058784408,29.7048155528571,19.8735605585714,0,2.72874481085714,1,1,0,197.637591771429,0.00071169970802855,0.106796102479538,"07",29.4932383800446,0.4299258215581,17.3159610845536,2.17263830908001,0,0,4.03614399103571,0.710870441393491,0.026533652655263
38,0.00714351734846952,30.1705708,16.609257372125,0,1.532855061875,1,1,0,211.1740529625,0.000828936468653989,0.123343894441694,"07",29.6300301441964,0.342731058357563,17.2836103324553,2.16481434191048,0,0,3.68027429093303,0.949621313895655,0.0319365796260114
39,0.00726095762852719,30.03883036,11.5245352301429,0,4.51211989571429,1,1,0,224.804388542857,0.000946376748711659,0.139650338221836,"07",29.6294126535714,0.444820449624419,17.0944377253536,1.74375745665063,0,0,3.60447118475357,1.32757143146731,0.0457562354012579
40,0.00737702504100378,29.73950953,17.70579808,0,2.69766183325,1,1,0,238.28713105,0.00106244416118825,0.155509059477512,"07",29.5971652328572,0.388976596218782,16.1877052698143,2.79274478745969,0,0,4.20032789471786,0.672111595986065,0.0494352199800346
41,0.00748817613756598,29.7194702314286,17.2120857928571,0,-1.07509801728571,1,1,0,251.714395128571,0.00117359525775045,0.170463874453754,"07",29.5383361411786,0.291223715052341,16.9287274534643,0.575240299252259,0,0,3.83743253902857,0.909551881294892,0.0507544333775063
42,0.00756262265161346,29.7564723925,18.14375205,0,0.466076311375,1,1,0,265.1431836875,0.00124804177179793,0.180356654399237,"07",29.5449777029286,0.272146245578838,17.2110865741786,0.703091029108775,0,0,3.08288431211786,2.41331926449441,0.0506556250819604
43,0.00752460424665561,29.8352718785714,18.0585042285714,0,2.997887391,1,1,0,278.600881628571,0.00121002336684008,0.175316830290813,"07",29.5699769145714,0.296889294711282,17.2885756803571,0.656130565245173,0,0,3.39111543465357,1.75926897195735,0.0513219790663366
44,0.00745890016997585,29.96149949,17.84226981625,0,2.998400229125,1,1,0,292.1106126,0.00114431929016032,0.166546586011114,"07",29.5954966905357,0.347586722764661,17.131615329,0.978711836474083,0,0,3.89784622485,0.820628757694667,0.0550098427347832
45,0.0074783011255469,30.07405867,16.9122019542857,0,3.01164311285714,1,1,0,305.671942114286,0.00116372024573137,0.169144256864853,"07",29.6764150867857,0.479578570424693,17.4584443409822,1.39532372877919,0,0,3.92867214471875,0.719800318183294,0.0590810497874891
46,0.00756716405223419,30.1201743175,15.24338362125,0,0.996161191125,1,1,0,319.2696543875,0.00125258317241866,0.180956980205011,"07",29.5854227729465,0.782022951229145,17.8228377560714,2.89518575229921,0,0,3.97895679319643,0.701751254842337,0.0608625979010572
47,0.00760988819627208,30.0294346614286,14.9653407057143,0,1.49807955728571,1,1,0,332.860681671429,0.00129530731645655,0.186587092776501,"07",29.4177469061161,1.19635479920268,17.8835430888839,4.11369012875572,0,0,3.09350756130357,1.69460180420423,0.060953451909831
48,0.00760206379258808,29.8980563925,14.0886161825,0,1.4990370255,1,1,0,346.3934967375,0.00128748291277255,0.185558374795156,"07",29.2994251870089,1.41689066545781,16.5131819519643,1.70542997736728,0,0,2.61776371729018,1.43505967164973,0.0613369451968691
49,0.00761239577687474,29.7460723042857,13.8519906985714,0,1.50127228457143,1,1,0,359.869250457143,0.00129781489705921,0.186916554583523,"07",29.2358176378571,1.4777916803277,16.1791000541071,1.66084124741642,0,0,2.61974922479911,1.4339880463386,0.0627104235591541
50,0.00757896453095864,29.63967937625,13.71198572875,0,2.363779698,1,1,0,373.2817475875,0.00126438365114311,0.182515197658597,"07",29.2081167509375,1.48074440671024,15.7258927022768,1.40969436240186,0,0,2.98302702265179,1.711422058062,0.0550010033392518
51,0.00748909158638082,29.5453839085714,13.6342598071429,0,3.72398021314286,1,1,0,386.654079385714,0.00117451070656529,0.17058611955488,"07",29.2344240835268,1.43350227659465,15.3836911182589,1.3354174177401,0,0,3.39565883941964,1.27473659044749,0.0500344300464766
52,0.00739242137461141,29.4409262625,14.47381054375,0,4.186343804625,1,1,0,399.9675196125,0.00107784049479588,0.15759394993893,"07",29.2816603422321,1.3745554439324,15.0857869342411,1.70831695009749,0,0,4.20246246581697,1.11106797196996,0.0423277958332422
53,0.00735898950821204,29.3266133285714,15.6882283414286,0,2.12020523157143,1,1,0,413.244489257143,0.00104440862839651,0.153061241379588,"07",29.3246636131697,1.32455159732969,15.610998508125,1.51107579516947,0,0,4.41940003403572,1.2337192143077,0.0346133271516961
54,0.00743185107758633,29.202928245,15.2335028325,0,1.497778330125,1,1,0,426.46112425,0.0011172701977708,0.162913576322385,"07",29.3475398124107,1.28161954318955,15.7092761696875,1.15429978980164,0,0,3.90343082717857,1.70689454680454,0.0282725291842782
55,0.00753337309705708,29.0893617657143,15.06248268,0,1.49905574157143,1,1,0,439.630343557143,0.00121879221724155,0.176481508796575,"07",29.3554634405357,1.2534778185272,16.3065607986607,1.68298106847785,0,0,3.58825762109822,1.70132954470468,0.0226579314477051
56,0.00764696712551067,28.954860235,15.06562086875,0,1.50086118075,1,1,0,452.7355172375,0.00133238624569514,0.191447727680876,"07",29.6116611992143,1.23057823543603,16.9363620524643,1.19290000855123,0,0,3.29838131991786,1.25472555149944,0.0187209797942507
57,0.0077633173331198,28.8642814085714,14.5095781057143,0,2.22190973942857,1,1,0,465.7988778,0.00144873645330427,0.206548346664928,"07",29.2516740910119,1.39706565096981,16.8246526465179,1.22882054167198,0,0,3.53925129480655,1.20805713937691,0.02510812461879
58,0.00787984887592628,28.77031451625,15.017800125,0,2.99025662675,1,1,0,478.8104424125,0.00156526799611075,0.221447337750238,"07",28.9919410255714,1.31637794230442,15.8784985573214,1.5701950698199,0,0,3.60301526371786,0.953863966619729,0.0249745105063351
59,0.00799490693281779,28.7027307828571,14.9437030528571,0,1.79952307628571,1,1,0,491.793007057143,0.00168032605300226,0.23594331760863,"07",29.0338626255714,1.26196901855406,15.7489348523214,1.61661458308625,0,0,3.8951716827,0.823360513570846,0.0397269675579867
60,0.00810351861724725,28.630298695,14.993867215,0,1.497762241125,1,1,0,504.7350634125,0.00178893773743172,0.249436976442285,"07",29.0993238697143,1.21347286647985,15.8620713565714,1.85299212660496,0,0,3.33673962251786,1.15851587272438,0.0454740927699203
61,0.00816698266395753,28.5745182028571,19.3959371585714,0,2.05878022,1,1,0,517.656048028571,0.001852401784142,0.257238133479939,"07",29.1630718693214,1.14537352157211,14.7322591281429,2.05610562131702,0,0,3.32595799905,1.2627288035757,0.0450940439830495
62,0.00817268175454328,28.59200986375,18.03457032875,0,3.002090562875,1,1,0,530.5595921625,0.00185810087472775,0.257935710933323,"07",29.226078355,1.06897936749124,14.8994828891429,3.40460294776554,0,0,3.70929051934643,1.12779133453825,0.0412228225088962
63,0.00818740973569382,28.6517071742857,18.3300469785714,0,2.99811148314286,1,1,0,543.490506085714,0.00187282885587829,0.25973618802209,"07",29.2779319014286,0.958729175710559,14.8071931226429,3.37922856771462,0,0,3.89834257635,0.819996918365943,0.0337836688716632
64,0.00814145129930348,28.732289255,16.6837744325,0,2.998074051,1,1,0,556.4449148875,0.00182687041948795,0.254107068258513,"07",29.3193125921786,0.851730918330059,15.9831066037143,3.68174973349203,0,0,3.89797700723214,0.820449742860479,0.022792231464577
65,0.00803966601421897,28.8218732685714,17.2788854685714,0,2.99811148314286,1,1,0,569.447613885714,0.00172508513440344,0.241526153802043,"07",29.3887043298214,0.77827824012137,15.6867578426429,2.06787343137725,0,0,4.070091199675,0.659550772688401,0.0103358231385848
66,0.00792470360630991,28.9574246775,17.45023091375,0,2.998074051,1,1,0,582.4901009375,0.00161012272649438,0.227123531403709,"07",29.4562360230357,0.724582522594818,15.4056227882143,1.40149908927751,0,0,4.19783901306071,0.670668944606041,-0.00185455492377912
67,0.00780707047357275,29.1264988257143,17.2980148042857,0,2.99811148314286,1,1,0,595.610509842857,0.00149248959375722,0.212168406434313,"07",29.5424293071071,0.684704171194396,15.6734667362143,1.3982034255392,0,0,3.991867275025,0.711683512940474,-0.0128057677169921
68,0.00768849234678618,29.304082015,16.892130475,0,2.998074051,1,1,0,608.8037257,0.00137391146697065,0.196863323124741,"07",29.63034760725,0.631977900361289,15.8800345147143,1.41811923818356,0,0,3.59683728603214,1.3425192172679,-0.0199915063304976
69,0.00756998171072999,29.4737076514286,17.4298584085714,0,2.99811148314286,1,1,0,622.084005785714,0.00125540083091446,0.181329264192394,"07",29.7174644808571,0.578262061258158,15.59035212125,1.09722542048747,0,0,3.74789151685,1.05948061866423,-0.0225582197479788
70,0.00745296509371959,29.6441139175,18.50270183,0,2.998697377375,1,1,0,635.4311599375,0.00113838421390406,0.165750565340982,"07",29.7891551093929,0.538887099531794,15.7788282016429,1.30631434423095,0,0,4.19701077254643,0.670205459307719,-0.0224750673513329
71,0.00734299487724174,29.8711382828571,18.0775824685714,0,2.95072078971429,1,1,0,648.876271385714,0.00102841399742621,0.150885394005021,"07",29.83991143325,0.519161196238013,16.1786038875357,1.67036677197612,0,0,4.19392425185,0.668195573841031,-0.0227655927298003
72,0.0072802808640405,30.13519490375,18.69001571375,0,0.064675235875,1,1,0,662.423836225,0.000965699984224969,0.142308054981173,"07",29.8780243493929,0.506964224408599,16.4220671967143,1.54957115907866,0,0,3.88679910694643,0.835881704783613,-0.0260077071157072
73,0.00727043374071767,30.3962731,17.9281018285714,0,2.70378379485714,1,1,0,676.095969671429,0.00095585286090214,0.1409545647976,"07",29.916208563,0.52855839777424,16.6281512358929,1.55885802519993,0,0,3.310819097175,1.92725748442754,-0.0302673713104208
74,0.00728190041030892,30.669900635,17.52835004125,0,2.997518976875,1,1,0,689.87630685,0.000967319530493389,0.142530486802663,"07",29.9557483471786,0.571694743701066,16.74253249675,1.37430627573134,0,0,3.838668160975,0.90764629141112,-0.0316181995794764
75,0.00726910603991724,30.94316956,16.033626172,0,2.99811148314286,1,1,0,703.798417714286,0.000954525160101709,0.140771931673597,"07",30.0921473955803,0.698943704384241,16.9374487648214,1.20318861382767,0,0,3.7474678324375,0.865645905043562,-0.0297034929532134
76,0.00718646767641287,30.70657599125,6.765813875375,0,2.997959720375,1,1,0,717.7437391875,0.00087188679659734,0.129338381649261,"07",30.3848862675,0.767666047391271,13.5636321133839,5.00944873762326,0,0,3.74762531704018,0.865464027827489,-0.030583866374693
77,0.00707381903807128,29.93805974,11.0490241128571,0,2.59445636571429,1,1,0,731.452808214286,0.000759238158255749,0.11353912287492,"07",30.4621479029911,0.857484846531658,13.312216423067,5.05439231630345,0,0,3.7475780183125,0.865518644952328,-0.0284186325529834
78,0.00695675045840195,29.512245055,10.9556608425,0,1.5009660045,1,1,0,744.8581981375,0.00064216957858642,0.096851091089702,"07",30.3834333470357,0.885822909612306,15.2789237514143,3.68363635789452,0,0,3.81680267514643,0.942469778149939,-0.0295476085140235
79,0.00683912759992255,29.18700809,15.2182184914286,0,1.49905574157143,1,1,0,758.1177235,0.00052454672010702,0.079798793806523,"07",30.1213036394286,0.878507655972449,16.7465671859643,3.63638082759269,0,0,3.59808588685,1.3400341265539,-0.0333533058577103
80,0.00672254250525621,29.09752284,18.1067931525,0,1.4990370255,1,1,0,771.263467525,0.000407961625440679,0.0626050464066088,"07",29.7581069310714,0.985055946921142,17.027195345,1.83310824381499,0,0,3.37287541867857,1.43523660316747,-0.0446693626096224
81,0.00660956570599999,29.2056786814286,17.9272872242857,0,1.49905574157143,1,1,0,784.435762871429,0.000294984826184459,0.0456565638185111,"07",29.7561146845714,0.992074807940517,17.9570871673571,2.29064897892158,0,0,3.29788894267857,1.254182120821,-0.0467236956843853
82,0.00651610274259372,29.38043761875,16.95602679375,0,1.4990370255,1,1,0,797.66073155,0.00020152186277819,0.0314150732577669,"07",29.6481906021072,1.03760286382661,17.5309368867857,2.0311210245079,0,0,3.29791514514286,1.25420225376393,-0.0439846722215673
83,0.00647881091217987,29.4286928885714,15.3425793014286,0,1.49905574157143,1,1,0,810.956403242857,0.000164230032364339,0.0256756073095969,"07",29.4240558940625,1.02113734752345,17.5840194754464,1.95564540154566,0,0,3.37308344697322,1.43546697117668,-0.0355813217370947
84,0.00654331925668972,29.43448400375,15.43727575375,0,1.499195914625,1,1,0,824.24154705,0.00022873837687419,0.0355831831608997,"07",29.2286861018929,0.995088483222374,16.0457640637857,0.851411848251682,0,0,3.17497903244286,1.13138395893788,-0.0238729590301039
85,0.00664942076167341,29.3994725428571,13.7328433414286,0,1.49666960671429,1,1,0,837.542066942857,0.000334839881857879,0.0516683619608775,"07",29.2900953926071,0.935886713025606,16.0089468848214,0.890776482180679,0,0,2.82075329581071,1.13122254556627,-0.0194897961918799
86,0.0067620815857782,29.32010988875,13.74906553,0,0.351669064625,1,1,0,850.7949830625,0.000447500705962669,0.0684693838894299,"07",29.3603724233929,0.87746200299045,15.6931598498929,1.77351957774873,0,0,2.73976961983214,1.27170514439748,-0.0151942995153556
87,0.0068757400906334,29.17965244,12.4753195871429,0,1.04701152871429,1,1,0,864.017010157143,0.00056115921081787,0.085137901405103,"07",29.4337008673214,0.835312251539926,15.3452081958571,1.2201353824609,0,0,2.92270837515,1.75997152987587,-0.00973650046195553
88,0.00698646774571962,29.0335953075,13.34684366,0,2.785910804,1,1,0,877.1541852875,0.00067188686590409,0.101113712738899,"07",29.4532064939643,0.798654247466937,15.5797822776429,2.37292287660345,0,0,3.50766407451786,1.52013583557269,0.000522189040422205
89,0.00707197256594524,28.8790509171429,13.6648237714286,0,2.99861298485714,1,1,0,890.245267557143,0.000757391686129709,0.113278059774019,"07",29.4420030430357,0.800383726127686,15.8405063957857,2.34526186121707,0,0,3.85511411100357,0.882383939018946,0.0109660286081798
90,0.00709625254604749,28.7115340675,13.1295917575,0,2.998074051,1,1,0,903.239275725,0.00078167166623196,0.116705447938117,"07",29.4835110870357,0.831605028619117,15.553114951,1.35509526321337,0,0,3.89781913764643,0.821105250336334,0.0179738320401251
91,0.00710740496942455,28.5724073128571,13.1520342642857,0,2.99811148314286,1,1,0,916.189621028571,0.000792824089609019,0.118275807614803,"07",29.5099911654643,0.878704010397671,15.7138689000357,1.64315768348198,0,0,3.77477898130714,0.752165472768415,0.0212644966302213
92,0.00707809652748148,28.44461841125,12.90583946875,0,2.998074051,1,1,0,929.055425975,0.00076351564766595,0.11414363319159,"07",29.5485461935714,0.930228619452458,15.8259473103929,1.73924848719826,0,0,3.47454801390714,0.688185441082508,0.0266449051682266
93,0.00707648116639717,28.2603478057143,12.8711662028571,0,2.99811148314286,1,1,0,941.874294,0.00076190028658164,0.113915387446159,"07",29.6769378378214,0.977353288109163,14.7907802414143,2.25667425950365,0,0,3.40653317253571,0.625059428050956,0.0237145158301115
94,0.00708538931194341,28.06376978375,13.5030146775,0,2.998074051,1,1,0,954.582173625,0.000770808432127879,0.115173434059275,"07",29.687943025625,1.14603202336651,12.784405634817,2.22213902164535,0,0,3.64034560129018,0.653091892482485,0.0073909249396551
95,0.00700857790615214,27.8744662057143,19.2092889171429,0,2.99811148314286,1,1,0,967.228252471429,0.000693997026336609,0.104273427835486,"07",29.6581163251339,1.14069284733703,14.6882450354196,2.78561252455833,0,0,3.74629180827232,0.863581156003702,-0.00151026605382576
96,0.00689686864097351,27.9850459975,21.9889217375,0,2.998074051,1,1,0,979.8110967,0.000582287761157979,0.0882061025019505,"07",29.6505616101786,1.25307080144779,16.03764403625,2.29746654006922,0,0,3.74814345464286,0.866084338757683,0.000163153065949828
97,0.00678041215572942,28.5468083571429,21.5215311257143,0,2.99811148314286,1,1,0,992.5821454,0.00046583127591389,0.0711765043393298,"07",29.8781796135714,1.124374508724,16.6947323418714,3.1176735688461,0,0,3.47047264612857,0.684824468569906,-0.00632219873832263
98,0.006662541414123,29.095008255,20.339712455,0,2.998074051,1,1,0,1005.591083975,0.000347960534307469,0.0536396200410829,"07",29.8799817821428,0.983478497286233,16.63573686475,3.28434068644812,0,0,3.37342955435714,0.749159175773677,-0.00879338797706044
99,0.00654447247474724,29.5429963557143,18.7709658628571,0,2.99811148314286,1,1,0,1018.85000871429,0.000229891594931709,0.035759411216258,"07",29.8882532759375,0.710726477591322,15.252714088125,5.36015977676509,0,0,3.37282251253125,0.749525709838896,-0.0167565038586147
100,0.0064270841446181,29.8280994525,18.4515319775,0,2.998074051,1,1,0,1032.250995625,0.00011250326480257,0.0176595737814704,"07",29.7505802757143,0.674507807135749,15.981681226,2.76674188958165,0,0,3.37130485235715,0.750580757535202,-0.0266432239500082
101,0.00631159278198785,30.0363147157143,17.9399644385714,0,2.99811148314286,1,1,0,1045.78877542857,-2.98809782768063e-06,-0.000473318032234715,"07",29.49542650975,0.790607244428726,15.4916075091786,3.03220656378369,0,0,3.67908651998571,0.716708600885341,-0.0361139378846035
102,0.00620176442598241,30.1904762325,17.70467627625,0,2.998074051,1,1,0,1059.378918875,-0.00011281645383312,-0.0180275479195222,"07",29.358108196,0.909612651053223,15.54876293775,3.15930235358204,0,0,3.71463144356071,0.555294888953071,-0.0336429165217297
103,0.00612270742001598,30.2612087228571,17.7059106842857,0,2.99811148314286,1,1,0,1073.04315828571,-0.00019187345979955,-0.0308569965210372,"07",29.2624222654643,0.959111509661372,16.2739628294286,2.44535076331642,0,0,3.832992262775,0.811297371281918,-0.0283475643963039
104,0.0061611742583789,30.24550389625,12.58177502325,0,2.998074051,1,1,0,1086.70767325,-0.00015340662143663,-0.0245939984748844,"07",29.3402959642857,0.939036503046804,16.9294482982143,2.55408732697578,0,0,2.53492593191518,1.57239367209918,-0.0248893958909789
105,0.00626080463150016,29.7142690285714,11.5219939562857,0,2.99811148314286,1,1,0,1100.289495,-5.37762483153702e-05,-0.0085526722364575,"07",29.2767982346875,0.841229969843517,15.8182704122411,3.68524229071255,0,0,3.16558082412946,1.80167428792278,-0.0234623233832928
106,0.00636742570885479,29.1793059125,15.93490922875,0,2.998074051,1,1,0,1113.548981125,5.28448290392598e-05,0.00833387582490808,"07",29.1659683266071,0.654559930914927,14.6177072760804,2.57427234228427,0,0,3.71895439334821,1.43879131024151,-0.0284538826962484
107,0.00645468547067101,28.9699609457143,14.8011148442857,0,2.99811148314286,1,1,0,1126.693572,0.000140104590855479,0.0219449116951544,"07",29.0636379431696,0.577139178281394,15.5842225307143,1.37974768177636,0,0,3.36944873003572,0.742724403519137,-0.0331887205632148
108,0.00643517696841428,28.7852101825,14.8301954725,0,2.998074051,1,1,0,1139.722213375,0.00012059608859875,0.0189179566843141,"07",29.0297143962054,0.635261126347528,15.2691831795089,0.584881862241242,0,0,3.48642319732143,0.976223435868842,-0.0348262220522176
109,0.00639455583433881,28.5894131485714,14.5533823514286,0,2.99811148314286,1,1,0,1152.69662342857,7.99749545232799e-05,0.0125855926662943,"07",28.9226306048214,0.775848476156107,16.5967582310714,2.64661662541321,0,0,3.97608397844196,1.41488797199949,-0.0314234343714459
110,0.00639907129189906,28.3894131,12.706112461875,0,2.998074051,1,1,0,1165.551097125,8.44904120835292e-05,0.0132914843782537,"07",28.966793410625,0.948605271432866,12.9519922582143,1.90133695937659,0,0,4.12331041290178,1.43378546809857,-0.0311766427951692
111,0.00647308484412958,27.9900969085714,9.32889017585714,0,2.99811148314286,1,1,0,1178.31089528571,0.00015850396431405,0.0247914018708464,"07",29.0725374943303,1.09429846072657,12.696062244125,2.85704114341531,0,0,4.20170864267411,0.853194716416636,-0.0214738132730877
112,0.00658513357596289,27.42817296625,14.7995488175,0,2.998074051,1,1,0,1190.803077875,0.00027055269614736,0.0419532346151952,"07",29.0680560880357,1.30069514535289,12.3573098097054,3.62784055793385,0,0,3.74768104080357,0.867090593112275,-0.00900878110854059
113,0.00670282757743132,27.1909335185714,13.7486509514286,0,2.99811148314286,1,1,0,1203.14845585714,0.00038824669761579,0.0596680783258545,"07",29.0427510390179,1.62245724296456,13.8208501605268,2.88937552342216,0,0,3.77095383825893,0.774308834173199,0.0041080580540807
114,0.00682239100833653,26.95685731125,12.12509068375,0,2.998074051,1,1,0,1215.362021875,0.000507810128520999,0.0773486123597982,"07",29.1591390007143,1.93317108868413,12.3928875574643,5.01575275349795,0,0,3.04350662637054,0.112047023203181,0.0149785947266313
115,0.00694276402355085,26.6829920771429,11.8885802742857,0,2.99811148314286,1,1,0,1227.49296471429,0.00062818314373532,0.0948385834746128,"07",29.1234845753571,2.07714078473471,14.6855039946518,1.80072659857987,0,0,3.37238605,0.74868837822262,0.0284740027045303
116,0.00706355100028971,26.44884297625,17.27284889125,0,2.998074051,0.375,0.375,0,1239.475556125,0.000748970120474179,0.112086513314022,"07",28.6877532435714,1.85483908274277,15.8752222653571,2.94502605191098,0,0,3.47986480166429,1.07857329636665,0.0442623158915624
117,0.00718449441639817,26.5689259857143,22.6120131157143,0,2.99811148314286,0,0,0,1251.430622,0.000869913536582639,0.12906376398805,"07",28.4861472410357,1.78125862552604,18.2721923518571,3.17533097961642,0,0,3.59777974991429,1.34208927467758,0.0654999293288863
118,0.00730541837372984,26.89947598125,13.11755974125,0,2.99886883825,0,0,0,1263.510943875,0.000990837493914309,0.145754929049118,"07",28.2777245058929,1.5010105209446,19.8556069684643,2.61852579215777,0,0,3.50103754993214,0.815392028886676,0.0826461585257226
119,0.00742616062215027,26.7194353328571,12.24433078,0,2.93375165857143,0,0,0,1275.64701457143,0.00111157974233474,0.162147598242318,"07",28.0687328334643,1.13571604584646,18.15514381525,3.61199966044674,0,0,3.76759336387857,1.7215387147061,0.0994115700330799
120,0.00754651478131257,26.39771361125,6.102971329625,0,1.484584568875,0,0,0,1287.635452,0.00123193390149704,0.178224451120027,"07",27.6530965460357,0.930540201155511,17.5058952745429,6.16882809098462,0,0,3.60317354434286,1.38888668221134,0.116236940221808
121,0.00766623327764621,25.7000478085714,5.49916929142857,0.00209228685714286,1.49875031085714,0,0,0,1299.43869757143,0.00135165239783068,0.193964009260463,"07",27.0600180274553,1.14825247468618,16.0982638892009,9.15199029201464,0,0,2.00939033652679,0.70701692823926,0.117195608909367
122,0.0077848239583145,24.58176063875,4.449378892875,12.740308313125,1.499481901,0,0,0,1310.79730325,0.00147024307849897,0.209314804498222,"07",26.2620410087946,1.32118720432416,14.9062369456607,10.332838600879,0.000523071714285715,0.00104614342857143,0.558250225334821,1.02138870569143,0.139440127397857
123,0.0079014549067271,22.08225663,3.28700891728571,21.2627444714286,-5.59155706,0,0,0,1321.39796828571,0.00158687402691157,0.224185520136699,"07",25.1010541557589,1.32931820179573,14.2261290125357,12.3481838526538,4.29604252246875,6.00664737283906,-0.59438175546875,2.98811487543403,0.140706444359198
124,0.00801353020503075,20.58679027375,3.421641765625,18.640094335,-43.73030509375,0,0,0,1330.96057975,0.00169894932521522,0.238270000747187,"07",23.739041208631,1.4804064646503,17.9464309088095,11.8583898873052,7.63893118238095,11.8803282109508,-4.41437456523215,4.42626060832908,0.149517829236255
125,0.00810880637075838,19.0456613685714,3.17399053185714,18.36025878,-57.4705984357143,0,0,0,1339.80374957143,0.00179422549094285,0.250089289252115,"07",21.8844333558036,1.40641512612294,18.9947872134167,12.9370900309892,6.56982071583333,10.2003688746548,-19.2843959099464,17.1298004271399,0.145607817341222
126,0.00809964784218517,17.03000669125,2.719805370875,25.25918006,-47.3690147175,0,0,0,1347.58560475,0.00178506696236964,0.248959196361752,"07",20.1707107925,1.36642151995449,17.140886997375,14.1994495755985,8.89308250979591,11.1761472277923,-25.5767801323928,21.1943575238378,0.140580382681111
127,0.00800167585822569,14.5618764628571,2.57494834728571,22.8472645814286,-7.22141327342857,0,0,0,1354.11664471429,0.00168709497841016,0.23678961407278,"07",18.2870080681633,1.38474210943859,13.5991791041301,14.2560031375679,13.2038717447959,12.577485249112,-25.6629522676837,25.5946753735165,0.140019898206869
128,0.00788921391576095,12.29580951625,3.029561991,24.28793365875,138.8953548875,0,0,0,1359.621269125,0.00157463303594542,0.222635111677025,"07",16.4419493634127,1.93665902166134,16.886846455256,14.0818956640143,11.7729348346825,14.1720610603626,4.8636303475,36.5271998593915,0.137643952142203
129,0.0077730481184249,9.86393761328571,2.52983511214286,23.6771915471429,319.115209257143,0,0,0,1364.50644314286,0.00145846723860937,0.207800993106927,"07",14.4884040224405,2.08883145026016,13.9772699596171,14.3718441610959,13.9694497282937,13.6010428033652,63.1224101187778,87.7903359809785,0.135087505875647
130,0.00765528963523855,8.652137200125,3.40884596825,1.662000370375,400.2055770375,0,0,0,1368.41092675,0.00134070875542302,0.192535477098472,"07",12.5420891423247,2.16280253773153,13.8897612844919,13.8841396177938,12.905720536461,12.797369589021,165.176317447097,139.183023707168,0.135539370849676
131,0.00753706098598978,8.41173109928571,4.56093126457143,0.00330985171428571,423.572650214286,0,0,0,1371.22075971429,0.00122248010617425,0.176970929199072,"07",11.0947907262232,2.00861831184421,13.9380721770997,12.7751312104584,10.0648051408348,12.5590302473746,257.4145090575,149.503865154418,0.130529029648193
132,0.00741932862418304,7.966462226875,7.884475588125,0,455.7795559125,0,0,0,1372.289758875,0.00110474774436751,0.161227184203529,"07",10.5460845833988,2.13196643766898,12.7866943014381,12.1790424582389,8.82035266256548,11.6999874470607,296.057244378857,155.052642415989,0.126401895244232
133,0.00730380911805984,7.55170050214286,19.5349899414286,0,467.268961628571,0,0,0,1371.557213,0.00098922823824431,0.145534622307316,"07",10.7599691606314,2.03861083696127,12.3046731842959,12.4894254894854,9.45037785274873,11.8746667069132,283.827836003878,153.214589772772,0.132779470931927
134,0.00719886018722213,8.772446569875,23.96473006,0,395.0798739875,0,0,0,1369.067669875,0.000884279307406599,0.131061319606609,"07",12.2179264804747,2.34807265469035,13.0163516748051,13.5793586104212,11.9687438559539,12.6261374773108,184.762089079631,149.043820383931,0.127397069956991
135,0.00717021670648461,11.10822864,26.0675797671429,0,206.076633738571,0,0,0,1364.95726885714,0.000855635826669079,0.127074491713501,"07",14.025957381525,2.45295411999555,12.8325264748696,14.0251307177709,14.9402239101786,13.1855272039336,88.7216900326143,115.775753853373,0.128477188854622
136,0.00722830751684085,13.585766365,27.78315378125,0,35.725602745,0,0,0,1359.482876125,0.00091372663702532,0.135143530433869,"07",16.7989722382143,1.72492986789044,15.5248080395067,14.4064845589317,13.2445516890179,14.3966825228184,1.0058837978125,37.0373780866735,0.137487675785432
137,0.00721784069105026,16.1332015557143,29.1188238442857,0,9.68235496828571,0,0,0,1352.93780414286,0.00090325981123473,0.13369444832193,"07",19.1042262691837,1.57653420456284,13.8207938784158,14.5465680902111,13.2038717447959,12.577485249112,-29.3271104364184,21.1394875811193,0.139703625712622
138,0.00716503476134846,18.48975444,26.77019343,0,-5.95596851075,0,0,0,1345.125000125,0.000850453881532929,0.126351526329715,"07",20.6757425647916,1.10896655224296,11.0302490864167,13.4454781478054,13.4819453172619,10.5822685320101,-35.0888082065,18.5714866495084,0.141297559135013
139,0.00715259323851054,20.3772216757143,25.8198270557143,0,-9.62587433257143,0,0,0,1336.37478585714,0.000838012358695009,0.124613595186961,"07",22.5982816227083,1.48916345664162,10.486057484369,12.2475950392403,14.2087518982143,11.1688111985898,-17.7266569355655,17.9458285316396,0.149825427071565
140,0.00714118134891951,22.18505375625,24.66883092625,0,-2.3296881845,0,0,0,1326.707228,0.00082660046910398,0.123016831255048,"07",23.9876292410714,1.63123304761777,13.8085894282143,12.8169275097116,11.4583967735714,13.2997641980614,-4.33517227303572,5.41050597361306,0.151939365898903
141,0.00705531160646934,23.4757677385714,24.55172317,0,2.42006263014286,0,0,0,1316.36600571429,0.000740730726653809,0.110919366233061,"07",25.7975993216429,1.19561545132907,16.0082806745286,11.4046024059371,3.436834017975,5.54536344770996,-0.962632073078572,2.19530396389488,0.134174350716972
142,0.0069407967553632,24.6588041725,24.23576411,0,0.8775598345,0,0,0,1305.4508405,0.000626215875547669,0.0945551881405473,"07",26.89879640425,1.11191143146197,16.6068242668143,9.74818845325391,0.000418457371428572,0.000935699128200165,0.982796108939287,1.14633072511366,0.122457254454711
143,0.00682235776285716,25.8159083957143,24.8966506271429,0,2.05127085914286,0,0,0,1294.053609,0.000507776883041629,0.0773437393526883,"07",27.3452197704018,0.83525520329878,15.8742219827277,8.87147972468341,0,0,2.24716915489732,0.867515690056384,0.106559736840494
144,0.00670280074256274,26.9567153675,24.00048300125,0,3.002386132625,0,0,0,1282.09816975,0.000388219862747209,0.0596640748032238,"07",27.9144566113839,0.980878518479896,18.8921766589286,5.23140475204923,0,0,3.75369550425,1.55594241155927,0.0895391623560454
145,0.00658324151379097,28.0867954228571,22.68485983,0,2.99573772728571,0,0,0,1269.67698442857,0.000268660633975439,0.0416658700552839,"07",28.4045375017857,1.37854523445155,18.4037256513839,4.13918285940503,0,0,4.42923945592857,1.83824074350704,0.0720514386900953
146,0.0064649224572468,29.11415572125,22.725427635,0,4.87284021475,0,0,0,1256.722018625,0.000150341577431269,0.0235296329369774,"07",28.6452518883928,1.84717351097916,20.6662613291518,2.83540170967202,0,0,3.90821374983482,1.42585621518524,0.0538117108941345
147,0.00635216913651637,29.9651155728571,23.5299355042857,0,5.99858151542857,0.285714285714286,0.142857142857143,0,1243.39156814286,3.75882567008393e-05,0.0059349661740109,"07",28.8643620824554,2.14055305116964,17.4025691052232,1.90576397090928,0,0,3.6003701309375,1.2059368024918,0.0364377999739248
148,0.00628083259434626,30.6194484175,19.50852051875,0,5.40927477275,2,1,0,1229.669075625,-3.37482854692707e-05,-0.00535883411296112,"07",28.6353860757143,2.10406418782181,14.1261192505786,1.99912947845657,0,0,3.29753113662857,0.669639459741906,0.0211001603967434
149,0.00625847382549176,30.6964618542857,16.34987747,0,4.49541858457143,2,1,0,1215.81702985714,-5.61070543237709e-05,-0.00892502692224983,"07",28.7186826628214,1.94238816191385,12.3393281827214,4.34541997927484,0,0,3.03442011129643,0.0991399280687679,0.00804859276739054
150,0.00622130905865333,30.64347475625,15.535374135,0,3.21120042425,2,1,0,1201.95193225,-9.32718211622005e-05,-0.0148810401723702,"07",29.0262638510268,1.6009614800047,13.7430705107053,2.83144416852423,0,0,3.71700587023214,0.831698580284409,0.00220914823143561
151,0.00615153341660826,30.5775260042857,15.2242555357143,0,2.99540855214286,2,1,0,1188.14039057143,-0.000163047463207271,-0.0261599974149638,"07",28.8556771050357,1.18758089879336,12.7257245388714,3.22878613015018,0,0,4.26139301077857,0.750825605516065,-0.0107239027391829
152,0.00606220799942861,30.51041485875,14.82833407125,0,4.31276348925,2,1,0,1174.32472975,-0.00025237288038692,-0.0407872938877354,"07",28.8669688447857,0.962046959276729,12.3917797057643,2.50248261187414,0,0,4.29818666201071,1.30193743594695,-0.0234051613345525
153,0.0059692705296105,30.3509579528571,11.3606730185714,0,5.99494797785714,2,1,0,1160.58330885714,-0.00034531035020503,-0.0562366530980247,"07",28.9273089606696,0.767262346250367,14.2131377593303,2.04977353959798,0,0,4.12314060691071,1.43613689099819,-0.0509078120932445
154,0.00588810133352438,30.05381490125,15.89973467375,0,5.9980715215,2,1,0,1146.926779125,-0.000426479546291151,-0.069927792005041,"07",28.9067354667857,0.691002781776558,16.7134159532143,2.57276481186264,0,0,3.71424630938839,0.929716379982184,-0.0540546893474544
155,0.00584455804249106,29.9163106271429,15.5657502828571,0,4.95075827742857,2,1,0,1133.39924285714,-0.000470022837324471,-0.0773504041876887,"07",29.0143695979018,0.571171388928109,15.5739984076339,1.03409674185524,0,0,3.36962681975,0.742605737640137,-0.0531878941494925
156,0.00585726833520277,29.80970520875,16.95562389625,0,4.483535335,2,1,0,1119.89543725,-0.000457312544612761,-0.075178042868572,"07",29.0525620879464,0.537831997200964,15.7662685433036,1.45811879428077,0,0,3.71893567727678,1.43880381283201,-0.0475572792832254
157,0.00589032099584793,29.7392234942857,16.5203031857143,0,5.87713917285714,2,1,0,1106.45863857143,-0.0004242598839676,-0.0695508888426195,"07",29.1582765342857,0.646295114581639,15.5883298573304,3.99342108710048,0,0,3.16608039491964,1.80161192383712,-0.0403800955647411
158,0.00590231084098282,29.70940287,20.65619278875,0,5.52774052825,2,1,0,1093.028797375,-0.000412270038832711,-0.0675174413087953,"07",29.2020054206072,0.86280119295422,15.1881664706143,2.9808483078824,0,0,2.62716338552857,1.37726362675747,-0.0346217914830655
159,0.00587877150636048,30.0346506271429,19.7673494857143,0,2.998335576,2,1,0,1079.56575185714,-0.00043580937345505,-0.0715135708415113,"07",29.2646202389643,0.986251357769465,16.5912487798571,1.77216766948509,0,0,3.81778913075714,0.809054594536238,-0.0303454285352883
160,0.00582469069740911,30.42267658625,17.8539999125,0,2.995862263125,2,1,0,1065.894729625,-0.00048989018240642,-0.080755484391287,"07",29.3284256573572,0.991135531730752,16.3209826023572,2.47938461113624,0,0,3.90195559472143,0.641934420038333,-0.035616419535458
161,0.00577369933362681,30.6116511971429,17.6757379671429,0,3.55783596157143,2,1,0,1052.12756242857,-0.00054088154618872,-0.0895483756975777,"07",29.6426625608036,0.90378088768825,16.1601181742411,2.71260434509161,0,0,3.84981725486161,0.700405915816643,-0.0405324040702401
162,0.005751294514804,30.73374237,17.110181645,0,4.501127588625,2,1,0,1038.25454375,-0.00056328636501153,-0.0934364205768929,"07",29.7382737642411,0.739505904545387,15.9159681425893,2.63617209172054,0,0,3.37081787669196,0.750904124412172,-0.0400872980538695
163,0.00575518241460899,30.7471888485714,15.81675145,0,4.497167225,2,1,0,1024.38613785714,-0.000559398465206541,-0.0927606446796796,"07",29.8137878670982,0.600578297072862,15.9851255599732,2.786467971306,0,0,3.37284122860268,0.74951323314488,-0.03491275411047
164,0.00575643862719532,30.71196946125,15.709843235,0,4.497111076875,2,1,0,1010.492660875,-0.000558142252620211,-0.0925423934768421,"07",29.9287925477678,0.679245900726847,14.6055793237947,5.19212778580574,0,0,3.37341083828572,0.749171677961176,-0.0291053808016111
165,0.00576540074017294,30.6906522757143,15.6026418642857,0,4.497167225,2,1,0,996.638935571429,-0.000549180139642591,-0.0909867191884324,"07",29.864195123125,0.976922161114965,16.6887616231429,3.3641372029023,0,0,3.58858165294643,0.729598854161319,-0.0251209819334486
166,0.00578872123082593,30.6603621625,16.40884417875,0,4.497111076875,2,1,0,982.770988175,-0.000525859648989601,-0.0869499742110591,"07",29.678206558125,1.20096207240309,16.7325522413393,3.61763471903548,0,0,3.74813409660714,0.866095144346679,-0.019920013153916
167,0.00581091515092494,30.5677843885714,14.33421637,0,4.497167225,2,1,0,968.9547874,-0.000503665728890591,-0.083123311707392,"07",29.30138630125,1.26971125799354,15.5924538117643,3.14764918769955,0,0,3.59665574324643,0.819319272039712,-0.0132640098193049
168,0.00585597076031129,30.380192005,11.5309877515,0,4.4912331275,2,1,0,955.1697167625,-0.000458610119504241,-0.0753995998374091,"07",29.36310837725,1.22989015479461,12.9281274433536,1.95107820573251,0,0,3.51189129123214,0.634349520282152,-0.00458490940696935
169,0.00593174707489739,29.8404984685714,12.0506290245714,0,3.29857881814286,2,1,0,941.566591828571,-0.000382833804918141,-0.0625425976268978,"07",29.6360476801339,1.12360101150972,15.475818045625,1.91352893803294,0,0,3.43352176113393,0.718384640725538,0.0150888044844105
170,0.00598308501100121,29.38620812,17.0413289525,0,2.996748886375,2,1,0,928.1967205375,-0.00033149586881432,-0.0539250606652129,"07",29.5891307119643,1.06901186072779,15.5221018998661,1.84873835636828,0,0,3.59399779579018,0.732355059023879,0.0185879085848827
171,0.00597530035844225,29.2304745414286,17.6273027542857,0,3.88252409314286,2,1,0,914.981629214286,-0.00033928052137328,-0.0552270179592638,"07",29.5798703214732,0.998468998461378,15.2355104364732,1.44029306021449,0,0,3.74784270334822,0.865736744492635,0.017310397813868
172,0.00592713729883002,29.18266107875,15.7053311775,0,4.498074202375,2,1,0,901.780823175,-0.000387443580985511,-0.0633200360564388,"07",29.5587235891071,0.94041290313378,15.515060894375,1.56164128030105,0,0,3.74775537146428,0.865346298715952,0.0133893830220861
173,0.00586385099549893,29.0565446128571,15.1926932042857,0,4.497167225,2,1,0,888.640395814286,-0.0004507298843166,-0.0740548291736722,"07",29.5383676505803,0.890081210612354,16.0024596936607,2.67559559580452,0,0,3.69460083250446,0.930790956098401,0.00685489073837848
174,0.0058063724169058,28.90558366875,14.9976074675,0,4.497269966,2,1,0,875.54283265,-0.00050820846290973,-0.0839053762204633,"07",29.5901122002678,0.851768939642345,15.7253259801786,2.71412309511291,0,0,3.26026260164732,1.63494159516468,-0.00273293870132028
175,0.0057606833278164,28.7606152685714,15.1116219514286,0,4.49478109,2,1,0,862.5364207,-0.000553897551999131,-0.0918052821123645,"07",29.6019722670089,0.861138965021512,15.4036047569643,1.40079956205366,0,0,2.5296901964375,1.76075110562933,-0.0118893187859162
176,0.00573347624650119,28.5996683625,14.89242569625,0,3.21120042425,2,1,0,849.5690839,-0.000581104633314341,-0.0965393614469185,"07",29.5505484386161,0.886269321640707,15.8933433883036,1.98158335594035,0,0,2.62191191872768,1.43656153632618,-0.0245616298262982
177,0.00573213342920322,28.4394381714286,15.5728493428571,0,2.99760998157143,2,1,0,836.704089642857,-0.00058244745061231,-0.0967735953548692,"07",29.5027596979018,0.930772729786474,16.1179712703125,0.989310303897045,0,0,2.77653912437053,1.30122505499842,-0.0259301127887957
178,0.005748068549138,28.29314382875,15.9970048,0,2.996150632125,2,1,0,823.88614595,-0.00056651233067753,-0.0939974891641846,"07",29.4625716701786,0.977540310630136,16.0579538797321,0.982621783651137,0,0,3.21968613252232,1.30129988270927,-0.0297166698746106
179,0.00577621109752517,28.1703442471429,16.2355079314286,0,3.88252409314286,2,1,0,811.144367228571,-0.00053836978229036,-0.0891134348537612,"07",29.4249832929643,0.884333315115985,17.1357314406429,1.96805043461295,0,0,2.99827790589286,1.49927316961488,-0.0411501334686121
180,0.00582155347715049,28.0759382275,17.8717790925,0,4.498074202375,2,1,0,798.4283624875,-0.00049302740266504,-0.0812942366677474,"07",29.603565104881,0.934475453092836,17.4351185379464,1.83178847818304,0,0,2.99810212520238,1.34080040133951,-0.0515246467695007
181,0.00589582960544058,28.0707478957143,18.8022598385714,0,4.497167225,2,1,0,785.763631214286,-0.000418751274374951,-0.0686161290407759,"07",29.5600679230953,0.82864000440293,18.6558605901786,1.87348326483376,0,0,3.24792603280357,1.47384640808849,-0.0485808788324799
182,0.00597018123555327,28.3340306975,20.51060916625,0,4.497111076875,2,1,0,773.0203309125,-0.00034439964426226,-0.0560840990365499,"07",29.736843651756,0.851910551805429,17.6827325139583,1.83364074262196,0,0,3.24794162951488,1.47385465701858,-0.048620331412254
183,0.0059949073225772,28.6655695142857,17.9987421957143,0,4.497167225,2,1,0,760.157448857143,-0.00031967355723833,-0.051951054523224,"07",29.8128278095982,0.8912079306557,17.0255397365625,1.95631428894679,0,0,3.37285202361161,1.43522520024561,-0.0459257613759585
184,0.00593900761487694,28.91099656,18.2759041225,0,4.497111076875,2,1,0,747.1385592375,-0.000375573264938591,-0.061319332391899,"07",30.0406821436161,0.882428914979986,16.0308997733928,3.79453675337473,0,0,3.37333894737947,1.43439068175945,-0.043591908469993
185,0.00583695740566253,29.11315044,17.58188307,0,4.497167225,2,1,0,734.046183085714,-0.000477623474153001,-0.0786517144166083,"07",30.2700188401786,0.870461523415954,14.3830189824375,3.38234759170162,0,0,3.64670217964732,0.995728508524093,-0.0441917164894172
186,0.00573248479728642,29.282892295,18.37732811,0,4.497111076875,2,1,0,720.8431564375,-0.00058209608252911,-0.0967122992750102,"07",30.3257378753125,0.717807633339242,11.2466790392277,5.59523922397918,0,0,3.74758737634822,0.865507840182487,-0.0483530050440212
187,0.00566618368005365,29.2597160942857,15.7256452414286,0,4.497167225,2,1,0,707.624609142857,-0.000648397199761881,-0.108345563971873,"07",30.1604646268304,0.782589259664362,16.5637677975089,1.19054184034228,0,0,3.74761595900446,0.865474833691277,-0.0540838980743474
188,0.00565421196319715,29.14070123125,17.86908036125,0,4.497111076875,2,1,0,694.426577175,-0.000660368916618381,-0.110460635120488,"07",30.0448721352232,0.726785551107377,16.7786257501786,1.4680511843793,0,0,3.74747719047321,0.865635103450402,-0.0582007313658846
189,0.00566648557350016,29.0926649528571,17.4672609571429,0,4.497167225,2,1,0,681.282987685714,-0.00064809530631537,-0.108292285536845,"07",29.988958595,0.652670736552763,16.3917901298214,1.51674981903619,0,0,3.67402324199554,0.958013547359432,-0.05796738561814
190,0.00567695685171354,29.11665303,17.062378055,0,4.497111076875,2,1,0,668.126628175,-0.00063762402810199,-0.106446059213202,"07",29.9408743294643,0.599494093211572,16.6508219543304,1.97540457078046,0,0,3.01269568897321,2.08952983440483,-0.0540931171270029
191,0.00567149866941333,29.1541827514286,17.1480372728571,0,4.497167225,2,1,0,654.972296485714,-0.000643082210402201,-0.107407984404649,"07",29.8951735475893,0.585519861057459,16.2582477459375,1.71140629228963,0,0,4.10613339867857,0.770319777739718,-0.0515631126788966
192,0.00566490233814188,29.19267535875,16.8401703775,0,4.497111076875,2,1,0,641.7819838625,-0.00064967854167365,-0.108571727976375,"07",29.8417164996875,0.597352242356019,16.1735001274107,1.8833014725578,0,0,4.12211813299107,0.748947570899902,-0.0527191367462423
193,0.00566150176033648,29.2268436514286,16.6829466614286,0,4.497167225,2,1,0,628.593775657143,-0.000653079119479051,-0.109172197078124,"07",29.7903963486161,0.629787077093892,15.9756338362054,1.27856607019259,0,0,3.56059598487947,1.12372775140663,-0.0546401362587613
194,0.00564968386107732,29.25376837375,16.603159855,0,4.497111076875,2,1,0,615.3738301375,-0.000664897018738211,-0.111261792942942,"07",29.7223284528125,0.678257231280344,16.1238764714286,1.279612663761,0,0,3.37174544325446,1.43715191377172,-0.0539287342306216
195,0.0056402556290775,29.2736787185714,17.4204753542857,0,4.497167225,2,1,0,602.167640628571,-0.00067432525073803,-0.112931993927234,"07",29.6512554825,0.727506174899456,16.0150591322768,1.22872736199072,0,0,3.86556568259821,0.75428103158802,-0.0547519935990735
196,0.00564777134175213,29.31323060375,16.65946152875,0,4.497111076875,2,1,0,588.926916375,-0.0006668095380634,-0.11160036818405,"07",29.5732657678125,0.770517347630472,15.7908901876339,1.42106063396401,0,0,4.12299760204018,0.749949959553908,-0.0471042940843899
197,0.00568521966607329,29.3600627114286,16.3395949114286,0,4.497167225,2,1,0,575.678179485714,-0.00062936121374224,-0.104991616808093,"07",29.5205229122321,0.827084721632335,16.3759982973214,2.00594300232273,0,0,3.96334558841072,0.70993524469909,-0.0362235094733077
198,0.00571839448945843,29.4332403175,18.63527979125,0,4.497111076875,2,1,0,562.3884505875,-0.0005961863903571,-0.0991733006253135,"07",29.4840830186161,0.886457865791302,16.6890475441964,3.01271171553701,0,0,3.74817009475447,0.864835462242598,-0.024202592525828
199,0.00572942081461729,29.5422926771429,20.7430550085714,0,4.497167225,2,1,0,549.084477585714,-0.00058516006519824,-0.0972469368461777,"07",29.72642419825,1.01033116193121,15.77149289375,2.80910475409552,0,0,3.59819015025714,0.820697440405589,-0.0110438241687232
200,0.00572550323295911,29.81229604,18.2622848275,0,4.497269966,2,1,0,535.6659016875,-0.00058907764685642,-0.0979309364477894,"07",29.7099739568571,1.09182661386808,15.2787277542857,2.49792274119616,0,0,3.59813395312143,0.819588457349749,-0.00262523339156928
201,0.00572172791316712,29.9880600742857,16.1392424414286,0,4.49478109,2,1,0,522.161885514286,-0.00059285296664841,-0.0985905404716299,"07",29.4098931361161,1.1556186265953,16.1087750979464,3.26077950285869,0,0,3.22659646352678,1.00760501482571,0.0019646701046924
202,0.00571605006401955,30.02521279875,17.3553598575,0,3.35182542425,2,1,0,508.5957711875,-0.00059853081579598,-0.0995833643445891,"07",29.3661978633928,1.19746851820261,15.8303299740179,1.97797987168596,0,0,2.94460183189286,1.22904004091933,0.00442005174093661
203,0.00572013821951692,29.9892272385714,18.7054016485714,0,2.99760998157143,2,1,0,495.050870814286,-0.000594442660298611,-0.0988684136112399,"07",29.3369425859375,1.24825784071975,16.1697320785714,1.68389015555968,0,0,3.04629451669196,1.10840702373525,0.00501965858502324
204,0.00575172953998638,29.96576206375,18.29612567,0,2.996201012625,2,1,0,481.50206715,-0.000562851339829151,-0.0933607839142292,"07",29.3032053567411,1.2757641107649,15.9179859507589,1.57937662391797,0,0,3.88508153436161,0.742637503990966,0.00423334702557149
205,0.00580820972482338,29.9566465957143,17.9240158842857,0,3.55783596157143,2,1,0,467.976024642857,-0.00050637115499215,-0.0835889967108354,"07",28.9518341284286,1.35897053789824,16.5697099684643,1.49782430850074,0,0,3.79167358912857,1.0327185758153,0.00494809994699688
206,0.00588480722830213,29.94504004375,17.658188605,0,4.501127588625,2,1,0,454.4397863625,-0.0004297736515134,-0.0704873997238904,"07",28.9951558541964,1.19381484031963,16.6271578304464,1.3155414277347,0,0,3.24862789567857,1.47379524528021,0.00791907936924356
207,0.0059837663417889,29.9164740357143,17.5240829342857,0,4.497167225,2,1,0,440.9242997,-0.000330814538026631,-0.0538111909835477,"07",29.0416928829762,1.16677851887376,16.1297517502976,1.40648558682414,0,0,3.39191166566072,1.65209997292788,0.0127719429989902
208,0.00609804863689102,29.8669044175,17.38496023875,0,4.497111076875,2,1,0,427.420850475,-0.000216532242924511,-0.0348925596354919,"07",29.3186174989286,1.11179763950093,15.61412150225,1.02204601522035,0,0,3.42230032776786,1.82826407631647,0.0148084244704675
209,0.00621312669921108,29.8375110628571,17.2372260171429,0,4.497167225,2,1,0,413.943876014286,-0.000101454180604451,-0.0161971208777612,"07",29.32505355625,1.14709566330342,15.6264444747857,1.30908572427122,0,0,3.95956107354286,1.4828373723203,0.0227685357289069
210,0.00631998331547243,29.807714585,17.62289571125,0,4.497111076875,2,1,0,400.469387625,5.40243565689928e-06,0.000855183576913277,"07",29.3135135262857,1.19252887931694,14.9633916561429,1.50454748080494,0,0,4.19923873357857,0.962240090102678,0.0308011804226735
211,0.00637143098514135,29.7401070142857,17.3264282185714,0,4.497167225,2,1,0,387.022024071429,5.68501053258199e-05,0.00896270405523847,"07",29.2966160485357,1.24921406704772,15.0338048560357,1.39628318838456,0,0,3.46132311416429,1.11367590265659,0.0379792610956363
212,0.00636582498511901,29.67693598,16.95872621625,0,4.497905864,2,1,0,373.5947439,5.12441053034792e-05,0.0080824516194884,"07",29.294429276,1.2968046338659,15.3231113075714,1.51710016351744,0,0,2.85917755772143,1.5077856430652,0.0422495839073172
213,0.00638549745386953,29.6276652857143,17.2131298114286,0,4.43280740028571,2,1,0,360.210684642857,7.09165740539995e-05,0.0111680114340142,"07",29.3378685711429,1.2999896740962,15.713678183,1.77535428221079,0,0,2.39605383675357,1.33882016004604,0.0489097423342242
214,0.00646944633328664,29.59758391125,17.07917404875,0,2.98379305525,2,1,0,346.8296691125,0.000154865453471109,0.0242291454107013,"07",29.4191514281071,1.2559284344395,16.0282687980714,1.83223153282242,0,0,2.39401837893214,1.33972276164934,0.0475345641303927
215,0.00655824731467477,29.5686278042857,16.4895662942857,0,2.980787573,2,1,0,333.476321214286,0.00024366643485924,0.0378620044203277,"07",29.5400844571786,1.07157873540926,17.29990261225,3.79407642073721,0,0,2.7744219605,1.63181940156074,0.046994158480201
216,0.00655839617835957,29.5496379175,16.25511199125,0,4.4417334775,2,1,0,320.120545275,0.00024381529854404,0.0378847028618337,"07",29.6923730818572,0.718235173927967,17.3069469291071,2.75994422624203,0,0,3.38239767278214,1.46586324004046,0.0475187776450624
217,0.00652682732264346,29.5239978071429,16.1532042414286,0,4.49700441342857,2,1,0,306.785183142857,0.00021224644282793,0.0330595783265837,"07",29.7559438034286,0.451797286138642,17.3491958636429,1.23283104279357,0,0,3.74526633834643,0.746172113254032,0.0468518045566709
218,0.00653786966878982,29.505496215,16.81848970125,0,4.497111076875,2,1,0,293.4514019375,0.00022328878897429,0.0347499885387768,"07",29.7276076167857,0.332865176461624,17.25642970125,1.03091555751921,0,0,3.5981040553,0.820728963657073,0.0426168712596354
219,0.00654156802631168,29.5065592614286,18.1134571028571,0,4.497167225,2,1,0,280.131625342857,0.000226987146496149,0.035315510948851,"07",29.6759291514286,0.272434701824597,17.4978737995,0.710511112589031,0,0,3.09125946785357,1.64786369202877,0.0375447733747281
220,0.00655046612714168,29.50340920875,17.6590015525,0,4.497111076875,2,1,0,266.7946479625,0.000235885247326149,0.0366748263859913,"07",29.6210527770536,0.268290089473517,17.6689703804464,0.632143810798884,0,0,3.11462120309375,1.90186227046793,0.036244399602263
221,0.00656897516434646,29.5088624514286,17.2476061114286,0,4.497167225,2,1,0,253.476384228571,0.00025439428453093,0.0394964479461528,"07",29.6066769875446,0.274964734095661,16.7975549250446,0.493380935596169,0,0,2.72930890490179,2.63287016353659,0.0374533843690344
222,0.00656571811525168,29.51169895125,17.2330431425,0,4.497111076875,2,1,0,240.1415282125,0.000251137235436149,0.0390005019742734,"07",29.6177491682589,0.30716361100742,17.0951660694197,0.806941159351752,0,0,3.6725175835625,0.960088863036251,0.0376492378136482
223,0.00653740452674731,29.5222373471429,17.7088580814286,0,4.497167225,2,1,0,226.812803342857,0.000222823646931779,0.0346788401974667,"07",29.7003738583929,0.397231490197295,15.7262746329822,3.43089897115287,0,0,4.12611338315179,0.752034549662957,0.0353235573100825
224,0.00648488171083489,29.53586645375,18.30498148625,0,4.497111076875,2,1,0,213.4625884875,0.000170300831019359,0.0266121921518447,"07",29.7446130179911,0.444444446592111,16.736785025933,1.39979676545834,0,0,3.38131589071875,1.42055507272278,0.0304534338001172
225,0.00642088234656095,29.5481045114286,18.02699777,0,4.497167225,2,1,0,200.119059142857,0.00010630146674542,0.016694160547158,"07",29.6380844178571,0.355573976047488,17.1998078351339,1.97576825062281,0,0,3.6802696119375,0.949596250595326,0.0239892555659759
226,0.00634926264538953,29.54874015375,17.30058124375,0,4.497111076875,2,1,0,186.7696773625,3.46817655739991e-05,0.00547730263155177,"07",29.4925811851339,0.426189319806572,17.4956345181696,2.00688881454162,0,0,4.03614867003125,0.710900798106296,0.0170672648884686
227,0.00626255391004916,29.5550202914286,17.4783347714286,0,4.497167225,2,1,0,173.424828557143,-5.20269697663707e-05,-0.00827330971135964,"07",29.0843449405357,0.691173915639831,17.9261444358572,2.38131316977768,0,0,2.64629319966429,2.07013517356744,0.0104292030170154
228,0.00622405787651676,29.4945118375,15.1272149225,0,4.497111076875,2,1,0,160.0891800125,-9.05230032987705e-05,-0.0144392986185418,"07",28.9942687907441,0.602862913535435,17.342519999375,1.32812928128088,0,0,3.06846003388393,1.92595160453178,0.00561322808364039
229,0.0062563571414509,29.39760471,15.6984990714286,0,4.497167225,2,1,0,146.783279771429,-5.82237383646303e-05,-0.00926329501916712,"07",28.9136275497024,0.494089529092804,16.5290928716071,1.83603961356365,0,0,3.62958733209524,0.984953629916887,0.00483870572287416
230,0.00633896086883978,29.2138312475,12.96445297875,0,4.497111076875,2,1,0,133.5391965125,2.43799890242494e-05,0.00385346953316912,"07",28.7972600091369,0.4179565502021,16.2416415257857,2.64071232627659,0,0,3.74768539137798,0.820995723632454,0.00924696256044457
231,0.00644832981107596,28.9303289114286,11.7238243171429,0,4.497167225,1.71428571428571,0.857142857142857,0,120.402129771429,0.000133748931260429,0.0209597683202505,"07",28.4671242872917,0.798894825529859,16.0242738598333,5.34450426467273,0,0,3.74766530448214,0.820997221602649,0.0167055101436055
232,0.0065644832333308,28.5819445575,10.54717232625,0,4.497111076875,0,0,0,107.4055053,0.00024990235351527,0.0388124040353421,"07",27.9526498850714,1.41221846491693,16.86994848275,6.89138386745972,0,0,3.89955967649286,0.818308918632296,0.0316296170191248
233,0.00668203478131078,28.2148259985714,12.1483724828571,0,4.497167225,0,0,0,94.5784428028571,0.000367453901495249,0.0565611636668191,"07",27.3060887786071,1.95388880001345,17.0010776889643,7.05635418947763,0,0,3.75123096516429,1.27064152367575,0.0398140045615556
234,0.00679976161333063,27.8867122775,13.6275460175,0,4.497111076875,0,0,0,81.9143316275,0.000485180733515099,0.07402616896651,"07",26.6658071641786,2.42083652616746,14.6673574883179,8.92291279236145,0.0007192158,0.00160821541929189,3.71180452178929,1.30132243381822,0.0392991225424119
235,0.00691674474403796,27.5899212085714,9.09623134285714,0,4.49460475742857,0,0,0,69.38006331,0.00060216386422243,0.0910838602528976,"07",24.911037654375,3.31214096902341,14.1486569869107,10.6178037094013,0.163293646619048,0.398226998610456,4.15601004261012,1.98749145369614,0.0412713587335512
236,0.00703148885378702,26.946202885,5.436092546125,0,3.20719920475,0,0,0,56.96361631875,0.00071690797397149,0.107537082921531,"07",23.8347942021726,3.23230929381017,13.492955706503,11.1458146967152,2.59812686711905,5.87120400662585,2.04836323335714,4.11335657408744,0.0429188961172736
237,0.00714016109852322,26.0413730257143,5.11302103128571,0.055784275,-3.88608323928571,0,0,0,44.9618447771429,0.000825580218707689,0.12287395247632,"07",22.4139073500893,2.9341654615792,14.1550075263244,12.2149909611512,8.71780472599107,11.0101146277466,-5.91374950238394,10.5739904347089,0.0489952739857257
238,0.00720913224166383,25.0139432175,4.308319025,10.577985490375,-23.45546676875,0,0,0,33.41521337,0.000894551361848299,0.132487202648982,"07",19.6579504029592,2.62226985733274,15.3166027238163,11.9544833551428,11.5521790716071,14.4096564550368,-8.66563961163776,16.3744762917432,0.0579389071570136
239,0.00715392847462879,22.6909996685714,3.20791525157143,27.1618438114286,-32.6025538185714,0,0,0,22.64304192,0.000839347594813259,0.12480025636572,"07",17.1132091,2.41363893112586,13.8427734769949,10.6000998581406,11.0522075957398,14.0197753516451,-18.5830493423367,25.6525289870947,0.0586889896342734
240,0.00704872975699229,19.788853575,2.889942552,29.7998470375,-10.49503290525,0,0,0,13.266614608875,0.00073414887717676,0.109986038019978,"07",14.4939466242857,2.28466927378706,12.454596154942,10.9485533022836,12.802480916942,14.131264837615,7.46129173170312,63.8632025669476,0.0714807321551502
241,0.00693850634533606,16.3390687185714,2.78341867585714,31.1509235528571,47.0440484457143,0,0,0,5.32536783171429,0.000623925465520529,0.0942251413077475,"07",11.9488633562403,2.68072886063914,13.0046838096331,10.3203872967047,10.090096390276,11.938513915382,70.1004490479496,137.91154789471,0.0816535001158053
242,0.00684235921095753,12.95552300375,2.451133164375,29.27039174125,141.044343455,0,0,0,-1.1775464025,0.000527778331142,0.0802712002185615,"07",4.71453717323916,5.09987125195498,8.26804077148342,8.30024478112774,7.21110832475128,12.4563804751761,121.349085079802,170.513042110304,0.0854518524405004
243,0.00680546729171108,9.88758574757143,2.197336104,18.0069288707143,293.860633685714,0,0,0,-6.30496840042857,0.000490886411895549,0.0748649168730529,"07",4.00847730536453,4.2102568202156,7.6375087385509,7.30479168277096,6.47269703060653,12.3367171377517,197.660295448764,224.401339429301,0.0867201437023594
244,0.00675046901562987,8.85233049,5.005965281375,0.07275876175,405.781869825,0,0,0,-9.94437867275,0.00043588813581434,0.0667506006370537,"07",3.20571226899008,3.50192108596263,7.05378974199845,6.48635553657223,6.07128152579035,12.2771258194033,228.355962135785,246.792383139987,0.0891628079438363
245,0.00667577636468062,8.04899636857143,8.41383859457143,0,476.747497642857,0,0,0,-11.9657777128571,0.00036119548486509,0.0556241213735884,"07",2.49661978153183,3.28141326454073,5.35053746449198,4.95933674778678,7.12715657375389,13.048579480108,200.708055526216,247.405661911536,0.0890959253138139
246,0.00660759086905525,7.3118460655,19.5864001375,0,495.5057845375,0,0,0,-11.91044158625,0.000293009989239719,0.0453577345024865,"07",2.72796880599181,3.40353495991232,5.47817501157862,4.89046669368147,6.83019171651414,12.8444188990761,212.209698947743,248.441509202437,0.0906173709474605
247,0.00653373291572682,8.10946469814286,21.6401815885714,0,487.3653745,0,0,0,-10.108477505,0.00021915203591129,0.0341170511294484,"07",2.91132389637214,3.45569945065377,6.04250401661547,5.55714112142248,6.55698404785358,12.6479653926904,223.541542371333,249.723148840713,0.0927725917305545
248,0.00643933230319804,9.960516837875,20.663544765,0,335.4354221125,0,0,0,-6.492791269625,0.00012475142338251,0.0195634701987846,"07",3.83102114765456,4.05605665524851,7.33601052916666,6.91816009264607,6.47269703060653,12.3367171377517,207.328933755722,236.275900495084,0.0833623100271806
249,0.00635004196103273,11.83890246,21.4262194142857,0,103.672428192857,0,0,0,-1.76598623485714,3.54610812171993e-05,0.00560003622304439,"07",4.45067179224801,4.9984539499577,7.78070082175,8.03977980277533,7.47818641085318,12.6117042409057,122.003776075615,173.725335422081,0.0804611139269094
250,0.00629017266030096,13.07895636875,18.52621770625,0,10.546717053875,0,0,0,3.536196996875,-2.44082195145707e-05,-0.00387286424252409,"07",10.3537606836101,2.71338380950785,13.8815157855863,9.87549709610069,7.50829293289881,11.3985698712272,146.132109390327,190.218104705175,0.0783121424752148
251,0.00624155569566675,13.8731594271429,19.3628041785714,0,-53.96134055,0,0,0,9.31405087071429,-7.30251841487804e-05,-0.0116319229109374,"07",13.3765777984762,2.40858367808102,13.87974816725,11.0214963669463,11.1581008325198,13.7319305216181,16.9129575498789,71.2994621792953,0.0759342521226009
252,0.0062039073668648,14.836229655,25.14155450375,0,-50.6700346325,0,0,0,15.66381679375,-0.000110673512950731,-0.0176820703178349,"07",15.4134815939484,2.66172283751991,13.7241560163512,10.8208261674902,11.4388114035317,13.9764715515355,-9.49199887554167,32.4844461188346,0.0672331477880261
253,0.00616767673620419,16.8239391528571,28.2634414214286,0,-13.1842822435714,0,0,0,22.74767214,-0.00014690414361134,-0.0235391591673775,"07",17.8104329210714,2.98033307133296,12.513416198817,10.5094201641454,13.0659121227009,14.1744485258822,-20.3354874018661,24.2613497832654,0.0526788744768692
254,0.00613136014639392,19.410925575,28.0289883175,0,-3.199464959125,0,0,0,30.98196787,-0.00018322073342161,-0.0294447752111928,"07",18.9589968305714,2.48762341133487,15.2642917244429,11.6277300180853,10.7386443525357,14.7061837552888,-8.94001874243928,19.7593157623606,0.0599371854141122
255,0.0061158119703532,21.77765264,27.3294267314286,0,-2.99632456157143,0,0,0,40.3190109385714,-0.00019876890946233,-0.0319838403915735,"07",20.9221709833571,3.09681889189129,15.1952387553286,11.0757432731747,7.55000344578928,11.8869710784472,-4.48626621537144,13.9587286786773,0.0493558865635352
256,0.00614549601889766,23.87910190375,28.22487038625,0,-1.263932024375,0,0,0,50.67622206125,-0.000169084860917871,-0.0271419253072516,"07",22.4525979984286,3.44878960958288,14.9045162876964,10.4718848661202,2.9225190804,6.50381182838145,1.20848363736071,4.72819254117266,0.0382089949185588
257,0.00620257413202212,25.7514876314286,25.4768422828571,0,0.722718004857143,0,0,0,61.9138200142857,-0.00011200674779341,-0.0178969958511441,"07",24.5780686018304,3.25241557043707,14.677227708808,12.3757359806028,0.244041450178572,0.488082900357143,3.1104434752009,3.13105279592645,0.0364570774368478
258,0.0062641599966576,26.84001132875,22.3014946725,0,1.4963027635,0,0,0,73.83412525125,-5.04208831579303e-05,-0.00801688386758936,"07",25.6557436578125,3.09280103192779,15.8760332038348,10.244123209808,0.00089901975,0.0017980395,3.93123977197768,2.25504105391608,0.0362901085816166
259,0.00632640090681342,27.63549517,21.3203990671429,0,1.56341556657143,0,0,0,86.1341941671429,1.18200269978892e-05,0.00187011269460946,"07",25.8990381752143,2.59733066771871,19.9952890225714,7.34078349744392,0,0,3.55315354640357,1.22833655177313,0.0327775628312202
260,0.00632688454350106,28.4319117425,21.195724275,0,3.012526507875,0,0,0,98.80310496875,1.23036636855292e-05,0.00194655713777436,"07",26.7840550953929,2.03274823111079,19.9139750188929,7.60233632508537,0,0,3.45057401933214,1.22713804692663,0.0268338660725758
261,0.00625246738661177,28.9737188114286,15.1262263028571,0,2.998416914,0.857142857142857,0.285714285714286,0,111.790991728571,-6.21134932037607e-05,-0.00988521675027521,"07",28.2317563620982,0.865280035949714,17.4051514687946,7.24137831460897,0,0,3.7512197151875,0.861333782930009,0.017785287170861
262,0.00617688078277858,29.0422401625,19.396508365,0,2.998074051,3,1,0,124.8920416375,-0.000137700097036951,-0.0220479679089358,"07",28.8094902323215,0.395973288022074,14.8611464689911,2.42933200437066,0,0,3.74770167475446,0.865375866517107,0.00964304545510153
263,0.00610676815894415,29.3307341442857,18.0337893085714,0,2.99811148314286,3,1,0,138.068400071429,-0.000207812720871381,-0.0334636937148263,"07",28.9332872961161,0.421549188783674,16.5239856400893,2.65857246643536,0,0,3.74770841003125,0.865368096276213,0.00380513798783719
264,0.00605121434475213,29.64440462875,17.72877132,0,2.998074051,3,1,0,151.3914382625,-0.000263366535063401,-0.0426024138762848,"07",29.0471152465625,0.537110904312856,17.0434055264286,1.08088974842668,0,0,3.57048290711161,1.10842269999984,0.00126502490839325
265,0.00603598123622432,29.9177124085714,17.2190712371429,0,2.99811148314286,3,1,0,164.843405214286,-0.000278599643591211,-0.0451229516202973,"07",29.150599435,0.634107787641875,17.2606255304018,1.85430976806142,0,0,2.90601278371875,2.29441159438018,0.00376645203806477
266,0.00605833470758853,30.06862190125,15.7606637525,0,2.998074051,3,1,0,178.397041275,-0.000256246172227001,-0.0414264223494953,"07",29.3117794532143,0.587675418047029,18.1116672004911,2.02669585713114,0,0,3.39995584111161,1.3883128104475,0.00942553308441142
267,0.00612146288268977,30.0775308185714,15.2197235457143,0,2.99811148314286,3,1,0,191.985212757143,-0.000193117997125761,-0.0310602830287223,"07",29.4910111507143,0.425894093517936,17.45119613625,2.00936603279665,0,0,4.036134633,0.710888661220133,0.01569463121104
268,0.0062062388065128,30.04594936625,14.82851700875,0,2.998074051,3,1,0,205.5672663625,-0.00010834207330273,-0.0173063391047954,"07",29.6379255072768,0.355627352879579,17.3814119666964,2.02098558518402,0,0,3.68028364896875,0.949612350388642,0.0216035543530331
269,0.00627130824273027,30.0112899585714,14.3364568942857,0,2.99811148314286,3,1,0,219.135261357143,-4.32726370852609e-05,-0.00687640046530635,"07",29.7415535035714,0.446286414289003,16.8062809549955,1.48924650190801,0,0,3.3813018536875,1.42054037140323,0.0261833174556163
270,0.00628448711540575,29.96431633875,16.00630283625,0,2.998074051,3,1,0,232.67848585,-3.00937644097804e-05,-0.00477715036932658,"07",29.6969665817411,0.399166658065834,15.5772437817768,3.29166981775171,0,0,4.12612742018304,0.75204378322775,0.0286676664743418
271,0.00624038905796766,29.9178592,16.4338731585714,0,2.99811148314286,3,1,0,246.200240771429,-7.41918218478705e-05,-0.0118188549486637,"07",29.6151145692857,0.308299004155109,16.9762123346875,0.716299365167609,0,0,3.67250354653125,0.960072787532433,0.028825012728253
272,0.00615729283973373,29.91336557,18.2725097275,0,2.998074051,3,1,0,259.7064029,-0.000157288040081801,-0.0252241773241995,"07",29.6059678625893,0.275294787245293,16.8011956672768,0.49770048075672,0,0,2.72932294193304,2.63288273026878,0.0273788287190069
273,0.00606445003717777,29.9835474185714,16.4099132114286,0,2.99811148314286,3,1,0,273.2297601,-0.00025013084263776,-0.0404175237942832,"07",29.6196894663839,0.269062955374484,17.7718192407143,0.571272664229065,0,0,3.1146071660625,1.9018486651255,0.0265784902742983
274,0.00599956418569425,30.0678387225,16.06241498,0,2.999898206375,3,1,0,286.7862303625,-0.000315016694121281,-0.0511745529040946,"07",29.6565808543304,0.30974239617523,17.4500181244643,0.805391299935168,0,0,3.74756929400447,0.865528722491902,0.0273297288380307
275,0.00600470318434752,30.1545815871429,15.9661509514286,0,3.722066196,3,1,0,300.38735,-0.000309877695468011,-0.0503183575656916,"07",29.7004257897322,0.378206734492617,16.7321692190178,0.809469633594778,0,0,3.74814418434375,0.864865107685454,0.0323407896261117
276,0.00609301822111618,30.2380987375,16.09631258,0,3.9100124215,3,1,0,314.0223945125,-0.000221562658699351,-0.0357178222702403,"07",29.7091802798214,0.502181126968403,17.0596060105357,1.48880997165261,0,0,3.93195619979018,0.714075045192487,0.036954829776132
277,0.00620325797089563,30.3111126457143,16.0156716542857,0,2.43902449971429,3,1,0,327.697784557143,-0.000111322908919901,-0.0177867511118137,"07",29.6033617124107,0.791221454570811,17.4311101102679,3.16369580805011,0,0,3.46126857878125,1.66458432167642,0.0386055996543948
278,0.0063102386304018,30.36796154375,15.702920805,0,1.495020513875,3,1,0,341.3995398,-4.34224941373018e-06,-0.000687890945711978,"07",29.3998094637947,1.18020264611098,17.8726459357589,4.14743740291193,0,0,2.85375067671875,1.25520433446459,0.040371343776847
279,0.00641470311952688,30.3757649714286,15.6819710014286,0,1.49905574157143,3,1,0,355.118324657143,0.000100122239711349,0.0157313330343074,"07",28.8334287724643,1.56051845558616,16.7264500045714,1.87965421353812,0,0,2.9944257793,1.50006763897241,0.0514763050017478
280,0.00652797058049006,30.41073138375,15.63323845625,0,1.50086118075,3,1,0,368.8409415875,0.000213389700674529,0.0332347258609209,"07",28.7738731735357,1.59025668889517,16.1637884676071,1.54750525264306,0,0,3.28548274566071,1.62997735904391,0.0551656402191615
281,0.00663861796497892,30.4605985328571,15.6191251642857,0,2.22190973942857,3,1,0,382.5925853,0.000324037085163389,0.05004241863936,"07",29.22195729625,1.41943177976659,15.38721944125,1.33626518406443,0,0,3.21539669975,1.52287596197174,0.0538627487915848
282,0.00672744800402466,30.5217809575,15.50248982125,0,2.996134576125,3,1,0,396.3590227625,0.00041286712420913,0.0633344891388745,"07",29.2663647360714,1.3563760909083,15.11494577,1.71876388011321,0,0,4.00890625664286,1.41667712330989,0.047599713118032
283,0.00670876915270062,30.5801381714286,15.92416545,0,2.99811148314286,3,1,0,410.158203628571,0.00039418827288509,0.0605541138500296,"07",29.3100743096875,1.30630942997471,15.5055796009375,1.49658480034986,0,0,4.41890580728125,1.23447853241742,0.0537303653364964
284,0.00661909590091366,30.6258185925,15.46903730875,0,2.998074051,3,1,0,423.9785590375,0.000304515021098129,0.0470974044268075,"07",29.3361197071428,1.26654732248291,15.823058205,1.14512027031481,0,0,3.90344018521429,1.70688792874593,0.0389620568343416
285,0.00655240905186747,30.6532333471429,18.0621367471429,0,2.99811148314286,3,1,0,437.822708485714,0.000237828172051939,0.0369713910229628,"07",29.348609751875,1.2440562037214,15.6582859390625,1.21595413036832,0,0,3.5882482630625,1.70133387287495,0.0336179666962322
286,0.00649930181580875,30.6602950775,17.54332327375,0,2.998188381875,3,1,0,451.6605880625,0.00018472093599322,0.0288333731218744,"07",29.3495027296429,1.24936649423549,16.7846217471429,1.32054777982792,0,0,3.37342955442857,1.43581569015418,0.0195636792382194
287,0.00643223861170458,30.6695167757143,17.0523273671429,0,3.24105231571429,3,1,0,465.512633285714,0.00011765773188905,0.0184612438818395,"07",29.292799399375,1.32137640962761,17.0861963365625,1.36648587415692,0,0,3.37432205703125,1.43546485916062,0.016989628116393
288,0.00641111715844494,30.68593014,16.37435953,0,4.49512247225,3,1,0,479.3609134,9.65362786294098e-05,0.0151721545893047,"07",28.9550032740179,1.1808755626769,15.7350488186012,1.44771440935801,0,0,3.50088882422321,0.889080441419974,0.00532722778194481
289,0.00642643707555417,30.7319012642857,16.7384789185714,0,2.89228675285714,3,1,0,493.231798142857,0.000111856195738639,0.0175588902343984,"07",29.2144227471428,1.0947959207471,15.8665218101428,1.50765732886296,0,0,3.35565408258214,1.14953316441418,0.00627358174996076
290,0.00642588062137612,30.71988169,15.3998985425,0,2.785924028,3,1,0,507.1011188375,0.000111299741560589,0.0174722981997384,"07",29.3692027569643,1.20200420347436,16.1649750680357,1.99405174212697,0,0,2.97119251310714,1.22560845178839,0.00572527638681679
291,0.00638229674588207,30.72525921,15.99378584,0,2.99861298485714,3,1,0,520.984344657143,6.77158660665391e-05,0.0106666393169048,"07",29.4085487561161,1.153579661164,15.9603032735714,3.28121709175501,0,0,3.1734242243125,1.02903031677081,0.00283486702591365
292,0.00628531038812117,30.71656868125,14.94760869125,0,2.998074051,3,1,0,534.8501138625,-2.92704916943602e-05,-0.00464615817104086,"07",29.4583252757589,1.08040119786326,15.3615075200447,2.87642267939175,0,0,3.74814892865178,0.863483468287281,-0.00282732586951644
293,0.00617092489715405,30.7107361285714,15.8044536757143,0,3.00032802614286,3,1,0,548.725084371429,-0.00014365598266148,-0.0230126552621925,"07",29.4803462156696,0.978432207983899,15.7632526982589,3.24360499349585,0,0,3.74765568128571,0.865520701743578,-0.0122407072780701
294,0.00605383366021847,30.70330961,15.55392929375,0,3.860992568625,3,1,0,562.5853815,-0.000260747219597061,-0.0421696497165938,"07",29.4739144783929,0.768031677028238,17.0782939936071,2.75043412984109,0,0,3.89795829117857,0.820449755624444,-0.0158725138481074
295,0.00593655557587535,30.6993769285714,15.2188538828571,0,4.49963805528571,3,1,0,576.454494071429,-0.000378025303940181,-0.061732287795488,"07",29.4884308720714,0.719862033848576,16.3687176201429,1.73727388103504,0,0,4.07010991572857,0.659544651018898,-0.0285826086583315
296,0.00582065507509229,30.72528508625,15.6039778375,0,3.469872945375,3,1,0,590.319123225,-0.00049392580472324,-0.0814485719969102,"07",29.521258735,0.677345107430049,15.9646044558571,1.2905205263665,0,0,4.19782029700714,0.670679420279747,-0.0399380636288721
297,0.00570910362325949,30.7161904314286,15.5959468614286,0,1.49462942014286,3,1,0,604.199998857143,-0.00060547725655604,-0.100799355251063,"07",29.6413675112053,0.733872834045531,16.2053125886607,1.40765379126111,0,0,3.86557971962947,0.754296702539172,-0.0482875491181667
298,0.00562316549388975,30.684793555,14.59653316125,0,2.2499941545,3,1,0,618.0576625125,-0.000691415385925781,-0.115966622183235,"07",29.7173508666071,0.682705762280001,15.9195475966071,1.04781812196753,0,0,3.37173140622322,1.4371372575937,-0.0520088662935624
299,0.00565157326129939,30.6500210885714,14.0734429257143,0,4.49549685271429,3,1,0,631.914434628571,-0.00066300761851614,-0.11092742302537,"07",29.7836651680357,0.637530681968534,15.9955805378125,1.29216931712839,0,0,3.56061002191072,1.12374334960458,-0.0595355595006497
300,0.00574815194073849,30.62619949875,13.99575672625,0,4.479534503125,3,1,0,645.7478169375,-0.000566428939077041,-0.0939829815094102,"07",29.8331744265179,0.60920248943204,16.2128060564286,1.89905300406304,0,0,4.12210409595982,0.748938198969815,-0.0578318241718184
301,0.00584228060956907,30.5878330314286,13.9535530557143,0,2.99182921814286,3,1,0,659.579557042857,-0.000472300270246461,-0.0777401473816601,"07",29.8855503957589,0.601025167955001,16.3352144697768,1.75272458747732,0,0,4.10614743570982,0.77032927756522,-0.0589366416599797
302,0.00585032902427044,30.57002752,14.37827294,0,2.99803087125,3,1,0,673.385674825,-0.00046425185554509,-0.0763634802240514,"07",29.9314918991072,0.615977406221849,16.6294071498661,1.96867050149763,0,0,3.01268165194197,2.08951653805223,-0.0625596012445762
303,0.00576205580300944,30.5503456842857,14.5770865885714,0,2.99811148314286,3,1,0,687.193082442857,-0.000552525076806091,-0.0915670618141995,"07",29.9829615757143,0.663379908325926,16.4930108553572,1.58824398152501,0,0,3.67403727902679,0.958029627728068,-0.0646608564758925
304,0.00567687745519375,30.5589001775,15.1845085925,0,2.998074051,3,1,0,700.9811695125,-0.00063770342462178,-0.106460045064368,"07",30.0568812048214,0.705903994021621,16.8790806012053,1.54272820484029,0,0,3.74746315344197,0.865618894579996,-0.062607457696978
305,0.00565879813202654,30.5467464857143,16.4332245928571,0,2.99811148314286,3,1,0,714.786422985714,-0.00065578274778899,-0.109649857270749,"07",30.1902183425893,0.731488721611838,16.0279090175536,0.8370980871531,0,0,3.74762999603572,0.865491041955263,-0.0574564802177242
306,0.0056841344232131,30.53049985,15.92806731375,0,2.998074051,3,1,0,728.56914175,-0.00063044645660243,-0.105182523492126,"07",30.3315319254911,0.706336458572006,11.9095997563705,6.40175154005644,0,0,3.74757333931696,0.865491631311445,-0.040451263709447
307,0.00573257046435617,30.5073630857143,15.6928205485714,0,2.99811148314286,3,1,0,742.362679285714,-0.00058201041545936,-0.096697355244423,"07",30.2275833764286,0.936274958909634,14.1841577224375,3.07900787779235,0,0,3.64671621667857,0.995744493357847,-0.0395952063257886
308,0.00581920029327156,30.50267336125,15.50171753375,0,2.998074051,3,1,0,756.1332540375,-0.000495380586543971,-0.0816985376119925,"07",29.9901436736161,0.95598121996818,16.2044050365178,3.90340050699226,0,0,3.37332491034821,1.43437601816007,-0.0433192505888635
309,0.0059308518521531,30.5292168928571,15.7855018942857,0,2.99811148314286,3,1,0,769.927128871429,-0.000383729027662431,-0.0626935295999678,"07",29.7514710481696,0.978195296061467,16.9562492548661,1.90140334462694,0,0,3.37286606064286,1.43523986133565,-0.0461713765254845
310,0.00604594072769702,30.52869164625,15.5017110725,0,2.998074051,3,1,0,783.7104748375,-0.00026864015211851,-0.0434742911516288,"07",29.5629704441518,1.03130269498585,18.5709311910714,2.11756159056772,0,0,3.37284266559822,1.43521542600846,-0.0464529119733223
311,0.00616075199348789,30.53246246,15.4154839242857,0,2.99811148314286,3,1,0,797.511674257143,-0.000153828886327641,-0.0246625372529445,"07",29.4271226376339,1.05341633329502,18.0598001274107,1.90681968375832,0,0,3.37286606064286,1.43523986133565,-0.0423744943075154
312,0.006276137462029,30.523416715,15.2759776075,0,2.999997470375,3,1,0,811.2936026125,-3.84434177865302e-05,-0.00610664707105535,"07",29.2158767853274,0.942331957961641,16.9856941891072,1.79823387567761,0,0,3.14565227043453,1.38873008523831,-0.0363538033300972
313,0.0063866751134933,30.5383653328571,15.48514507,0,2.11369887385714,3,1,0,825.093409371429,7.20942336777698e-05,0.0113524216590486,"07",29.2629857522024,0.893990865513501,15.9443493454464,0.801018962852751,0,0,2.89568184613988,1.22150122377921,-0.0298185732492042
314,0.00645867243133986,30.57053290875,18.5359593775,0,1.496200861625,3,1,0,838.8862739125,0.00014409155152433,0.0225624057294782,"07",29.5113611354286,0.754452459413369,15.5561145931071,1.35362017102141,0,0,2.52085709072857,1.26406116460216,-0.0266056120071557
315,0.00641967335401691,30.6415978042857,17.0073987828571,0,2.05878022,3,1,0,852.718947528571,0.00010509247420138,0.0165058521036654,"07",29.6259148607857,0.727237816119245,15.7749402227857,1.77090505681435,0,0,2.810669730475,1.84548745135052,-0.0157345073728715
316,0.00636517855179425,30.7350868825,16.297753145,0,3.002090562875,3,1,0,866.5688428875,5.05976719787195e-05,0.00798089901002008,"07",29.6226945470714,0.712674410586572,15.9152957154643,2.41312480700516,0,0,3.31897022811786,1.65140624879585,-0.00808154443165125
317,0.00635576742556384,30.8401211885714,16.0003596671429,0,2.99811148314286,3,1,0,880.487221585714,4.11865457483097e-05,0.00650127197345007,"07",29.54670610125,0.730665683686952,16.6647682979286,2.66718312190951,0,0,3.85590992695,0.881419049919071,0.00133348774463283
318,0.00640368372271638,30.937241935,15.7561514075,0,2.998074051,3,1,0,894.433002675,8.91028429008496e-05,0.0140120216281749,"07",29.5344434025,0.893017012388227,15.5761129592857,1.57888687686743,0,0,3.7477647295,0.865335489236881,0.00974303103585101
319,0.0064454344065574,31.0120914071429,16.3921587671429,0,2.99811148314286,3,1,0,908.431966642857,0.000130853526741869,0.0205106512938418,"07",29.5611579534375,0.962742760860318,15.0765085965625,1.29813168533305,0,0,3.7478333453125,0.865747550085527,0.0158046488459178
320,0.00644876951074112,31.089274765,15.94550959375,0,2.998188381875,3,1,0,922.444508325,0.00013418863092559,0.0210279541421219,"07",29.5698348725,1.03299801832859,15.6337641932143,1.89572778785653,0,0,3.59397857110715,0.73237591345923,0.0185703561965647
321,0.00649294532828523,31.1525735042857,16.82205634,0,3.24215303028571,3,1,0,936.515505571429,0.000178364448469699,0.0278548683470881,"07",29.6202229953125,1.09520993443682,15.2566813590625,1.75128029791696,0,0,3.37253059903125,0.749720603207861,0.0175103107847888
322,0.0065711048340212,31.0555326725,10.456646496125,0,3.767524878875,3,1,0,950.566194925,0.000256523954205669,0.0398205966060141,"07",29.7122032335714,1.18499718167997,14.3757580957857,2.27802952012867,0,0,3.50900263914286,0.671556877763079,0.0200679820213624
323,0.00659573690009899,30.5737192242857,17.9724280714286,0,2.99874897771429,3,1,0,964.500915185714,0.000281156020283459,0.0435621308230338,"07",29.7785696871875,1.28581339303549,12.8092996415937,2.32935872597031,0,0,3.9384857835625,0.714421374780834,0.0119446189473209
324,0.0065661753826599,30.495879935,16.251224605,0,2.998074051,3,1,0,978.2734484375,0.000251594502844369,0.0390701442389645,"07",29.6700214325,1.27104962816681,16.4679449028571,2.50281140376417,0,0,3.74831218632143,0.865889543266031,0.00405385218325129
325,0.00651475419672172,30.5478332828571,14.6898347718571,0,2.99811148314286,3,1,0,992.069338942857,0.000200173316906189,0.0312080959480783,"07",29.71076619625,1.2242449506381,17.195956734375,3.35931719722499,0,0,3.588562936875,0.729619050289647,-0.00256916926968254
326,0.00647783265981437,30.1948764475,7.75102327875,0,2.998074051,3,1,0,1005.8025828375,0.000163251779998839,0.0255246033328618,"07",29.7229870767143,0.921226982687387,17.3765319828,3.29151292616745,0,0,3.29835845368572,0.670155171407728,-0.0157303888679653
327,0.00645959886440892,29.4490267114286,12.2494157582857,0,2.99811148314286,3,1,0,1019.28820185714,0.000145017984593389,0.022705835610318,"07",29.8192018918929,0.634578255737168,15.9563644430714,4.90143894529136,0,0,3.29788030665357,0.670390381338505,-0.0225916055336006
328,0.0063809717338759,29.11469756875,12.30599731,0,2.996201012625,3,1,0,1032.488844375,6.63908540603697e-05,0.0104590103710329,"07",29.7660841110714,0.585168720087817,16.4756513763,2.63840445337925,0,0,3.29665869208572,0.671110163388193,-0.0315657570312836
329,0.00627312768870074,28.86269334,12.1232735171429,0,3.56141601442857,3,1,0,1045.59714585714,-4.14531911147901e-05,-0.00658632031117801,"07",29.6536098021875,0.816455791749801,16.3336910071875,2.74438907770216,0,0,3.708504146375,0.824090799909108,-0.033161176127261
330,0.00617464077926124,28.6652593,12.05691961875,0,3.958577185375,3,1,0,1058.577976,-0.00013994010055429,-0.0224106768261123,"07",29.53132042,0.950356285639536,16.4217237675,2.86842309988373,0,0,3.65364500810714,0.621563284148112,-0.032519692552168
331,0.00616583700812179,28.4735800785714,17.5345583371429,0,4.714373612,3,1,0,1071.48963928571,-0.00014874387169374,-0.0238374890844391,"07",29.4596328121875,0.983486918584793,15.9588139525,2.70386051970276,0,0,3.61264692546875,0.744260784300704,-0.0278965568651174
332,0.00619960290412336,28.45980783,16.60241806,0,0.260732575375,3,1,0,1084.33457,-0.000114977975692171,-0.0183761420363711,"07",29.3437390264286,0.934747437437344,17.1624833675,2.55682578143894,0,0,3.64833619107143,0.823928137378232,-0.0242380705055181
333,0.00612415494732468,28.4877381,16.6879390157143,0,1.14035808514286,3,1,0,1097.20922671429,-0.00019042593249085,-0.0306206049868818,"07",29.2698156671875,0.850032545787042,15.7968901733125,3.67875739070143,0,0,2.9456744466875,2.15106730606855,-0.0256755561826705
334,0.00601190751821098,28.488684645,16.94133829375,0,3.00245543425,3,1,0,1110.06639425,-0.000302673361604551,-0.0491192949040062,"07",29.1657316903571,0.654886488994709,14.5543574565714,2.50007865394493,0,0,3.25343005607143,1.95612694127903,-0.0315332110120478
335,0.00589516732103788,28.4625063514286,15.7778335328571,0,2.99811148314286,3,1,0,1122.94410457143,-0.00041941355877765,-0.0687284663429217,"07",29.0701825165625,0.568128410380794,15.8750987209375,1.54671190358514,0,0,3.3705347178125,0.742003286042244,-0.0387809157297387
336,0.00577729835862674,28.41728012625,15.94844623375,0,2.998074051,3,1,0,1135.78079175,-0.000537282521188791,-0.0889252217242209,"07",29.0410209525,0.620969128091386,15.2265300042857,0.521635278080438,0,0,3.48643255535714,0.976217194303186,-0.0441237052928982
337,0.00565958143139974,28.3433564042857,15.1478309542857,0,2.99811148314286,3,1,0,1148.61763714286,-0.00065499944841579,-0.109511445344161,"07",28.9411115353125,0.758128595397918,16.7969120509375,2.52813572102515,0,0,3.97607462040625,1.41489659647972,-0.0445827699598657
338,0.00554315001724793,28.2041511525,14.642310605,0,3.00191425075,3,1,0,1161.3719845,-0.000771430862567601,-0.130298448062702,"07",29.2120387591071,0.920257530027056,13.6426448111786,2.18597568426129,0,0,4.4975020811,1.49919960113733,-0.0410888233219225
339,0.00543009130054988,28.0732723185714,14.59530492,0,4.99888595357143,3,1,0,1174.10183328571,-0.000884489579265651,-0.150905434126331,"07",29.0653929763393,0.985679915550444,11.8408984022054,2.51530466535792,0,0,4.12301183912053,1.43369452545842,-0.0349960952247142
340,0.00533322798134907,27.974283805,15.76069188125,0,4.5001997145,3,1,0,1186.74976975,-0.000981352898466461,-0.168904701814411,"07",29.0760254300446,1.24770801579411,11.9669827032768,3.17208953401225,0,0,4.20169133484822,0.85316480577053,-0.0251039753823854
341,0.00531668119957373,27.8818109785714,15.4340788028571,0,4.43280740028571,3,1,0,1199.37472457143,-0.0009978996802418,-0.172012107614423,"07",29.0493820576339,1.57944977924136,13.8247237803036,2.90033596694232,0,0,3.73385394878571,0.851479677113034,-0.0144561791187106
342,0.00536732984856548,27.81720187375,15.32270476,0,2.983621594375,3,1,0,1211.933332625,-0.000947251031250051,-0.162530831858566,"07",29.1752912769196,1.91843507523645,12.4207310681786,5.03769925525171,0,0,3.40580307784822,0.692627642762691,-0.00186798507662642
343,0.0054255572555827,27.7471687871429,15.1501035228571,0,2.99780605242857,3,1,0,1224.49332457143,-0.00088902362423283,-0.151740767938742,"07",29.5097834484643,1.96688680804122,12.7758875198357,4.64156588360301,0,0,3.29129054913214,0.67317500272963,0.0109469626169584
344,0.00548101436592149,27.6759021075,14.91591999375,0,2.998074051,1.875,0.625,0,1236.993549375,-0.00083356651389404,-0.14157119509873,"07",29.035764907634,2.15546922870204,15.4160371544732,3.12791460663968,0,0,3.60085945508036,1.20561022580569,0.0316719258060322
345,0.00556324870363258,27.62762072,17.7292703528571,0,2.99811148314286,0,0,0,1249.49807385714,-0.000751332176182951,-0.126679145628529,"07",28.7007788712946,1.98075696219834,18.4079228516072,3.64976948811836,0,0,3.74769681660714,1.50059010027195,0.0480291043327577
346,0.00567557504566384,27.6585748275,17.417497395,0,2.998074051,0,0,0,1261.964918375,-0.00063900583415169,-0.10668949495858,"07",28.4325119254911,1.68650994963248,20.4651343618304,2.58174594874019,0,0,3.62677842466518,0.883787548285812,0.065433826390786
347,0.00579388486392749,27.7528744585714,17.2013842757143,0,2.99811148314286,0,0,0,1274.49399957143,-0.00052069601588804,-0.0860583556388237,"07",28.1476974271875,1.29546588864586,18.3935837001339,4.12508968040697,0,0,3.9599638340625,1.92480771584696,0.082992156962228
348,0.00591380303202737,27.73773634,10.64514656575,0,2.994437299375,0,0,0,1287.01617225,-0.000400777847788161,-0.0655722680315023,"07",27.6319365975446,1.07310536846159,19.2210824517411,5.57914028645932,0,0,3.75535760558482,1.55486602790231,0.101086172867365
349,0.00603441114661727,27.2885685028571,6.43716799871429,0,0.749821303857143,0,0,0,1299.47894142857,-0.00028016973319826,-0.0453831071380453,"07",26.7880239836786,1.16566144676207,13.9784449696464,9.23511537488044,0.000418457371428572,0.000935699128200165,1.90726233139286,0.653494720541673,0.110216663422904
350,0.00615536072634014,26.38597926,2.658355390125,4.44386177675,-2.782512529875,0,0,0,1311.5916985,-0.00015922015347539,-0.0255380192377554,"07",25.9259849347857,1.36887550421646,12.8148653351036,10.0967738031058,2.54848011999643,5.69740523574243,0.746496560467857,0.979596641246084,0.133617237639493
351,0.00627639154379672,24.43178361,2.15056702842857,24.5708426228571,-10.6546356391429,0,0,0,1323.16232328571,-3.81893360188101e-05,-0.00606616411123362,"07",24.4972946506071,1.77424430716988,12.0383049934857,11.7597237652874,7.68938291226072,9.19965512947052,-1.593816816375,3.41920679199665,0.134242796372429
352,0.00639725216740449,22.005128935,1.612899454875,20.77882996,-37.23788552125,0,0,0,1333.53883175,8.26712875889599e-05,0.0130071645133834,"07",22.71691216025,1.63293010183086,12.2606890902679,12.8017420799521,12.8947362858571,11.9573471876413,-13.8244112184286,16.98115248833,0.143435113959857
353,0.00651759337493626,20.1859241728571,1.48300844614286,23.1124888285714,-46.5014336428571,0,0,0,1342.95746628571,0.00020301249512073,0.0316438084243265,"07",20.7737062431786,1.21048829005854,12.9396972144714,14.0936568046019,11.555836615,10.5903870848754,-32.8062831192286,19.800271201701,0.136911409106586
354,0.00663658878145072,17.88695225625,1.472269307,25.695174545,-25.7470572645,0,0,0,1351.15582025,0.000322007901635189,0.049736708370256,"07",19.4599790433928,1.53653298136429,17.2990164139464,14.0025019982813,9.53313252408163,12.0633612616259,-27.0240843032857,22.4330932213634,0.135419486791557
355,0.00675181571710746,14.5021303128571,1.58811730642857,32.1547943257143,79.7333825871429,0,0,0,1358.08299228571,0.000437234837291929,0.0669500782052976,"07",17.1270925132653,1.57048602400702,17.5157638585179,14.3227610078324,10.5430884552041,13.1793314943988,-10.2409017435204,20.489514668212,0.133338405339542
356,0.00684069222807898,11.34951105,0.735637857875,20.73988044375,253.9494845875,0,0,0,1363.632451875,0.000526111348263449,0.0800275436234141,"07",14.8807656439955,1.84474173150828,15.6324739723348,14.4179491974363,13.1231458888616,14.2845488409674,39.2690258101875,54.3668765217875,0.130852124163937
357,0.00682154261396292,10.1892521681429,0.649598214857143,18.2558613442857,388.693128485714,0,0,0,1368.40770285714,0.00050696173414739,0.0772242502241038,"07",12.7773728397429,2.12623094184142,15.2137775914554,13.8838884216456,12.3707064556786,13.3593091831131,142.824636343236,124.169865544539,0.129059913002391
358,0.00682230364057981,9.090348434875,0.447627190375,11.52431839675,461.04294515,0,0,0,1371.527534875,0.000507722760764279,0.0773358062461122,"07",10.8884015241511,2.06205959289132,13.2167536453668,12.5047011761819,9.29084396474863,12.3439193162228,270.195904531099,150.374603800146,0.118918554760473
359,0.00692015378244057,8.55785259485714,12.2519325291429,0.000306326285714286,501.477228157143,0,0,0,1372.38279857143,0.000605572902625039,0.091576606284935,"07",10.3848581861161,2.15827833796976,12.480305631856,11.8297275731883,8.26908062115514,11.5163422866031,306.03988884971,155.025862924884,0.091576606284935
360,0.00703525831246166,8.86210103625,19.16900822625,0,480.7314873375,0,0,0,1370.74871125,0.000720677432646129,0.108073021851365,"07",11.2977625162208,1.97337139116891,13.4625325362679,13.2868112897278,10.9797874263653,12.7456354387101,237.1129655775,138.36954524921,0.126786361682055
361,0.00715274897704589,10.4260797541429,28.33602455,0,318.888127071429,0,0,0,1367.12667685714,0.000838168097230359,0.124635368665824,"07",13.3480850199,2.18996715939725,15.2920575208839,13.9680464231806,12.3707064556786,13.3593091831131,111.904059132921,113.495517755979,0.128617458568734
362,0.00727037551587939,13.53008848875,29.99477329,0,71.8802469675,0,0,0,1361.866459,0.00095579463606386,0.140946556324833,"07",15.7537332607738,2.20055057583916,14.2489985175893,14.2219807584832,14.4715941300992,13.9609135651972,20.9582218361944,57.2167012588598,0.131573155032572
363,0.0073868171699172,16.5503001942857,29.4981439114286,0,11.203734864,0,0,0,1355.28155271429,0.00107223629010167,0.156835561085527,"07",17.6464673673469,1.91198274829775,13.5136016491913,14.3306175445979,13.8448725735714,12.9915955836658,-18.4844972445,21.9779318671444,0.134643802880985
364,0.00749984880523344,19.2375559925,30.45616279875,0,-6.27894827075,0,0,0,1347.28670875,0.00118526792541791,0.172021473926157,"07",20.3262365925,1.42735693459005,14.9216743638125,14.1626283687409,10.3752629280952,11.4644627598798,-28.7930854426667,21.263728325183,0.141947386648287
365,0.00760195573820245,21.8537289628571,30.6701272642857,0,-15.9667522128571,0,0,0,1338.09672785714,0.00128737485838692,0.185544160871793,"07",22.3141091303274,1.74758922321406,14.2415271741071,13.0283904967479,10.6649611529762,11.8363070267255,-18.3990431476607,17.4694774902788,0.14982663670928
366,0.00762458959237009,24.29867653125,27.77539681375,0,-6.81587011475,0,0,0,1327.617575375,0.00131000871255456,0.188517109764611,"07",23.6271141441071,1.62651363886876,15.9806377278214,12.1158653083894,9.16671741885714,12.606417695648,-3.93407545532858,4.77069957697516,0.154005261230607
367,0.00753613449591247,25.9607089857143,25.2450585971429,0,-3.51455902314286,0,0,0,1316.24363242857,0.00122155361609694,0.176847997062048,"07",25.756821905625,1.37655721235811,13.699086193875,11.7418374649571,4.29604252246875,6.00664737283906,-0.3246503355625,1.92674371479358,0.137456938897363
368,0.00742516686639904,27.40074355125,23.4528463825,0,-0.893130547875,0,0,0,1304.128913125,0.00111058598658351,0.162013771048743,"07",26.7733096175,1.24236997343603,14.8953187378929,10.3525148147691,0.000523071714285715,0.00104614342857143,1.45177777314286,0.534609046617378,0.125753630837547
369,0.00730972409000344,28.2887137628571,22.7482870342857,0,1.50726861871429,0,0,0,1291.527575,0.000995143210187909,0.146344142099888,"07",27.5477216375,1.17096999656945,16.0466831616563,9.05447305144154,0,0,3.39214728721875,1.93322614880183,0.120415219223324
370,0.00719284698581542,29.09872123125,23.43813175,0,6.087181148,0,0,0,1278.533382875,0.000878266105999889,0.130225671465528,"07",28.1262621728571,1.34553308103105,18.12124818,4.51655863557158,0,0,3.94369389717857,1.93588319326753,0.0931379672121561
371,0.00707754331728728,29.9459434771429,20.3544178342857,0,6.84717471971429,0,0,0,1265.19520685714,0.00076296243747175,0.114065472092165,"07",28.1320955581429,1.61113511592601,18.9332648461429,4.0016592613889,0,0,3.50118902095357,0.815275308516505,0.0758050395560796
372,0.00698772887029055,30.419345275,18.79382634375,0,3.638050517625,0,0,0,1251.5136775,0.00067314799047502,0.101294206056827,"07",28.1666103651488,1.7750855537461,18.9954958125,3.347415247793,0,0,3.49783503878571,1.22511083933623,0.0584372810334237
373,0.00692032630164735,30.7132548285714,17.9129870171429,0,2.996057649,2.85714285714286,0.714285714285714,0,1237.71881271429,0.00060574542183182,0.0916015359410229,"07",28.7637923476072,1.96325776808565,15.3160137223286,2.71807114967809,0,0,3.48030237426429,1.07832836422858,0.0489962378965084
374,0.00681027802852016,31.09345034875,15.116944302,0,2.998245512,4,1,0,1223.737554375,0.000495697148704629,0.0755715600755291,"07",29.1138667233929,2.02810040832636,12.1906233242946,5.14217372439785,0,0,3.36455180841518,0.753948295080731,0.016821926022283
375,0.0066923329450572,30.9849458542857,4.96482038342857,0,2.98109300371429,4,1,0,1209.70078957143,0.000377752065241669,0.0581011490834511,"07",28.9834411770982,1.70346682316098,13.5581256940089,2.81760760394689,0,0,3.77096319629464,0.774296379946256,0.00358375439247153
376,0.00657359119009032,30.217545455,9.51439888675,0,4.4417334775,4,1,0,1195.858590375,0.00025901031027479,0.0401989022064448,"07",28.9275751024554,1.47464172086211,13.7249744701161,3.09811021648898,0,0,3.74767168276786,0.86710137950757,-0.0199201472455274
377,0.00645556981571401,29.7303176342857,9.115401646,0,4.49700441342857,4,1,0,1182.34829328571,0.000140988935898479,0.0220819105400372,"07",28.9727084464732,1.19130498359716,11.8517566726205,3.31533766121724,0,0,4.20171800070982,0.853177114119276,-0.0322485404103751
378,0.00634020432187248,29.3170497,8.654497523375,0,4.497111076875,4,1,0,1168.9927215,2.56234420569499e-05,0.00404961068258558,"07",28.9167933984821,0.97988231249528,12.4901747858259,1.57988942985095,0,0,4.12330105486607,1.43379526012339,-0.028186929703148
379,0.00623422871956278,28.7226513885714,11.2516030578571,0,4.49826793985714,4,1,0,1155.89003842857,-8.03521602527509e-05,-0.0128065146776821,"07",28.8736813463393,0.793386823459231,16.5275549508036,2.71104059451201,0,0,3.97609333647768,1.41487934738417,-0.0363133262645281
380,0.00619991369981214,28.50814093125,20.50927182375,0,3.910078858125,4,1,0,1142.992063125,-0.00011466718000339,-0.0183260117460122,"07",28.9835267054018,0.647649267348724,15.2764533365625,0.577255344444243,0,0,3.48641383928572,0.976229677274985,-0.0407977974673878
381,0.0062612078105257,28.8153058857143,14.7614213571429,0,2.99874897771429,4,1,0,1130.04963014286,-5.33730692898306e-05,-0.00848827699310473,"07",29.0113017014732,0.572628112380564,15.3007739345982,1.40000179260663,0,0,3.36945808807143,0.742718164828662,-0.0393146797030336
382,0.00633520540672228,28.8030343,13.668523465,0,2.998074051,4,1,0,1117.018144,2.06245269067495e-05,0.0032608526956599,"07",29.0322275475893,0.551768054231663,15.7209360941964,1.54528950923172,0,0,3.7189450353125,1.43879756159092,-0.0362800494792433
383,0.00638732880067091,28.7216961385714,13.4871936685714,0,2.99811148314286,4,1,0,1104.04057528571,7.27479208553795e-05,0.0114547681390311,"07",29.1439895177678,0.659656729440288,15.5533251455,4.01851287706165,0,0,3.16559018216518,1.80167312796209,-0.0303420965784159
384,0.00635360951186262,28.6645480725,13.34717482125,0,2.996150632125,4,1,0,1091.063853125,3.90286320470891e-05,0.00616169377089548,"07",29.3363697576339,0.933921497942934,15.6484143829553,3.23033866759793,0,0,2.53491657387947,1.57238999670015,-0.0271327754716838
385,0.00625638809853039,28.6055166771429,13.6421149628571,0,3.88252409314286,4,1,0,1078.143826,-5.81927812851402e-05,-0.00925834693169225,"07",29.4293961294196,1.05636879313073,17.3285322341072,0.75068305714557,0,0,3.80160539016072,0.933280786360128,-0.0282367203749287
386,0.00615518435773082,28.56011913,16.2196600025,0,4.498074202375,4,1,0,1065.218765625,-0.000159396522084711,-0.0255666724948229,"07",29.5205022891965,1.03142779987457,16.3463132523215,2.86219958325787,0,0,3.75292594280804,0.633540963035346,-0.0346114448313945
387,0.00610624796823283,28.6146224271429,17.9479191471429,0,4.49721657328571,4,1,0,1052.331232,-0.0002083329115827,-0.0335488799943988,"07",29.8364602880714,0.894652287307125,16.4632421328214,2.44501276501465,0,0,3.79142099620357,0.620465108051608,-0.0350861850005359
388,0.00612477548238929,28.9378998175,17.46705309625,0,4.33861393325,4,1,0,1039.31748675,-0.000189805397426241,-0.0305192842946687,"07",29.9373674853929,0.77996364412288,16.1548108430714,2.34462825427459,0,0,3.59687981907857,0.823658158475005,-0.0341596177735336
389,0.00612567223124814,29.2631091871429,17.0895918328571,0,2.99182921814286,4,1,0,1026.19426228571,-0.000188908648567391,-0.0303728816705728,"07",29.8225927139286,0.618136982546765,16.0118526137232,2.78345848458356,0,0,3.37285526563393,0.749541307207343,-0.0284852107138911
390,0.00607909216400036,29.55115894,17.21027738375,0,2.99803087125,4,1,0,1012.896786125,-0.000235488715815171,-0.0380060142965339,"07",29.9341218441518,0.687252308861812,14.6323796664732,5.19926164228721,0,0,3.37339680125447,0.749143603926912,-0.0220568238376965
391,0.00604173213208765,29.7346332128571,14.7289396971429,0,3.00032802614286,4,1,0,999.512976314286,-0.00027284874772788,-0.0441706362229457,"07",29.8717676514286,0.985232768498867,16.4872110445268,3.41033083301296,0,0,3.58859568997768,0.72962216038904,-0.0178025666828948
392,0.00602960899234133,29.70177669,14.13483641625,0,3.860992568625,4,1,0,986.078222575,-0.0002849718874742,-0.0461792189473176,"07",29.7013510016072,1.22448192470384,17.2512091935268,3.29335668191465,0,0,3.74812005957589,0.866078958281845,-0.0144817953856354
393,0.0060560857320618,29.6641159114286,14.3558462528571,0,4.49922105942857,4,1,0,972.682945385714,-0.00025849514775373,-0.0417977113478658,"07",29.6576885265179,1.27136532076317,16.8156207499554,2.18846454589751,0,0,3.74778469068304,0.865280038135824,-0.00893593476547751
394,0.00613344137439277,29.6147842875,15.74654964125,0,4.497111076875,4,1,0,959.2777776,-0.00018113950542276,-0.0291053929584333,"07",29.7737219042411,1.28667299985429,12.8124574352098,2.33467040622227,0,0,3.93849982059375,0.714436009759041,-0.00133820041918141
395,0.00621630298452609,29.5953931557143,15.7591808157143,0,4.497167225,4,1,0,945.918846428571,-9.82778952894406e-05,-0.0156860297957309,"07",29.7035526158928,1.18625977967158,14.2194747471696,2.17038413056405,0,0,3.50898860211161,0.671529338003875,0.00641306040855315
396,0.00620518875770599,29.560790685,15.13404742125,0,4.497111076875,4,1,0,932.5426044875,-0.00010939212210954,-0.0174755458760494,"07",29.5961168812054,1.09801170527274,15.3140597505357,1.7496821710032,0,0,3.3725446360625,0.749748677259703,0.0107283467071129
397,0.00610994599039502,29.4643662285714,15.3635609871429,0,4.497167225,4,1,0,919.223639942857,-0.000204634889420511,-0.0329434504756589,"07",29.5570419984821,1.03505436020158,15.7216139573661,1.88715519643378,0,0,3.5939645340759,0.732352832431497,0.0104854620763788
398,0.00599848708522868,29.4131947325,15.71496004375,0,4.497111076875,4,1,0,905.9135115,-0.00031609379458685,-0.0513540988030385,"07",29.5483734931696,0.965697540505023,15.5094123841964,1.78095576280763,0,0,3.74784738234375,0.865763748544447,0.00700365249590372
399,0.00588604493843321,29.3620568914286,17.4465751942857,0,4.497167225,4,1,0,892.647678785714,-0.000428535941382321,-0.0702770988727579,"07",29.5374717890179,0.892257769715923,16.1307261557143,2.54747359772275,0,0,3.74775069246875,0.8653192809734,0.00174101804499012
400,0.0057862176494906,29.3741704375,19.66502798,0,4.497111076875,4,1,0,879.376876925,-0.000528363230324931,-0.0873825607425305,"07",29.5898400171875,0.836317059331929,15.9147033774107,2.39468268763433,0,0,3.69560963946875,0.929816204581946,-0.0075381171040835
401,0.0057379637413811,29.68509421,19.0166092371429,0,4.497167225,4,1,0,866.055407142857,-0.00057661713843443,-0.0957569845116222,"07",29.6070946313393,0.821939193736915,15.1399673350447,1.93821252593307,0,0,3.02442097889732,1.74865521567483,-0.0168490884396483
402,0.00574807646401375,29.8465130125,15.96552901875,0,4.497111076875,4,1,0,852.583425075,-0.000566504415801781,-0.0939961122024986,"07",29.5707653228571,0.827580798492582,15.7272930237946,2.0411609253534,0,0,2.389059393875,1.83195616885427,-0.0235606678558342
403,0.00577909190919011,29.7927501314286,15.7317214914286,0,4.497167225,4,1,0,839.126979014286,-0.000535488970625421,-0.0886148219358498,"07",29.6878897643155,0.801456768461064,16.052755390506,1.71631656280605,0,0,2.35008105254464,1.20551533942587,-0.0320687250890039
404,0.0057548392881104,29.74504562625,17.5524594575,0,4.497111076875,4,1,0,825.66954025,-0.00055974159170513,-0.0928202668944058,"07",29.4451828351531,0.947832700920786,15.8787487346684,0.751543010511883,0,0,2.78396999295663,1.15357898157714,-0.0343931282390101
405,0.00567726610568073,29.72783283,17.3777506785714,0,4.497167225,4,1,0,812.250395671429,-0.0006373147741348,-0.106391585390911,"07",29.402668203852,0.992082911893473,16.7414489631633,1.76416958910892,0,0,3.12484444185459,1.26892610823082,-0.0397145984699907
406,0.00561099105647047,29.70738527,20.09278809125,0,4.497111076875,4,1,0,798.8163683375,-0.000703589823345061,-0.118134019782487,"07",29.1947728684226,0.984006104207181,17.8301298746131,1.56803376366127,0,0,3.24810215043155,1.47401796033718,-0.0482169145585845
407,0.00558716540678294,29.9033723271429,20.0079423742857,0,4.497167225,4,1,0,785.3828284,-0.000727415473032591,-0.122389306854431,"07",29.4914070422857,0.9071647849038,18.3854442333571,1.95933327543859,0,0,2.99807779436429,1.49903234668571,-0.055961721634675
408,0.00562081308367328,30.29111134625,19.88082055125,0,4.497111076875,4,1,0,771.7746183875,-0.000693767796142251,-0.116385052402169,"07",29.6259901128571,0.90278772820573,17.2431149065,1.65931330988111,0,0,2.99810774004286,1.49906042074821,-0.0553968035112455
409,0.00568744988030663,30.6506332271429,19.1063187985714,0,4.497167225,4,1,0,758.025102857143,-0.0006271309995089,-0.104599410877267,"07",29.9889712425,0.95513795528387,16.1566292828125,3.91290716738133,0,0,3.3733155523125,1.4343792821931,-0.0398302244958518
410,0.00571676710808177,31.02996999375,19.8932346325,0,4.497111076875,4,1,0,744.0823083375,-0.00059781377173376,-0.0994579282355659,"07",30.2217991853571,0.933848107625175,14.1253460311429,3.03654826706668,0,0,3.64672557471429,0.995736365556647,-0.0359030921250728
411,0.0056707153653214,31.3286234757143,12.1776563931429,0,4.497167225,4,1,0,730.000073442857,-0.000643865514494131,-0.107546106305181,"07",30.3274702665625,0.704731276890332,11.7833104365937,6.28671541747939,0,0,3.74756398128125,0.865502436081272,-0.0339781377311791
412,0.00558071475265431,30.78991293,6.06203244725,0,4.497111076875,4,1,0,715.9321017875,-0.00073386612716122,-0.123544522461761,"07",30.2615239712143,0.6532451880818,16.1089721326143,0.74726571495905,0,0,3.59772629345714,0.821073479058012,-0.0368063853816792
413,0.0054965323401966,29.9990875385714,17.1678560642857,0,4.497167225,4,1,0,702.228283742857,-0.00081804853961893,-0.138743972451571,"07",30.059019828125,0.707907458152734,17.0309361021875,1.2409926709158,0,0,3.74745379540625,0.865629696173082,-0.0406075409030492
414,0.00548338196295087,29.86657726875,17.54180541375,0,4.497111076875,4,1,0,688.7097261875,-0.000831198916864661,-0.141139325080176,"07",29.9780411167857,0.657622021216486,16.5427142675,1.50070255361126,0,0,3.674057432,0.958010667890468,-0.0425703121295464
415,0.00551133633912265,29.87288073,16.1984076957143,0,4.497167225,4,1,0,675.227056128571,-0.000803244540692881,-0.136054258754327,"07",29.92704052125,0.609685518126652,16.7355871209375,1.77851098609805,0,0,3.01423206521875,2.08949820887182,-0.0408460600548114
416,0.00551700402550324,29.88628663125,16.811681775,0,4.497111076875,4,1,0,661.7192898375,-0.000797576854312291,-0.135026418374109,"07",29.8759587789286,0.585367567628521,16.3246635521428,1.77152793831367,0,0,3.73422111446429,0.881134121794221,-0.0369095782415474
417,0.00549792650141074,29.89068105,16.1194814114286,0,4.497167225,4,1,0,648.226778371429,-0.00081665437840479,-0.138490360842971,"07",29.8272190290625,0.598579275795602,16.1933845065625,1.92839581670979,0,0,4.1181135085625,0.746323415963641,-0.0343380695411174
418,0.00549048652269148,29.84588734125,15.4349090925,0,4.497111076875,4,1,0,634.7309504375,-0.000824094357124051,-0.139844510837958,"07",29.7749720514286,0.621174704760476,15.8648079789286,1.49197611930533,0,0,4.12198569646429,0.749249889316165,-0.0342120116999954
419,0.00550781073656752,29.7493158142857,15.27298392,0,4.497167225,4,1,0,621.281983057143,-0.000806770143248011,-0.136694163564967,"07",29.7095016475,0.667402904713653,15.6696941715625,1.25029480183673,0,0,3.5605725898125,1.12371839840935,-0.0339718141296776
420,0.00555613324680731,29.59536264625,14.586953195,0,4.497111076875,4,1,0,607.8723423625,-0.00075844763300822,-0.127958975334935,"07",29.6390938475,0.729395716057715,16.2033048446429,1.40880263233035,0,0,3.37176883832143,1.43716332542458,-0.0307882532309414
421,0.00561114271912175,29.4400074142857,14.4987823585714,0,4.497167225,4,1,0,594.549637614286,-0.00070343816069378,-0.118106990582583,"07",29.5680347803125,0.787859209724388,15.967137830625,1.42536978160177,0,0,3.86554228753125,0.754279709625736,-0.0233358900035512
422,0.00565729314417811,29.27619875375,14.1548810425,0,4.497111076875,4,1,0,581.2825658,-0.00065728773563742,-0.109915848025678,"07",29.5012453403571,0.828565538603649,15.7183082246429,1.40253997517506,0,0,4.12302099710714,0.74994058049318,-0.012660684233969
423,0.00571570366491479,29.1236684528571,14.0358986357143,0,4.497167225,4,1,0,568.100429842857,-0.000598877214900741,-0.0996439673119056,"07",29.4549632990625,0.882243930004217,16.099472644375,2.13679916084844,0,0,3.96332219334375,0.709938136449512,-0.000662155906464257
424,0.00577068910677799,28.95101401375,13.52490706,0,4.497111076875,4,1,0,554.9742085625,-0.000543891773037541,-0.0900698804754931,"07",29.4113872367857,0.954328284775356,16.5976564896429,3.94409656551738,0,0,3.74819348982143,0.864840848649968,0.01150602027057
425,0.00578341527216631,28.7408129671429,11.5130702957143,0,4.497167225,4,1,0,541.954666314286,-0.00053116560764922,-0.0878669974311661,"07",29.412211635,1.05135239770408,15.630723829375,3.27173177144356,0,0,3.7486364141875,0.864357388416404,0.0216186022413803
426,0.00576707915312592,28.527971955,11.27843147,0,4.497111076875,4,1,0,529.0121735,-0.00054750172668961,-0.0906956433831843,"07",29.400604955,1.14915575827601,15.8047457439286,3.16097391124105,0,0,3.51233537996429,1.19886427344904,0.0280309759196881
427,0.00574452948361649,28.3145823328571,11.6900175357143,0,4.497167225,4,1,0,516.177715014286,-0.000570051396199041,-0.0946133752435037,"07",29.3751942534375,1.20382776990899,15.49281952625,1.33432116582028,0,0,3.0331556925625,1.24676545666922,0.0311233020603942
428,0.0057252141592792,28.12538383,14.22215249,0,4.497111076875,4,1,0,503.4230220125,-0.00058936672053633,-0.0979814265026953,"07",29.3428088796428,1.2522468592538,16.2720510732143,1.85944901551229,0,0,3.04664675892857,1.10838602170133,0.0311285408426587
429,0.00575658267003059,27.9473762328571,14.7006206728571,0,4.497167225,4,1,0,490.764915114286,-0.000557998209784941,-0.0925173708821543,"07",29.30548422375,1.27732759609265,16.0110133971875,1.73973825305284,0,0,3.744672797125,0.867696538743866,0.0294085665380808
430,0.00584512597788775,27.799930175,14.35576826375,0,4.497111076875,4,1,0,478.166554275,-0.000469454901927781,-0.0772532355411402,"07",29.2899437382143,1.31088916555296,16.2591811307143,1.52355568713965,0,0,3.37949131042857,0.938112771007246,0.0270045222157395
431,0.00591324311220611,27.6693301728571,15.5508031657143,0,4.497167225,4,1,0,465.647542,-0.00040133776760942,-0.0656669526730234,"07",29.5681428746429,1.29946021824571,17.0794225426786,1.18350840918885,0,0,3.34766810876786,1.24457691052176,0.0168558448649888
432,0.00596597633485027,27.61100224125,18.07765259875,0,4.497111076875,4,1,0,453.15945495,-0.00034860454496526,-0.0567886642673097,"07",29.2719865767857,1.0985117086037,16.3370588767857,1.23779280909408,0,0,2.99893125943929,1.49915891590721,0.00144830500558824
433,0.00605369987108607,27.73894177,16.4897846271429,0,4.499383768,4,1,0,440.6722443,-0.000260881008729461,-0.04219174986273,"07",29.3022431055714,1.09204716080549,16.0577451749286,1.56008494342687,0,0,3.17041724519286,1.74466173324442,0.00727557371281815
434,0.00614342984406719,27.6987877525,14.54564337625,0,5.36002959425,4,1,0,428.14223975,-0.000171151035748341,-0.0274781914446427,"07",29.4099986520238,1.01930284204743,15.9092612916667,1.16546446430756,0,0,3.60143545261905,1.69309656662937,0.0203307560377963
435,0.00618207313400622,27.6002162657143,14.4426130114286,0,5.99827680114286,4,1,0,415.661762871429,-0.000132507745809311,-0.0212077104754878,"07",29.3035344991518,1.32635919056073,15.8181855340179,1.15296687686231,0,0,3.90287942780357,1.70597043898083,0.0270980531296478
436,0.00621003946778259,27.46987543375,14.4231223275,0,5.9960337715,4,1,0,403.2159539125,-0.00010454141203294,-0.0166941328956058,"07",29.2724478233928,1.37722471568154,15.3697914915625,1.64483410863636,0,0,4.31803932665625,1.0679053525468,0.0341285134055357
437,0.00624881145026756,27.3193694885714,13.87996989,0,5.592567849,4,1,0,390.851492542857,-6.57694295479704e-05,-0.0104701067343562,"07",29.2266429751785,1.4325858621004,15.4561851384375,1.51529979332925,0,0,3.73552430845536,1.07303596695851,0.0412033229890138
438,0.00625301749620806,27.160482445,15.24492736375,0,4.49904005625,4,1,0,378.54427305,-6.15633836074702e-05,-0.00979723782054975,"07",29.1938361925,1.47395351298332,15.6272905610268,1.38746073698111,0,0,3.2149284919375,1.52234995128069,0.0460459319392982
439,0.00622301598562503,27.04799803,16.2052118428571,0,4.497167225,4,1,0,366.307804414286,-9.15648941905009e-05,-0.0146067099939318,"07",29.2053419594197,1.45972132985035,16.1534326237947,1.78670508271605,0,0,2.98256162582589,1.71192685466245,0.046505506982183
440,0.00619288933150126,27.07186527625,17.86663898375,0,4.497111076875,4,1,0,354.08408055,-0.000121691548314271,-0.0194596324340868,"07",29.2738196465179,1.39785418432523,16.4414027597768,2.04184240451167,0,0,2.61875445490625,1.43506478443007,0.0443827112581643
441,0.00619963804394443,27.2316767385714,18.8949000028571,0,4.497167225,4,1,0,341.830023042857,-0.0001149428358711,-0.0183704739764226,"07",29.5934398797857,1.11001009202614,17.4387009096071,3.7205468935244,0,0,2.58200464415,1.24534451941151,0.0449334809682425
442,0.00626672681375898,27.69006274375,24.02000508875,0,4.497111076875,4,1,0,329.442306175,-4.78540660565508e-05,-0.00760720542501048,"07",29.6216151894643,0.81133258807022,17.4109498788393,3.17527265673152,0,0,3.09352159833482,1.69461730647487,0.0448714164061958
443,0.00635529958999011,28.5055358771429,22.1296322485714,0,4.497167225,4,1,0,316.756514028571,4.07187101745792e-05,0.00642766122684524,"07",29.7300595674107,0.52794768824137,17.0921464176786,1.45804894176144,0,0,3.97894275616518,0.701737434347691,0.0590824494826716
444,0.006361258517414,29.084083055,19.206866895,0,4.497111076875,4,1,0,303.7237647125,4.66776375984699e-05,0.00736485314874713,"07",29.7221115058929,0.40763756208255,16.708103211875,0.836982639791103,0,0,3.92868618175,0.719815098965285,0.0543795773657853
445,0.00627188207782102,29.2668687314286,16.2055023785714,0,4.497167225,4,1,0,290.537542542857,-4.26988019945106e-05,-0.00678490299658652,"07",29.6776536803125,0.340720168655291,17.3631435666071,0.959062205008704,0,0,3.7480159748125,0.865013324617213,0.049392138577386
446,0.00616466760169424,29.30094485875,17.218197955,0,4.497111076875,4,1,0,277.3021471375,-0.000149913278121291,-0.0240271660602147,"07",29.6372349285268,0.295578644037011,17.3061701116964,0.756271114154341,0,0,3.11461652409821,1.90184790068339,0.0444720567821047
447,0.00606448994335127,29.3055106942857,17.0120136328571,0,4.497167225,4,1,0,264.069482985714,-0.000250090936464261,-0.0404109434710387,"07",29.6048444550893,0.27360175172756,17.2608548095089,0.801625522692271,0,0,2.72931358389732,2.63288145653081,0.0423768461225968
448,0.00600844629229646,29.2776795675,16.31121760625,0,4.497111076875,4,1,0,250.833906025,-0.00030613458751907,-0.049695189092672,"07",29.6035002845982,0.291157286864694,17.0831049152679,0.531337178973031,0,0,3.67251290456697,0.960064022595943,0.041622649516581
449,0.00597698266686607,29.2449334571429,16.95970528,0,4.497167225,4,1,0,237.616463114286,-0.000337598212949461,-0.0549455138477537,"07",29.6852231767857,0.387353043034934,15.9947052672679,3.18604842879466,0,0,4.12611806214732,0.752062498473986,0.0399460623593266
450,0.0059780260444998,29.21550866125,18.73912492125,0,4.497111076875,4,1,0,224.41150285,-0.000336554835315731,-0.0547709631394913,"07",29.7328886516518,0.438678046727426,16.6832659263794,1.71089794212148,0,0,3.38131121172322,1.42053700542371,0.0366173991702807
451,0.00602995146089451,29.2138273942857,17.4823679528571,0,4.497167225,4,1,0,211.221515042857,-0.000284629418921021,-0.0461224227566239,"07",29.7381382753571,0.382799260562874,17.1487397403893,1.89888552425554,0,0,3.25079044512143,1.26436440511402,0.0227958481444431
452,0.00612287746928608,29.22125114625,16.4053659925,0,4.497111076875,4,1,0,198.0201045125,-0.00019170341052945,-0.0308292233654273,"07",29.5355538146071,0.384161605373141,17.8274809793571,2.20193799423616,0,0,3.774664155,0.849035400676294,0.0185074076728355
453,0.00622785897515844,29.2251207028571,16.43048678,0,4.497167225,4,1,0,184.825468385714,-8.67219046570902e-05,-0.0138287743524428,"07",29.3039178301071,0.565158528329996,18.2602628172143,2.33391693747924,0,0,3.55039442228571,1.24849500520119,0.0139776609643775
454,0.00632854343010514,29.24019275,16.64299275625,0,4.497111076875,4,1,0,171.6165419375,1.39625502896092e-05,0.00220871920622834,"07",29.0819795765357,0.690527164129113,17.9278144151786,2.38019101434807,0,0,2.64630442928929,2.07014772358119,0.00960715463593669
455,0.00642361804192267,29.22836593,16.6513426528571,0,4.497167225,4,1,0,158.416983228571,0.00010903716210714,0.0171201320178653,"07",29.1255328676786,0.610240937203633,16.9671510292857,0.995083779804479,0,0,3.57047354907589,1.10842914325537,0.0123590400575701
456,0.00649640837295471,29.21023557625,17.79184607,0,4.497111076875,4,1,0,145.213558575,0.00018182749313918,0.0283880811270096,"07",29.0054107915625,0.468471710756574,16.1833058759821,2.21870023387641,0,0,3.74771776806697,0.865357287746548,0.0124778053059101
457,0.00653024117515086,29.1667220457143,16.7152214728571,0,4.497167225,4,1,0,132.029875528571,0.000215660295335329,0.0335824908828704,"07",28.8266205700893,0.406780958418426,15.9287169845268,3.3488990703046,0,0,3.74761595900446,0.865474833691277,0.0163478605697105
458,0.00651188726492762,29.107512985,14.94319665625,0,4.497111076875,2.5,0.625,0,118.860211875,0.000197306385112089,0.0307679315657534,"07",28.3672081293304,0.945724765592808,15.8877769757589,6.80509701106961,0,0,3.74769231671875,0.865386674582688,0.0231270011934546
459,0.00646614901557568,28.9394364571429,12.1857861214286,0,4.497167225,0,0,0,105.747934742857,0.000151568135760149,0.0237193400801434,"07",27.7059532420536,1.50113948908638,18.0409890730804,7.360660413095,0,0,3.75015778936607,0.862573565502626,0.0309105009337629
460,0.00644211229366489,28.70283126,11.85629873875,0,4.497111076875,0,0,0,92.7234298525,0.000127531413849359,0.0199950973266185,"07",26.9569031582589,2.06818066764912,18.2872724265179,7.4404883292076,0,0,3.56476093723661,1.38596513910574,0.0380122857220159
461,0.00648608101834571,28.4125261042857,10.9199006114286,0,4.497167225,0,0,0,79.8219469757143,0.000171500138530179,0.0267971140455829,"07",26.2291274291518,2.55786461239611,15.6042217075402,10.0153082744229,0.00089901975,0.0017980395,3.51546384598661,1.41453962917754,0.0426338798874899
462,0.00658761669231098,28.023515095,5.172901013375,0.003596079,4.497111076875,0,0,0,67.06756351625,0.00027303581249545,0.0423302426490881,"07",24.28854216625,3.28733820937766,15.9438081816178,10.8052272500527,0.195233160142857,0.436554617541531,4.08778983575714,2.21421495647351,0.0449426028709434
463,0.00670196193684911,27.2252190385714,3.00382903428571,0.976165800714286,4.50194595971429,0,0,0,54.57011993,0.000387381057033579,0.0595389244037321,"07",23.4598896468929,2.80653522318936,16.6478426135179,12.0383048011417,2.9225190804,6.50381182838145,-0.240930376371428,3.94444953093633,0.0474060943979917
464,0.00681812983272634,26.03853591375,2.889300199875,14.556811127,0.945539841,0,0,0,42.51875363125,0.00050354895291081,0.0767238303978806,"07",21.0647512594643,2.79181027474085,17.2176034180119,11.0759841195192,6.29166953815773,11.0698008326458,-4.23794260640477,12.4998749093167,0.0567504071958178
465,0.00693324121479516,23.3997430928571,2.865772127,27.1720317385714,-12.7599186101429,0,0,0,31.2845155871429,0.000618660334979629,0.0934660256022459,"07",19.0343182879762,2.23263434555919,17.3917411566191,11.6326923288458,8.94887029377977,13.8649637433291,-7.98325977855357,17.8279772775038,0.0680628181982308
466,0.00704237987400184,20.25986264,2.6720264535,26.53137795125,-21.6067683025,0,0,0,21.49357786625,0.00072779899418631,0.109084777083624,"07",16.1680587310204,2.2670117635699,17.221799936699,10.2084412581173,7.26201074556123,12.6577514996824,-15.9506378635918,26.2295025805457,0.0625655886688389
467,0.00711057120498652,18.0213443014286,2.47806118542857,21.0342281814286,-11.4623510684286,0,0,0,12.9619429911429,0.00079599032517099,0.118721192461554,"07",13.8792059407937,1.87635865613273,13.4451306151865,10.6764469568293,11.1581008325198,13.7319305216181,19.8931469800377,67.1450201333634,0.0746300961755772
468,0.00705148456214557,16.73687669,2.342802672625,20.96430386,-10.1728020025,0,0,0,5.2389894655,0.000736903682330039,0.110376784584095,"07",11.4700620228643,2.2765835365484,14.0708719233339,10.2201362201303,9.00267564330357,11.9963323940353,78.1277741529946,142.636981377949,0.0834487053950734
469,0.00695672754062056,15.1437223142857,2.42124806828571,19.0372883385714,4.21320970542857,0,0,0,-1.808339265,0.000642146660805029,0.0968477967615602,"07",4.03940061832349,4.60807559064805,7.98683361996017,8.1259117602775,7.0336055674794,12.6438607833257,126.534182474468,175.531711060305,0.0814250364465947
470,0.00690094878466728,13.5383347575,2.4041930165,23.7121474825,60.31724163625,0,0,0,-8.19151090125,0.000586367904851749,0.0887975212209682,"07",3.40737720545472,3.59832937588745,6.98065315411905,6.37685870055635,5.85704856993176,12.1008424440586,234.692601696114,244.489199827164,0.0929606723116652
471,0.0069661077455434,10.9961864422857,2.20082697871429,25.8283355971429,209.723456785714,0,0,0,-13.7361056171429,0.000651526865727869,0.0981952530827117,"07",2.15125604254135,2.96063944484259,4.52974991269987,4.01220526028207,7.26797797563534,13.4234582520399,221.263170310354,264.487726972503,0.107344601262089
472,0.00707104489910181,8.19013336675,1.473355062,22.753604417125,375.0828655625,0,0,0,-17.95810828375,0.000756464019286279,0.113146876052592,"07",5.42878232732143,0.599405507512671,9.47400667158531,3.86402754891929,0.0148478566190476,0.035739709205431,581.398445707341,45.9086398487914,0.174745780977099
473,0.00716640611172382,6.52228676514286,2.60213924357143,0.0877935867142857,494.064584771429,0,0,0,-20.5393105557143,0.000851825231908289,0.126542902810636,"07",5.15215482883035,0.477815477851441,9.50780877067855,3.41149029589372,0.0006467765,0.000914680098124202,604.068063932143,16.6281379205739,0.172102025414677
476,0.00733057475931961,4.982080470125,11.92724478125,0,615.639677675,0,0,0,-20.11789849375,0.00101599387950408,0.149192537934336,"07",5.60886547426786,0.860178851405345,7.20591892830951,4.65995960912686,0.0296957132380952,0.0503183912370271,567.400237545238,64.5897512084801,0.173270208045549
477,0.00739477643305772,5.294225976,12.0408913833333,0,599.487374933333,0,0,0,-18.7021300033333,0.00108019555324219,0.157912476608418,"07",5.45216922323214,0.769081680506869,8.38625039154463,4.47767184574829,0.0222717849285714,0.0436854572747211,579.460097577679,57.9912482200874,0.173903830943213
482,0.00740715460030101,5.469791095,11.25814708,0,571.062909,0,0,0,-18.09569559,0.00109257372048548,0.159584984058098,"07",5.42058057378571,0.669779207901902,9.11717858990237,4.2081396156054,0.0178174279428571,0.0391218719357474,583.46555304881,51.0142825123406,0.174336029709018
1,0.00457625675425104,2.15574285714286e-05,2.64661678742857,41.62108478,622.316255914286,0,0,0,-1.50026097871429,0.000743922160726235,0.177407185210327,"09",6.16697685956746,3.08677252962005,3.95363548076786,3.22309336721862,8.22861988205555,14.9707701285458,558.96570565,74.6103462249574,0.117224356530597
2,0.00457001524807951,0,2.6890716,41.476081285,622.100365625,0,0,0,-1.500212278625,0.000737680654554705,0.176042365313802,"09",5.04571029941234,3.72100299373451,3.72352682858929,2.92798741187597,14.1075439272662,18.7244186454529,570.465322337013,71.4699865631936,0.112836541442106
3,0.00460785447405491,0,2.72945900014286,39.5043194814286,622.110938942857,0,0,0,-1.50024107714286,0.000775519880530105,0.184288165417113,"09",5.55028132935357,3.50322900456226,3.82293361143393,3.06674121120873,11.56786637185,17.6274492599168,565.300760676429,73.1403469041792,0.115218262241273
4,0.00465483463190935,0.05040641675,2.889401513375,17.809711060125,621.759986,0,0,0,-1.497868883,0.000822500038384545,0.194432208720968,"09",4.62523444112798,3.83519853522614,3.63732222620684,2.80765229748554,16.388255373744,19.5230764080458,574.768242611012,69.7551470985673,0.110579190589545
5,0.00470601509627429,0.440871113428571,7.78169898542857,0.024516741,553.694989542857,0,0,0,-1.40357244485714,0.000873680502749485,0.205367321398938,"09",4.55594653882653,3.87945902408367,4.70696947127551,4.94947973444369,15.3191982532181,18.495843032889,571.202145198214,70.6816791146946,0.109087049850902
6,0.00475816171146121,1.07261377275,14.7562345775,0,333.895749525,0,0,0,-1.0707769325,0.000925827117936405,0.216387221567574,"09",4.28160817713333,3.88640076659572,4.91195143888571,4.83505977818872,14.2995528190702,18.2552983578036,570.035001487857,68.2604068699293,0.10523583898898
7,0.00481056441424262,2.65573382271429,20.5497185242857,0,177.609604885714,0,0,0,-0.286465133714286,0.000978229820717815,0.227340241831041,"09",3.69274211522421,3.78142627462447,5.22046981449603,5.03947389128339,14.6235267102569,17.2708603895783,563.856367483333,86.9218215553862,0.102210712217136
8,0.00486286094546371,4.977157546125,21.53518285625,0,49.146394071375,0,0,0,1.410224202125,0.00103052635193891,0.238152759154626,"09",3.88437787765893,3.74967540809069,5.86935753450357,5.91087907233272,13.391636516167,16.7875058926907,533.176208601429,127.834990300908,0.104086148001512
9,0.00491467939025911,7.287411323,23.2887926928571,0,-7.25969372071429,0,0,0,4.11615066742857,0.0010823447967343,0.248752342917114,"09",4.44139510493866,3.87493833906741,7.00658658788509,6.9872112960583,11.8908890123439,16.1263061572258,492.289276162498,166.579395652902,0.103238479148174
10,0.00496528175306473,9.116364023625,24.33137924125,0,-21.46430308875,0,0,0,7.774353452875,0.00113294715953992,0.258995865846186,"09",5.24927525611574,4.12109527981021,7.82218856998214,7.74634271417509,12.1191615802837,15.7603392279145,433.344410567232,212.087099867149,0.101417951414007
11,0.00501258458416282,11.0457199914286,25.45598542,0,-28.6909255542857,0,0,0,12.23999505,0.00118024999063802,0.268477489057472,"09",5.89593840408143,4.98702951333001,9.47174478885286,9.04170894303118,14.9419271086579,16.0780654934871,331.103457923988,256.83583193694,0.108718690564136
12,0.00503704200287433,13.32439283375,24.3630376075,0,-28.65756955125,0,0,0,17.710416585,0.00120470740934953,0.273344827420337,"09",11.6217841843815,2.31287652133959,14.1957154049026,11.1928143960296,12.0162604426136,13.8370952795463,17.5387471699286,79.4661326314789,0.0972265777489597
13,0.00500596144199466,15.2402750628571,23.97335763,0,-16.7465053071429,0,0,0,24.1477514657143,0.00117362684846986,0.267155312569286,"09",14.2407481423036,2.02924935898818,13.5139990188393,11.6675356176112,13.454049165,14.2026834407023,-33.2589598978786,28.5561843209425,0.100162715648217
14,0.00495719365868279,16.86715660125,25.08431120625,0,-10.66576048225,0,0,0,31.40483613625,0.00112485906515799,0.257365608138381,"09",16.5606398901984,2.21467889867044,14.6301518213313,11.4924208109661,12.1004756439881,14.4004260439445,-39.4806368652778,17.6318304050282,0.103470266025354
15,0.00490557134375435,18.3685912814286,24.8339050314286,0,-5.767352154,0,0,0,39.3476249242857,0.00107323675022954,0.246897390497349,"09",19.1383576577678,1.7675861710091,14.0077738910625,12.4602229886716,13.2491383849405,14.5761066778867,-21.5838363498333,14.6410440127946,0.0948175041412902
16,0.00485274524140299,19.9227288125,25.243831775,0,-1.94536571925,0,0,0,48.00152738125,0.00102041064787818,0.236070396548884,"09",21.1673646507143,2.35614775539635,12.0644206227179,12.4212764966697,13.68099605175,12.8813232870013,-7.38852311757857,6.15478935669845,0.0912428330395501
17,0.00479931071297536,21.4474265757143,24.7461308685714,0,1.49819415485714,0,0,0,57.3432485828571,0.000966976119450555,0.224998128946449,"09",22.314720924375,2.11846952411311,14.3980798875804,12.9769125045489,10.4252640227232,12.2727654482453,-0.0492678741919643,1.73236550057974,0.0694223700330744
18,0.00474549077657848,22.7509035175,24.71800304125,0,1.499375775,0,0,0,67.33821472875,0.000913156183053675,0.213720680016309,"09",23.9456635747322,2.16872672268048,14.3481177559018,12.5133142988178,6.35732687937947,11.9952088861993,2.55294419145982,0.716465116031404,0.0726967473414516
19,0.00469143282532374,23.9337507314286,24.5685920471429,0,1.49905574157143,0,0,0,77.8810105385714,0.000859098231798935,0.202263865553078,"09",25.2314829896429,2.12303429880785,15.7972289008348,10.9777944540195,3.60980048065625,7.2196009613125,2.48482280042857,0.707032904707619,0.0684359463195144
20,0.00463720934510623,25.116084185,24.9301796625,0,1.4990370255,0,0,0,88.9670635875,0.000804874751581425,0.190638574595807,"09",26.3981804227857,1.69337171153447,14.7050165560536,10.9770091202984,2.89760322361071,6.45198443853937,2.99850865724286,1.06072121761507,0.0649641758211184
21,0.0045828823414811,26.0179235957143,23.9040354428571,0,1.49905574157143,0,0,0,100.528472057143,0.000750547747956295,0.178853956172493,"09",27.1823336641786,1.44206785715413,13.5506356883107,10.7513810276709,0.00976283908571428,0.021830371849049,2.99762302655714,1.05915567199764,0.0702938729138083
22,0.00452849066739461,26.693935085,22.77418177125,0,1.4990370255,0.25,0.25,0,112.4401329125,0.000696156073869805,0.166914522024383,"09",27.6315942961161,1.17322945250626,13.703013742558,11.7978996060337,0,0,2.71175731695536,0.825487096063568,0.0606390139675025
23,0.00447407323767563,27.3674198971429,23.2344236071429,0,1.49905574157143,1,1,0,124.647829771429,0.000641738644150825,0.154825056875427,"09",28.3348989130357,1.13042440221231,12.9795642971339,9.14407892744452,0,0,2.62321749333929,0.749453682513179,0.0557846935148674
24,0.00441966676777937,27.93542883625,21.35840354125,0,1.4990370255,1,1,0,137.13587245,0.000587332174254565,0.142590125939937,"09",28.7591774095982,0.946483854948667,15.1412440448482,5.50965725907458,0,0,2.62335919595536,0.749535639998386,0.0493580390624517
25,0.00436531372685715,28.1908453557143,8.79676650057143,0,1.49905574157143,1,1,0,149.839760885714,0.000532979133332345,0.130215884865786,"09",28.9444143919197,0.734748807953709,14.8811774274911,5.67899975690757,0,0,2.62274633505357,0.749140384172806,0.048915703400169
26,0.00431108055837108,27.9099662375,17.13689835625,0,1.4990370255,1,1,0,162.50629445,0.000478745964846275,0.117714407459578,"09",28.9825639751786,0.733405598704041,12.5560909098304,4.10429216315466,0,0,2.30188153279911,0.808594954108341,0.0448798221419112
27,0.00425706561909411,27.8710212442857,18.2811868814286,0,1.49905574157143,1,1,0,175.100055285714,0.000424731025569305,0.105105926587425,"09",28.8982634050893,0.968921473517549,15.1239240315625,2.61063208270095,0,0,2.24785702423214,0.866320019356521,0.042538981009517
28,0.00420350906662686,27.89036703375,18.05397230125,0,1.4990370255,1,1,0,187.6924395375,0.000371174473102055,0.0924454942752035,"09",28.8947890704464,1.04186397449291,16.6009160547321,1.87732252290913,0,0,1.96173082223661,1.28507061278097,0.0399788106574404
29,0.00415100684634964,27.9483182385714,17.3875977885714,0,1.49905574157143,1,1,0,200.305028942857,0.000318672252824835,0.0798767444568815,"09",28.8642114816518,1.00357778990837,17.2298504574554,0.910148096794264,0,0,2.01421727591072,1.1988295390002,0.0363469249132753
30,0.00410337993235358,27.97249767625,17.0730637,0,1.4990370255,1,1,0,212.9340070625,0.000271045338828775,0.0683368341872086,"09",28.8184402474553,0.926213563551311,17.9078713296429,0.580331714139382,0,0,2.53588575839286,0.710609666344882,0.0310607430146182
31,0.00408637137987127,28.0106474657143,17.3339388685714,0,1.49905574157143,1,1,0,225.578761328571,0.000254036786346465,0.0641832095234101,"09",28.8938257209643,0.756383143563445,17.4357583659643,0.625604462059541,0,0,2.69838940552857,0.670458399793612,0.0243232940917878
32,0.00409835994894328,28.081361865,20.0967503475,0,1.4990370255,1,1,0,238.2457841125,0.000266025355418475,0.0671127076025071,"09",28.8538203307143,0.651170124908931,17.3520344818571,0.594960080368798,0,0,2.69827787554286,0.670385553116564,0.0171465753483963
33,0.00407770967654571,28.35537567,20.48035391,0,1.49905574157143,1,1,0,250.977655371429,0.000245375083020905,0.06206130350522,"09",28.8225359420357,0.543225054265725,18.3680047981786,1.15998553703504,0,0,2.69828910518572,0.670402293279755,0.0103351298493921
34,0.00402986859827933,28.88552205125,19.76569560875,0,1.4990370255,1,1,0,263.9076739,0.000197534004754525,0.0502595963271126,"09",28.8286262493929,0.370259779010404,18.6295307454286,1.08556561957091,0,0,2.69827787554286,0.670385553116564,0.00419163590225866
35,0.00397875038820057,29.3241164742857,19.6305294514286,0,1.49905574157143,1,1,0,277.059378928571,0.000146415794675765,0.0374936242875776,"09",28.9009440363214,0.156474142023629,18.2932837233929,0.981224704992549,0,0,2.69828910518572,0.670402293279755,-5.96286670069033e-05
36,0.00392808965933848,29.71891187125,19.50822623375,0,1.4990370255,1,1,0,290.3935131375,9.57550658136747e-05,0.0246790433579758,"09",28.9815740013929,0.209364570133934,17.6658321651429,1.52350083539804,0,0,2.69827787554286,0.670385553116564,0.000228642528384566
37,0.00388357394759611,30.0697260542857,12.9733865877143,0,1.49905574157143,1,1,0,303.902731814286,5.12393540713051e-05,0.013281677899375,"09",29.0576762056786,0.413362646191889,17.4918486956072,1.48632170046217,0,0,2.69828910518572,0.670402293279755,0.0040388767442255
38,0.00386533079480217,29.965991175,5.940746535375,0,1.4990370255,1,1,0,317.480878825,3.2996201277365e-05,0.00857309349036939,"09",29.120198385,0.626316037449707,16.3683960282214,2.04281221839679,0,0,2.69827787554286,0.670385553116564,0.00801979207654756
39,0.00386918126941734,29.6511951114286,8.59925693442857,0,1.49905574157143,1,1,0,330.948213371429,3.68466758925352e-05,0.00956875418666936,"09",29.1863967130357,0.67769420042242,14.1123722992009,5.57789398414263,0,0,2.62334286873214,0.74953722882143,0.0105420964287312
40,0.0038773876484511,29.29295847,10.610911129,0,1.4990370255,1,1,0,344.2680689,4.5053054926295e-05,0.0116874681563583,"09",29.0175351131697,0.608639972235031,14.4464077761071,4.09779999471203,0,0,2.62331947364286,0.749509154714285,0.0121030689206165
41,0.0038873966151662,28.9239061785714,13.71887364,0,1.49905574157143,1,1,0,357.417423,5.50620216413951e-05,0.0142655106778342,"09",28.8542807475,0.492656207973179,15.4562523551072,3.56632086847447,0,0,2.62334286873214,0.74953722882143,0.0126860793182526
42,0.00390994707279594,28.6961556575,14.55411891625,0,1.4990370255,1,1,0,370.4268438625,7.76124792711348e-05,0.0200496650835484,"09",28.7027633827678,0.375547152536674,15.6987173265625,1.51533486830232,0,0,2.62331947364286,0.749509154714285,0.0124298389255028
43,0.00393640325653076,28.5406244371429,15.2153684942857,0,1.49905574157143,1,1,0,383.353511242857,0.000104068663005955,0.0267932547042209,"09",28.6534730897321,0.336912608080068,15.0778933897768,1.33798984112975,0,0,2.62334286873214,0.74953722882143,0.0123112129746338
44,0.00397432044334709,28.4349543075,15.398939715,0,1.4990370255,1,1,0,396.2141105875,0.000141985849822285,0.0363796029757966,"09",28.6603684680357,0.375023295681283,15.4010650716964,2.46736072640321,0,0,2.62331947364286,0.749509154714285,0.0125892265066172
45,0.00402234909462934,28.3602121985714,15.8630955985714,0,1.49905574157143,1,1,0,409.047774385714,0.000190014501104535,0.048391910694205,"09",28.6980570629465,0.465170072670891,15.6778566219643,3.04732269564119,0,0,2.62334286873214,0.74953722882143,0.0126033779819658
46,0.00407122116639148,28.28091270625,18.44423380375,0,1.4990370255,1,1,0,421.835513275,0.000238886572866675,0.0604688218677447,"09",28.7620514002679,0.562564991337126,15.2389641427679,1.77789181985483,0,0,2.62331947364286,0.749509154714285,0.0112250315573628
47,0.00411431955019386,28.27437539,18.3463438957143,0,1.49905574157143,1,1,0,434.612654042857,0.000281984956669055,0.0709992883349999,"09",28.8756994219196,0.73055255672767,14.7066316248661,4.21592194957831,0,0,2.62334286873214,0.74953722882143,0.00696106558232362
48,0.00411469148070087,28.2877458525,19.11474658875,0,1.4990370255,1,1,0,447.3817762875,0.000282356887176065,0.0710896832796237,"09",29.0375698525,0.907104802089901,13.5893924292098,5.77437466326516,0,0,2.62331947364286,0.749509154714285,-0.00103219105447779
49,0.00407592301328386,28.4303792885714,17.7290307742857,0,1.49905574157143,1,1,0,460.1919945,0.000243588419759055,0.0616230538772111,"09",29.1965870988393,1.0789817712947,12.8356874691161,6.78647438071701,0,0,2.62334286873214,0.74953722882143,-0.0111167308849915
50,0.00403786773246946,28.65235686125,17.36224197875,0,1.498878136375,1,1,0,473.084214225,0.000205533138944655,0.0522425903876824,"09",29.6294002860357,1.14552652255113,12.4017567825071,5.8301139951892,0,0,2.69825500941786,0.670372772791112,-0.0198012728990695
51,0.00400002604719805,28.8596889771429,17.5349942371429,0,1.50144187657143,1,1,0,486.074423128571,0.000167691453673245,0.0428266998694609,"09",29.4594815469196,1.03922574471248,15.3740402970982,3.01357241481037,0,0,2.56255858048661,0.718307165755433,-0.0270311278951202
52,0.00397862497350507,29.074086805,18.0745698575,0,2.644322678625,1,1,0,499.1601468375,0.000146290379980265,0.0374621026647661,"09",29.4843091858929,0.898784822152501,17.3455784202679,0.735692088364356,0,0,2.24964835380357,0.864229188918304,-0.0291079992043244
53,0.00398316144971001,29.2609605914286,17.8691610185714,0,2.99861298485714,1,1,0,512.343463114286,0.000150826856185205,0.0386016651550838,"09",29.4671817708929,0.758241478945918,17.4502802075,0.69636709274649,0,0,2.53489098858482,0.710408739066753,-0.0280018640065752
54,0.00400818700368401,29.4164649675,18.29428966625,0,2.998074051,1,1,0,525.59178825,0.000175852410159205,0.0448648472202802,"09",29.4495810185268,0.6302002147764,17.8416656585714,1.03063250137844,0,0,2.623458886125,0.7496146140192,-0.0239491958229006
55,0.00404748941097218,29.5808618971429,18.2611738328571,0,2.99811148314286,1,1,0,538.922025771429,0.000215154817447375,0.0546226170546245,"09",29.4689063371875,0.525925142566246,17.862752205,0.820196668236984,0,0,2.62324438314286,0.749684290683859,-0.0177016489556814
56,0.00409392259211937,29.66127551625,9.4681376915,0,2.998074051,1,1,0,552.3085785375,0.000261587998594565,0.0660294058176163,"09",29.5242805100447,0.471339431817661,18.1988888313839,1.31254154847791,0,0,2.62018035663393,0.75583729846193,-0.0112494394536211
57,0.00413500666926532,29.11469856,8.73654551414286,0,2.99811148314286,1,1,0,565.6171313,0.000302672075740515,0.0760147675111105,"09",29.5706764344196,0.425308092553905,15.8485069772054,4.27072576318326,0,0,2.96806925703572,0.0600345452837343,-0.00732698283410338
58,0.00413148265510911,28.44633712625,14.67288627125,0,2.998074051,1,1,0,578.5887593,0.000299148061584305,0.0751621651194192,"09",29.4465396741518,0.439978587265046,15.5872042940268,4.57658832920211,0,0,2.99830296350893,0.000408296975685843,-0.00439630965675549
59,0.00408743906504784,28.2452234128571,14.9622032842857,0,2.99811148314286,1,1,0,591.400013314286,0.000255104471523035,0.0644444549153151,"09",29.2933551551786,0.65978420054517,17.1512768927232,1.67609380905075,0,0,2.99809276707143,2.16114577565687e-05,-0.0088727672380499
60,0.00403681694371497,28.10765981125,15.09063612125,0,2.998074051,1,1,0,604.1176986875,0.000204482350190165,0.0519823229527212,"09",29.2734070780357,0.759330224453395,17.3036775203572,1.74098581312197,0,0,2.99809276707143,2.16114577565687e-05,-0.0140590443566834
61,0.00398463589283332,28.0030542642857,15.36502345,0,2.99811148314286,1,1,0,616.801880042857,0.000152301299308515,0.0389717657085349,"09",29.265652765625,0.823217474008151,16.3524799617411,1.21489440235996,0,0,2.99833299157143,0.000493242118143358,-0.0178938674317317
62,0.00393181535420962,27.933178485,14.32153361875,0,2.998074051,1,1,0,629.42661295,9.94807606848149e-05,0.0256270688236668,"09",29.1949274910357,0.696424952054756,14.8140821940214,4.69800469196143,0,0,2.93594626706072,0.138984724736777,-0.0202023760429909
63,0.00387880562779431,27.8884891542857,14.89950318,0,2.99811148314286,1,1,0,642.0428536,4.6471034269505e-05,0.0120531061109421,"09",29.1313988887797,0.640076476687457,13.9890127049524,4.61132349259647,0,0,2.69753642840774,0.597029491691564,-0.0223871525416594
64,0.00382594272407656,27.8471802625,16.5326351,0,2.998074051,1,1,0,654.6246372,-6.39186944824486e-06,-0.00166927116907978,"09",28.8965324827976,0.574203895281474,15.1410102520179,3.13455029797536,0,0,2.49945200924703,0.772508448912962,-0.027059878808105
65,0.00377375087482826,27.8283336242857,18.1364805328571,0,2.99811148314286,1,1,0,667.207789342857,-5.85837186965451e-05,-0.0154047376715116,"09",28.6770197562143,0.612180787438211,15.4889747764643,2.49571105529476,0,0,2.39840387003929,0.821132220456722,-0.0346295787275499
66,0.00372438712834896,27.8219836225,17.60979131625,0,2.998074051,1,1,0,679.7702024875,-0.000107947465175845,-0.0285718621857232,"09",28.5530061203571,0.599737448389202,16.1748602976429,2.00326597255534,0,0,2.3984854433,0.821071770250226,-0.0413245646752131
67,0.00368612899835334,27.8273540585714,17.5892710114286,0,2.99811148314286,1,1,0,692.345718214286,-0.000146205595171465,-0.0388973154242924,"09",28.4584389808571,0.569508076408887,16.5418689685357,1.10857135814826,0,0,2.39827080447143,0.821314488023579,-0.0443415745418663
68,0.0036885075225717,27.82672771375,17.35472272375,0,2.998074051,1,1,0,704.904376525,-0.000143827070953105,-0.0382522601108324,"09",28.3977416714286,0.507603520526282,17.337607674,1.25554114211145,0,0,2.46044350703214,0.744433976453992,-0.0415322277903069
69,0.00371864204026433,27.8123017971429,17.1709383142857,0,2.99811148314286,1,1,0,717.4788057,-0.000113692553260475,-0.0301156124360746,"09",28.3866840748929,0.44702729866241,18.0692323545,0.61965005410298,0,0,2.75912310411786,0.530701713791007,-0.0352840737042204
70,0.00372850935221973,27.7938420625,17.58263952125,0,2.998074051,1,1,0,730.033064075,-0.000103825241305075,-0.0274656549034242,"09",28.5027361293214,0.466439195883987,17.9354582740357,0.715788212815558,0,0,2.99680272522857,0.00290559166791369,-0.0375660030083347
71,0.00369893164798738,27.77721003,17.4787085442857,0,2.99811148314286,1,1,0,742.594073371429,-0.000133402945537425,-0.0354301368252736,"09",28.4891027519286,0.423533277981434,17.7971762011786,0.403080061922754,0,0,2.99814065140357,0.000129020005761554,-0.0334815683667522
72,0.00365319514749402,27.77455936625,17.59854029375,0,2.998074051,1,1,0,755.130429475,-0.000179139446030785,-0.0478720031099407,"09",28.4884357119643,0.413523703273425,17.621115955,0.979163187618992,0,0,2.99810399671429,1.67401631956911e-05,-0.0286793223418663
73,0.00362162848645208,27.8039159128571,17.2667664314286,0,2.99811148314286,1,1,0,767.694247042857,-0.000210706107072725,-0.0565503875989117,"09",28.5035885993929,0.41886827247898,17.5120078284643,0.982435114002852,0,0,2.99808153742857,1.67401631956911e-05,-0.0237968016759294
74,0.00361691007607083,27.802393985,17.20952828,0,2.998074051,1,1,0,780.24548455,-0.000215424517453975,-0.0578540791875977,"09",28.5105409783928,0.397200664589315,16.8689334781072,0.408464847892951,0,0,2.99810399671429,1.67401631956911e-05,-0.0216737245315268
75,0.00359240261225129,27.8353459585714,17.3029195042857,0,2.99844927728571,1,1,0,792.817486171429,-0.000239931981273515,-0.0646529402171856,"09",28.4561646280804,0.446040266524198,16.9377255839732,0.409828315396402,0,0,2.99808340903571,1.87160714300028e-05,-0.0195940907584291
76,0.00355181286255457,27.85563510875,17.757990575,0,3.01068666775,1,1,0,805.3889734625,-0.000280521730970235,-0.0760160312235447,"09",28.4365516222322,0.444708828627236,16.8265974682143,0.695926737412896,0,0,2.99818657364286,0.000176022456430253,-0.0269857290885834
77,0.0035165603715262,27.8850418471429,18.4233462457143,0,1.61914978185714,1,1,0,817.986288728571,-0.000315774221998605,-0.0859908249008452,"09",28.418503068125,0.474823964225651,17.0832399548214,0.679974992709777,0,0,3.00120798056696,0.00631945450749035,-0.0314801524714566
78,0.00350605261776742,27.93599782625,17.5633528825,0,1.49819624,1,1,0,830.5841560125,-0.000326281975757385,-0.0889833752000762,"09",28.3981331190179,0.524687437126042,17.2132170166518,0.956618521154771,0,0,2.55244792042857,0.650642960031454,-0.0316966468417602
79,0.00351830130297693,28.0208541185714,19.1971691214286,0,1.49905574157143,1,1,0,843.227925257143,-0.000314033290547875,-0.0854958808586375,"09",28.3800889730357,0.581027715154057,17.0021581479911,0.862679079522125,0,0,2.24883694466071,0.865166840588893,-0.0323744436842642
80,0.00354556025607635,28.12527296875,18.65835393625,0,1.4990370255,1,1,0,855.9029587125,-0.000286774337448455,-0.0777779811210912,"09",28.3855934136607,0.622675231765654,17.7458694715179,1.51642531869365,0,0,2.24857425432143,0.865469430332555,-0.0329277029879143
81,0.00357648316093793,28.2673715785714,18.5975571742857,0,1.49905574157143,1,1,0,868.645852428571,-0.000255851432586875,-0.0690942097645939,"09",28.4141878122768,0.626708213954488,17.8149276965625,1.20026808232682,0,0,2.24856489628571,0.865480236061431,-0.0334772213879716
82,0.00359654601624178,28.47008725375,18.2507819225,0,1.50086118075,1,1,0,881.451366525,-0.000235788577283025,-0.0635002252519987,"09",28.4760707809375,0.614423958806862,17.4905892639732,0.777813747408559,0,0,2.24857425432143,0.865469430332555,-0.03383728614874
83,0.00359681335339739,28.64729625,17.5341522971429,0,2.22190973942857,1,1,0,894.364210928571,-0.000235521240127415,-0.0634258963787797,"09",28.5704579316518,0.58719851248152,16.5660319653125,1.46951665650376,0,0,2.24902093509822,0.864953968388801,-0.0332395346837256
84,0.00360532447231028,28.81655099625,17.3319742325,0,2.994310421125,1,1,0,907.336159725,-0.000227010121214525,-0.0610623974165199,"09",28.6522639383035,0.576750318061934,16.8124053249554,1.02060398865741,0,0,2.42928775378572,0.720049888171058,-0.0311922963239762
85,0.00364277105654733,28.9929172857143,17.3675099414286,0,2.27525748571429,1,1,0,920.406115128571,-0.000189563536977475,-0.050729499283138,"09",28.6903880596428,0.722051247456123,16.6095065309375,2.08004819830615,0,0,2.62190100053571,0.748577592394848,-0.0277587149940643
86,0.00368981513957229,29.14717181375,17.2440926625,0,1.500976500625,1,1,0,933.5325871875,-0.000142519453952515,-0.0378978118063298,"09",28.7773771520982,0.960953845815013,15.5554723020893,4.18683361301662,0,0,2.12847058767857,0.66424635860466,-0.0235453121196186
87,0.00372507466635099,29.2611606157143,17.1394097257143,0,1.49905574157143,1,1,0,946.738088585714,-0.000107259927173815,-0.0283872748948628,"09",28.8842731102232,1.1571229519627,14.4863052171786,5.28451985115128,0,0,1.96275693469197,0.710001011939277,-0.0193309289176854
88,0.00372025983008348,29.372766045,17.09145225,0,1.4990370255,1,1,0,959.9691400625,-0.000112074763441325,-0.0296806585062193,"09",28.9485625332143,1.29792976286904,15.6134419908036,2.98594198502785,0,0,2.24797772064286,0.864781144017942,-0.0184378698138146
89,0.00370454307621072,29.46852666,17.9919334385714,0,1.49905574157143,1,1,0,973.269279071429,-0.000127791517314085,-0.0339142461508688,"09",28.5182428843214,1.49085450055967,16.8924283120714,1.60523203011477,0,0,2.39850599150714,0.82109907226043,-0.0134551595102647
90,0.00370754193622201,29.55436332375,17.35818304,0,1.4990370255,1,1,0,986.5887895625,-0.000124792657302795,-0.0331050649045732,"09",28.5451394862857,1.41776830090496,15.45986361425,2.45440204994449,0,0,2.39847421365714,0.821052976472506,-0.0102626809459655
91,0.00373097213914474,29.38521932,10.1712503444286,0,1.49905574157143,1,1,0,999.935089757143,-0.000101362454380065,-0.0268053444109819,"09",29.0030974797322,1.10789516388617,15.1480667496875,3.2228571851644,0,0,2.24857425432143,0.865491041655398,-0.00642930456525498
92,0.00376786222970127,28.81330983,15.19659289625,0,1.4990370255,1,1,0,1013.062160375,-6.4472363823535e-05,-0.0169663786854271,"09",28.9799743042411,0.93568736395693,13.7030427964688,4.14323502690709,0,0,2.24856489628571,0.865458624468763,-0.00246788030470885
93,0.00381143840816509,28.4704365528571,16.2101970142857,0,1.49905574157143,1,1,0,1026.00873142857,-2.08961853597148e-05,-0.00546751895007525,"09",28.8601609155804,0.739721480760641,15.2704608453125,3.55721565580389,0,0,2.24857425432143,0.865491041655398,0.00124967998993666
94,0.00384771355926358,28.26172743875,17.25116329375,0,1.4990370255,1,1,0,1038.806411,1.53789657387749e-05,0.00400491913281709,"09",28.8005791184821,0.640222678457178,15.4999445354063,3.85531790856883,0,0,2.24856489628571,0.865458624468763,0.00455921429624685
95,0.00387828627260254,28.16636317,16.7564916014286,0,1.49905574157143,1,1,0,1051.55914257143,4.59516790777348e-05,0.0119192015018896,"09",28.7645118127679,0.637258952630612,16.8003356255803,1.68200617094877,0,0,2.24857425432143,0.865491041655398,0.00900087861700685
96,0.00390620575979415,28.14680959875,19.445830275,0,1.4990370255,1,1,0,1064.269481125,7.38711662693452e-05,0.0190923365174553,"09",28.6975950688393,0.717857571054616,16.6236167412054,0.716035822962811,0,0,2.24856489628571,0.865458624468763,0.0155058795162075
97,0.00392721622887589,28.2069657214286,18.9139688757143,0,1.49905574157143,1,1,0,1077.00625628571,9.48816353510853e-05,0.0244566636171024,"09",28.5890945220536,0.851232265576249,17.7976369355357,1.61929528206565,0,0,2.24857425432143,0.865491041655398,0.0207899069083924
98,0.00393015015122109,28.374676065,17.7794927225,0,1.4990370255,1,1,0,1089.775249125,9.78155576962848e-05,0.0252034589846462,"09",28.5141734024554,0.931249327583371,17.9190882522768,1.69969257768066,0,0,2.24856489628571,0.865458624468763,0.0230407764380785
99,0.00390152268450867,28.5403608485714,17.8293745928571,0,1.49905574157143,1,1,0,1102.64271971429,6.91880909838649e-05,0.0178927364646304,"09",28.5339323120536,0.868873044339792,16.7860634660268,1.32738679724704,0,0,2.24857425432143,0.865491041655398,0.0242499856385286
100,0.00385892372516323,28.68968949625,17.8973001375,0,1.4971136065,1,1,0,1115.55898675,2.6589131638425e-05,0.00691414480453911,"09",28.5953574081696,0.757468684176771,16.3092326241518,2.11871875462334,0,0,2.24856489628571,0.865458624468763,0.0275502125919932
101,0.00381683905437647,28.8160136657143,18.4118361614286,0,2.38447859728571,1,1,0,1128.56060971429,-1.54955391483348e-05,-0.00405156443121246,"09",28.6630930421429,0.628764812614813,15.6448544693304,3.41335291618714,0,0,2.24809339957143,0.866046640873913,0.0334391320071627
102,0.00379530281993812,28.7692279475,15.355109955,0,2.529788816875,1,1,0,1141.567754,-3.7031773586685e-05,-0.00970996956593595,"09",28.7162901391964,0.486472994892731,15.6067298887054,3.33183910173151,0,0,2.46992061021428,0.708936067819418,0.0402488304008352
103,0.00380295170518844,28.5051493314286,14.95581657,0,-0.000876622428571429,1,1,0,1154.519606,-2.93828883363651e-05,-0.00769664200302955,"09",28.7328140006696,0.309467069752132,14.624411445625,2.76322448008165,0,0,2.50626220216518,0.706844511073553,0.0475179509598712
104,0.00381210437703767,28.279818635,14.925846435,0,0.727318469375,1,1,0,1167.337396625,-2.02302164871351e-05,-0.00529280520462461,"09",28.7256182380357,0.201625505355875,13.7917860241072,2.54897592189135,0,0,1.87358180528571,1.4355985732989,0.0545815084176563
105,0.00383136839081838,28.0870538185714,15.3287003671429,0,1.49841824714286,1,1,0,1180.08399085714,-9.6620270642481e-07,-0.000252150347763269,"09",28.7615793250357,0.277660183031654,14.8116965882143,1.44386629805211,0,0,1.94432684054643,1.01224785655639,0.0599862194928021
106,0.0038655369506192,27.90388914375,15.1750293575,0,1.4990370255,1,1,0,1192.717232125,3.32023570943948e-05,0.00862642665257951,"09",28.7282933073929,0.426018378946403,14.3977153902143,4.27813263575479,0,0,2.09853182324286,0.821165989351874,0.0634021155235773
107,0.003885829333904,27.72717341,19.2143758628571,0,1.49905574157143,1,1,0,1205.29640328571,5.34947403791949e-05,0.0138622595042852,"09",28.5895426542857,0.445388477378579,16.7228428327786,1.1361993678333,0,0,2.09867055177143,0.821073478794866,0.0648613995722499
108,0.00387437416917571,27.64726779,18.04458394625,0,1.4990370255,1,1,0,1217.789691125,4.20395756509052e-05,0.0109099728152104,"09",28.3462403837143,0.350834205488142,18.3229957208928,2.05964316161046,0,0,2.09865932212857,0.821049559294343,0.0637486391236274
109,0.00383877369259637,27.5799980714286,17.2360807328571,0,1.49905574157143,1,1,0,1230.27794957143,6.4390990715652e-06,0.00167879273132865,"09",28.1396557953928,0.39422197397278,17.8661967380357,2.07811508670585,0,0,2.09867055177143,0.821073478794866,0.059784884134127
110,0.00379113852647847,27.53635188,16.85339894125,0,1.4990370255,0.125,0.125,0,1242.711050625,-4.11960670463349e-05,-0.0108077949040508,"09",28.0147073912946,0.457551420958236,17.0664501597768,0.538730068463795,0,0,2.24856021726786,0.865464027366931,0.0560174131933157
111,0.00374268883260197,27.5020620857143,16.83833311,0,1.49905574157143,0,0,0,1255.15529542857,-8.96457609228349e-05,-0.0236698789979757,"09",28.15854311,0.556643153469523,12.0992691749196,5.00804793068872,0,0,2.24857893333929,0.865485638824686,0.0521780563534642
112,0.00370260021506524,27.46683628,16.916259025,0,1.4990370255,0,0,0,1267.55916125,-0.000129734378459565,-0.0344388373626696,"09",28.0052425317411,0.459169114387788,17.4196339834062,2.18367836197513,0,0,2.24857101223661,0.865476492502683,0.0515430276558883
113,0.00368892692613299,27.4134490685714,13.3137117031429,0,1.49905574157143,0,0,0,1279.971451,-0.000143407667391815,-0.0381385610862495,"09",27.2609233382143,0.709987939999526,20.8660766298214,5.49849411516943,0,0,2.24932158273215,0.866344025299627,0.0707481619921155
114,0.00370149613897766,27.080197205,3.68448619475,0.001663048875,1.499183343,0,0,0,1292.288672625,-0.000130838454547145,-0.034737071208677,"09",26.4363814143303,1.43024229176793,17.5384335391295,9.86659131785189,0.00231054009375,0.0046210801875,2.35370345776786,1.00146273125326,0.074690373593217
115,0.00373976154271921,26.0766530842857,3.64721998742857,13.1743225982857,1.512312197,0,0,0,1304.34590357143,-9.25730508055948e-05,-0.0244523205263594,"09",25.3736597280357,1.95452886716883,14.7841349527232,12.8524678106687,3.16706655443302,6.33302445814002,3.417339421,2.27973010501575,0.0780314988584535
116,0.00378270233207614,23.6971151325,2.9727621465,26.40278581875,-2.569879874375,0,0,0,1315.610483,-4.96322614486652e-05,-0.0130355147164929,"09",23.8039133260714,2.07256525364339,14.5004897495134,12.9929416024332,8.92011428832143,10.9820324904607,4.13016289984375,3.09250200812048,0.0803137009128235
117,0.00381847667386576,20.9566663871429,2.57688372,26.4416231642857,-14.2026016728571,0,0,0,1325.69635728571,-1.3857919659045e-05,-0.00362260522905533,"09",21.710328543125,1.72984978091971,14.4045145720536,13.5107476086205,12.6562686975447,14.6412867447774,-0.724223273558035,1.79397707190783,0.0796889735951647
118,0.00386454176016048,18.35900828875,2.4054280515,29.65105816,-39.61066664375,0,0,0,1334.543189875,3.22071666356751e-05,0.00836894145075817,"09",19.1962085197857,1.36225673540463,11.5383681881107,12.4199210158904,15.7551216610357,14.3832274858556,-25.8457952776857,17.9557429810781,0.0790563530670192
119,0.00391556339013248,15.27346753,2.17826044071429,29.0502177228571,-25.3994406681429,0,0,0,1342.06628171429,8.32287966076747e-05,0.0214850521254286,"09",16.9890763584152,1.53875398406974,16.7049813317946,11.8598668954406,9.66503026526786,13.5096401854074,-38.3373476286071,18.3861147691511,0.075262723408259
120,0.00396385382989776,13.50895195125,2.17140415675,19.09019683,-4.271757238,0,0,0,1348.307362,0.000131519236372955,0.0337425685921442,"09",15.6823349423611,1.923137578974,14.8677865739365,11.8980233510236,11.8189399827778,14.1933267537047,-43.7695383508651,16.7766270936965,0.0728604661092935
121,0.00398626609950077,11.7286918128571,2.19163583871429,27.3327205742857,81.0174440428571,0,0,0,1353.971025,0.000153931505975965,0.0393808051499542,"09",13.3004089513555,1.76966577262082,13.8694929332792,11.0448477923009,11.202833673961,13.1364665025044,0.914970280188308,64.366201101682,0.0704792594754454
122,0.00399072067422634,9.550159701,2.89553014475,18.99457775275,264.9578158375,0,0,0,1358.672093875,0.000158386080701535,0.0404976617283292,"09",11.5595620943125,1.86996434276653,12.5677721530857,10.7116066930827,11.7771267044286,12.798847069865,71.1971775481821,111.706478474419,0.0731806579289236
123,0.00402555330792797,9.00372989214286,3.54856505057143,2.215195299,409.765052614286,0,0,0,1362.69042628571,0.000193218714403165,0.0491881960436125,"09",10.4454307413321,2.48171637810795,12.5816430098571,9.88292803205268,10.4728316798024,11.9225606894275,180.875216705336,200.592030098058,0.0704821909620987
124,0.00407645637089023,8.711608997,12.93458538575,0.001612578,517.0345012375,0,0,0,1365.370649875,0.000244121777365425,0.0617539009756864,"09",8.98544903359881,2.07128016432797,11.7190834965619,9.05897395920868,8.10731950490357,10.9224533976548,324.760045448569,210.164012868498,0.0682060270020317
125,0.00412940086251499,8.68496719014286,18.2050683914286,0,554.925572071429,0,0,0,1365.72727842857,0.000297066268990185,0.074658153028377,"09",8.96833403131138,2.00221748503554,11.7950523646362,8.75707421935984,7.6007128219721,10.7449086070906,336.777198935377,208.650209197432,0.074658153028377
126,0.00418291161901917,9.41267999525,21.50240520125,0,474.0524082125,0,0,0,1363.251339,0.000350577025494365,0.0875333895038208,"09",10.2451052607131,2.46776123874586,11.1945163770381,9.56751777895888,10.6205113664024,11.79662652553,212.834401341907,195.966610772862,0.074740989945796
127,0.00423659232583742,10.9506374714286,20.8061047014286,0,237.012116557143,0,0,0,1358.95041457143,0.000404257732312615,0.100285074945337,"09",11.3768891494659,1.87460754065074,11.6884774250552,10.5721056350535,12.4332586179123,12.3355193507539,88.8117810290292,121.01041448364,0.076448957548983
128,0.00429027349019181,12.186076185,20.474610685,0,77.2116118475,0,0,0,1353.864594,0.000457938896667005,0.112876306815362,"09",13.4118422279911,1.82425808975306,13.2089811581071,11.4109902627318,12.3231170413571,13.2816234414117,-6.71469387654286,62.3848122335395,0.0733057292981065
129,0.00434382986583762,13.3752620014286,23.3469003371429,0,13.6950732914286,0,0,0,1348.39942942857,0.000511495272312815,0.125282241534403,"09",15.326182088539,1.89627377534734,12.5795818854578,11.7970527159893,13.7637451627922,13.4992222816055,-34.5899255809286,25.8153786257984,0.0763823907226853
130,0.00439711193054465,14.800775875,23.90114708375,0,-34.3273463475,0,0,0,1342.326878,0.000564777337019845,0.137473770704885,"09",16.5826820998214,1.50420889906151,13.9247304098527,12.3881090004051,13.296307480625,14.4145558109719,-40.6790157845,14.5739417956059,0.077707163012024
131,0.00444992734139066,16.4050571128571,26.33143877,0,-65.7466723157143,0,0,0,1335.512314,0.000617592747865855,0.149413592711169,"09",18.6903096798725,1.50800387204427,12.0861603304975,12.0172340464763,15.4895237807398,14.5392345381881,-26.9016095558214,15.8741580484619,0.0788602845702069
132,0.00450184068118118,18.32983029375,25.84437574,0,-35.4563444,0,0,0,1327.7135215,0.000669506087656375,0.161012177589154,"09",20.950289436199,1.71061186486286,12.4399766551913,12.2703852410641,14.7692855654592,13.836643454331,-6.41519427772703,8.33419565777544,0.0849494828098207
133,0.00455187422146958,20.17856581,27.7766090814286,0,-0.934406299571429,0,0,0,1319.05217257143,0.000719539627944775,0.172064888895317,"09",23.125485952398,1.95921410422995,12.549058314977,11.9107472841539,12.3293617062092,12.2462452065921,2.0797378292449,3.59459004917323,0.086092493931233
134,0.00459423017514281,22.00879930875,27.0774616025,0,7.51084414725,0,0,0,1309.49414,0.000761895581618005,0.181327030176446,"09",24.1143255999643,1.51907650989725,16.5362678111107,12.1417364457373,7.13609143065714,10.3134604279792,3.93618521031071,2.28324125916469,0.0878214142899141
135,0.00459254493270645,23.7784846585714,27.14826579,0,4.67478776785714,0,0,0,1299.15517314286,0.000760210339181645,0.180960145736849,"09",25.6306430367143,1.47665804752731,16.6246724559286,11.8695792699456,2.53365324354642,5.66449125717318,3.08225819602857,1.84548820597271,0.0859490870798685
136,0.00454864158746513,25.42850916625,27.185514715,0,2.9997604985,0,0,0,1287.998108625,0.000716306993940325,0.171354460137819,"09",26.7546546939286,1.11218023923885,18.7870033251607,8.97167130994979,0.001848432075,0.00413321977149099,2.48284937928572,0.914106195387112,0.0688097156794165
137,0.00449851476651762,27.0136662785714,26.9884799942857,0,2.99811148314286,0,0,0,1276.162349,0.000666180172992815,0.160273114613172,"09",27.6659344408571,0.791033034457394,18.784477465975,3.43504647143604,0,0,2.39907322593214,0.821609244679212,0.0636415421640833
138,0.00444652548457413,28.53173012625,20.521030586375,0,2.998074051,0,0,0,1263.5693515,0.000614190891049325,0.148648825680442,"09",28.1250272920982,0.561793488472564,11.9543213292946,4.86397717488297,0,0,2.24857893333929,0.865485638824686,0.0663466281346203
139,0.00439371467650235,28.8422122942857,8.36422848842857,0,2.99811148314286,0,0,0,1250.559952,0.000561380082977545,0.136700861788354,"09",27.9827338577679,0.449238831730561,16.89091746125,0.675762218577463,0,0,2.24856021726786,0.865464027366931,0.0651363403929866
140,0.00434043262117067,28.41660836,17.2568079975,0,2.998074051,1.25,0.625,0,1237.6168725,0.000508098027645865,0.124499850452353,"09",28.0311844674554,0.412691801909656,17.8943948284821,2.36555189982117,0,0,2.24857893333929,0.865485638824686,0.0668483885158088
141,0.00428689548675045,28.3586415728571,16.6703544957143,0,2.99811148314286,2,1,0,1224.81576142857,0.000454560893225645,0.112088633505829,"09",28.2650698930804,0.412870954705267,18.2915526116518,2.24777986919669,0,0,2.24856021726786,0.865464027366931,0.0788592172747051
142,0.00423322405026882,28.43582501375,16.63751925875,0,2.998074051,2,1,0,1211.970671875,0.000400889456744015,0.0994897151601757,"09",28.5117541726339,0.584455798413342,17.8924751569553,1.01572512091656,0,0,2.24857893333929,0.865485638824686,0.0788868738413218
143,0.00417952877042429,28.5867630228571,16.9381186071429,0,2.99811148314286,2,1,0,1199.10457528571,0.000347194176899485,0.0867243317309789,"09",28.6524459058482,0.564787698285541,13.9175751684822,4.79246356287164,0,0,2.24856021726786,0.865464027366931,0.0763553103590794
144,0.00412592849365664,28.706069395,17.533548895,0,2.998074051,2,1,0,1186.142348,0.000293593900131835,0.0738169100375305,"09",28.6554752807589,0.379726822694131,14.6525311329465,1.57176489937532,0,0,2.24841955973215,0.865669704439354,0.0719708393791301
145,0.00407259296944375,28.81354759,14.6246076371429,0,2.99811148314286,2,1,0,1173.164305,0.000240258375918945,0.0608057163519931,"09",28.6692855639286,0.294049768932661,13.7842934903572,2.54445384465118,0,0,2.05563057823661,1.13292953680063,0.0654283240984076
146,0.0040199721972636,28.68437848,10.09435701375,0,2.998074051,2,1,0,1160.150044375,0.000187637603738795,0.0478008133506469,"09",28.6667943466518,0.326792721773923,14.524588099375,2.73509773286687,0,0,1.87359584233929,1.43561974785209,0.0574910188572477
147,0.00397068867485043,28.3890098385714,10.5350765642857,0,2.99811148314286,2,1,0,1147.27012142857,0.000138354081325625,0.0354653765465596,"09",28.7045937096429,0.483831350861478,14.8425483370982,2.7786239408492,0,0,2.50624816511161,0.70681825678694,0.0494859277102461
148,0.00393015258350332,28.08557699375,10.780542295,0,2.998074051,2,1,0,1134.49946325,9.78179899785146e-05,0.0252040778621243,"09",28.694674084509,0.633699052006632,15.7734884753125,3.53409223411522,0,0,2.46993464726786,0.708963202698817,0.0411690846784881
149,0.00389780953542005,27.8220469914286,10.5669734514286,0,2.99811148314286,2,1,0,1121.88524657143,6.54749418952448e-05,0.0169405653891497,"09",28.6326895700893,0.757534505824663,16.3262140103125,2.13517218943477,0,0,2.24807936251786,0.866019633524557,0.0330856245250509
150,0.00390989408877259,27.58210255875,13.2272351725,0,2.998074051,2,1,0,1109.359195875,7.75594952477847e-05,0.0200361139075325,"09",28.6369888048571,0.759706392303259,16.7632994731428,1.16314990888078,0,0,2.39847795687143,0.82106493624943,0.0327441587751948
151,0.00394860933329198,27.3942877757143,15.1291483628571,0,2.99811148314286,2,1,0,1096.96166371429,0.000116274739767175,0.0298892766984871,"09",28.6374898246786,0.814280363572294,17.3686276751786,1.48314641336277,0,0,2.39847047044286,0.821058102106425,0.0288737386167758
152,0.0039710536427651,27.3554361075,19.7166029675,0,2.998074051,2,1,0,1084.587956625,0.000138719049240295,0.0355572878403638,"09",28.6902790029286,0.753609922109474,17.3316939623214,1.46140088310526,0,0,2.39847795687143,0.82106493624943,0.0259384229410061
153,0.00396032771848074,27.6287490471429,18.58295619,0,2.99811148314286,2,1,0,1072.19581585714,0.000127993124955935,0.0328526062561654,"09",28.6845001850446,0.716218966099929,17.3226491963839,1.56214355295939,0,0,2.24856957530357,0.865474833230721,0.0213290623257038
154,0.00394688803284039,28.01416635,17.21487546625,0,2.998074051,2,1,0,1059.60471425,0.000114553439315585,0.0294532559247633,"09",28.8755174821071,0.655643041793985,16.2160607194286,1.24983438653596,0,0,2.09866680855714,0.821059810615511,0.0159780791762205
155,0.00392449790124397,28.1771429714286,14.3440613385714,0,2.99811148314286,2,1,0,1046.91748942857,9.2163307719165e-05,0.0237642472539399,"09",28.8678745781429,0.653696247396569,16.1023989882179,3.50869744810776,0,0,2.09866306534286,0.821063227687014,0.00892394346554435
156,0.00388637873603708,28.0633098825,9.855704031625,0,2.998074051,2,1,0,1034.191928,5.4044142512275e-05,0.014003635575258,"09",28.8717903358928,0.697874934493233,15.9110986687143,3.20638875381014,0,0,2.09866680855714,0.821059810615511,0.00399380308044714
157,0.00384957076615423,27.8306389042857,10.3295121685714,0,2.99811148314286,2,1,0,1021.57339242857,1.7236172629425e-05,0.00448748072205252,"09",28.7980727445089,0.856191569142591,15.2188286263884,3.65304610100589,0,0,2.24856489628571,0.865480236061431,0.00157346006314825
158,0.00382382104207988,27.58228622,10.122983292875,0,2.998074051,2,1,0,1009.046648625,-8.5135514449248e-06,-0.00222397640193872,"09",28.9227386345982,1.04973401383185,13.8187782903928,4.01435782659389,0,0,2.24857425432143,0.865469430332555,-0.00244348991443184
159,0.0038120795446246,27.3533435414286,10.5859252685714,0,2.99811148314286,2,1,0,996.649225014286,-2.02550489002049e-05,-0.005299319321459,"09",28.9418075759375,1.22967185209181,15.4082794325446,2.73714793149932,0,0,2.24856489628571,0.865480236061431,-0.00631630604087539
160,0.00378194499875869,27.10818392625,11.626776,0,2.998074051,2,1,0,984.336577525,-5.03895947661149e-05,-0.0132357443549243,"09",28.9043783762946,1.34897692324057,16.4181355178125,1.38210670933195,0,0,2.24857425432143,0.865469430332555,-0.0105599872868614
161,0.00374073467542779,26.9067474785714,15.3192237328571,0,2.99811148314286,2,1,0,972.1479779,-9.1599918097015e-05,-0.0241921418805386,"09",28.9211167357589,1.37167072869965,17.285729456875,1.55063037417576,0,0,2.24860461859822,0.865526104722463,-0.0145288577472921
162,0.00370622166020778,26.912226605,18.99262742625,0,2.99823294025,2,1,0,959.992269625,-0.000126112933317025,-0.0334612337991969,"09",29.0334032355714,1.13993682977972,15.9090440426429,2.66904290312502,0,0,2.09818958161429,0.820406760853997,-0.0171886710702141
163,0.00368881346406126,27.0747128414286,18.4105393828571,0,2.99572534842857,2,1,0,947.809994614286,-0.000143521129463545,-0.038169319031816,"09",28.9596506113214,1.01617369717397,15.0169261188857,4.72783303951731,0,0,1.87001669606786,0.648906647381871,-0.0184252943199676
164,0.00370802114426591,27.1960561625,18.4402955325,0,1.8529027295,2,1,0,935.5405024125,-0.000124313449258895,-0.0329758210355804,"09",28.8159407841071,0.975472331589854,15.5246179823571,4.16944750409788,0,0,1.93490034140625,0.717865899650529,-0.0221100621509475
165,0.00375185793943084,27.3619781328571,19.4298937471429,0,1.74149507242857,2,1,0,923.237010671429,-8.04766540939651e-05,-0.0212230035729881,"09",28.8594276338571,0.697162939027753,15.2350613136357,3.58134352785489,0,0,2.55332502354643,0.667190195170488,-0.0264591419299395
166,0.00379834328751274,27.6620720025,19.04070649375,0,2.996145072375,2,1,0,910.7942468125,-3.39913060120648e-05,-0.00890917700489258,"09",28.7430202256071,0.515911878784639,16.2385803050357,1.4439668783116,0,0,2.69753263599643,0.669970960014782,-0.0294558609822679
167,0.00382919169901238,27.9175109628571,15.5102851614286,0,2.99811148314286,2,1,0,898.238456385714,-3.14289451242488e-06,-0.000820435638193118,"09",28.6354970380714,0.507687335212008,16.6516770114286,1.20947606853429,0,0,2.54304127001429,0.673473994471992,-0.0318584226187879
168,0.00381162426395063,27.86788327625,14.77750737375,0,2.998074051,2,1,0,885.621019,-2.0710329574175e-05,-0.00541875750373944,"09",28.5292205095089,0.600292979209109,17.3084417713393,0.63217080359556,0,0,2.24903497215179,0.864959364571452,-0.0337861658007244
169,0.00379294667641092,27.7703514114286,16.9855261514286,0,2.99811148314286,2,1,0,873.058644542857,-3.93879171138849e-05,-0.0103309674764427,"09",28.4480990974553,0.607954494979088,17.7897757707589,1.18977503498274,0,0,2.24856021726786,0.865464027366931,-0.0341463409234194
170,0.00381070142266264,27.72191589375,18.84601445625,0,2.998074051,2,1,0,860.512740625,-2.16331708621652e-05,-0.0056608991560978,"09",28.5609287307857,0.621831926742969,17.3220431114286,1.32292755650775,0,0,2.09867055177143,0.821073478794866,-0.0322850139990337
171,0.00384389199526881,27.7440869571429,18.4999030357143,0,2.99811148314286,2,1,0,847.9970423,1.1557401744005e-05,0.00301122173563062,"09",28.54723310325,0.58388977025281,17.2124937108214,1.46166774241899,0,0,2.09904511792857,0.820697748017117,-0.0303868587541156
172,0.00386325201019799,27.86527969875,17.7404410125,0,2.998074051,2,1,0,835.4285283875,3.09174166731852e-05,0.00803514632645452,"09",28.5450373309643,0.530950537661267,16.8244507833214,0.75022954278238,0,0,2.3179683153,0.765041523520578,-0.0282451357478636
173,0.00387529075456097,28.0513747642857,17.5230197942857,0,2.99811148314286,2,1,0,822.808105,4.29561610361651e-05,0.0111465212014696,"09",28.5436974051072,0.480735381778888,17.0469590244643,0.918423392979188,0,0,2.64154279398929,0.597655147817255,-0.0260560214793417
174,0.0038973206077123,28.23361752,17.5553254175,0,2.998074051,2,1,0,810.078883525,6.49860141874949e-05,0.0168151209932592,"09",28.4611003524107,0.460124170386173,17.0647398522322,0.663660551225317,0,0,3.00121733860268,0.00631329146304794,-0.0221025571094982
175,0.00391256020418063,28.4040066571429,17.4813250071429,0,2.99811148314286,2,1,0,797.296783214286,8.02256106558247e-05,0.0207177709280186,"09",28.4776262526339,0.448274153700946,16.7978220570536,0.661351628596251,0,0,2.99817721560714,0.000182230793353928,-0.0166635231862277
176,0.00389319124446684,28.56830517875,17.3662233625,0,2.998074051,2,1,0,784.4131922625,6.08566509420348e-05,0.0157550202952503,"09",28.4937191691071,0.464568249736901,16.9364969644196,0.40811933401035,0,0,2.99809276707143,2.16114577565687e-05,-0.013528258652339
177,0.00386184185071257,28.7185233428571,17.3613088842857,0,2.99811148314286,2,1,0,771.480665528571,2.95072571877648e-05,0.00767006093332778,"09",28.5076448107589,0.477264474506327,16.9859751294643,0.484975854709529,0,0,2.99809276707143,2.16114577565687e-05,-0.0151184017578705
178,0.00384646898767035,28.8520239425,17.52382419875,0,2.998074051,2,1,0,758.4639142625,1.4134394145545e-05,0.00368140937355665,"09",28.4536830449107,0.459151352073949,17.4456167336161,1.20615980810823,0,0,2.99809276707143,2.16114577565687e-05,-0.0205032701357586
179,0.00384945557524007,28.7864002314286,16.3574998071429,0,2.99811148314286,2,1,0,745.444713728571,1.71209817152649e-05,0.00445755722106167,"09",28.4166438853571,0.438965910988666,17.7750173929464,0.473842126658154,0,0,2.99809276707143,2.16114577565687e-05,-0.0261874370627652
180,0.00383299363248702,28.65428871875,18.4313477525,0,2.998074051,2,1,0,732.462047575,6.59038962215041e-07,0.000171953222930732,"09",28.2946859899286,0.476942769758299,17.7992380125357,0.755070355727532,0,0,2.99815562426072,0.000120720817017604,-0.0307035632105846
181,0.00378944889511933,28.6139430528571,19.07809611,0,2.99811148314286,2,1,0,719.542745228571,-4.28856984054748e-05,-0.0112535733770294,"09",28.2909536952679,0.463521906816065,17.919516681131,0.664576292651152,0,0,2.79895450062202,0.484597449540753,-0.0358583471784588
182,0.00374436475084529,28.70506192125,18.63599259,0,2.998074051,2,1,0,706.5856214,-8.7969842679515e-05,-0.023222194683215,"09",28.3025726784821,0.510364468347046,17.3404601822917,1.1230118736901,0,0,2.55004859769345,0.701084866384813,-0.0418966686435819
183,0.00372453575823109,28.8011935885714,18.1602033042857,0,2.99811148314286,2,1,0,693.607946714286,-0.000107798835293715,-0.0285319557776633,"09",28.3532581604762,0.57083236517565,16.7164359756845,1.07980841115205,0,0,2.49824425091667,0.774347551526304,-0.0449464922215967
184,0.00372704570430388,28.9366057775,17.57873996625,0,2.998074051,2,1,0,680.5501473125,-0.000105288889220925,-0.0278582877481401,"09",28.431169037381,0.613851492080287,16.4140154674107,1.88510764063982,0,0,2.49841687791667,0.774109056444079,-0.0427415316184897
185,0.00372006511198101,29.04203523,17.4088351071429,0,2.99811148314286,2,1,0,667.463340985714,-0.000112269481543795,-0.0297329997947511,"09",28.5355720675595,0.647963691082628,15.9302257358631,2.4801357608483,0,0,2.49835513888988,0.774175713676691,-0.0367656721782209
186,0.00370483865096674,29.13426192625,18.1185645375,0,2.998074051,2,1,0,654.3099412875,-0.000127495942558065,-0.0338344622339148,"09",28.8489865941071,0.628635868536202,14.5454993949214,3.10193618668629,0,0,2.39972760089643,0.819374424421349,-0.027737337150686
187,0.00370069340740299,29.2346577885714,17.8203690842857,0,2.99811148314286,2,1,0,641.133071814286,-0.000131641186121815,-0.0349539615087968,"09",29.1107471088214,0.713388849012186,13.2227414290857,4.70920300370219,0,0,2.63742141746071,0.646878395355845,-0.0236438334383731
188,0.00372538651236039,29.3297985075,17.3613154025,0,2.998074051,2,1,0,627.8934297875,-0.000106948081164415,-0.0283035630295894,"09",29.3118298706786,0.769906099858357,14.4495620513786,4.51822179916008,0,0,2.93614593308929,0.139096962808252,-0.0210124947416507
189,0.00377018260653221,29.2541950942857,17.2918852414286,0,2.99811148314286,2,1,0,614.666187042857,-6.21519869925952e-05,-0.0163507344718212,"09",29.3587399166429,0.761798308912817,16.9287948551071,1.64133679314458,0,0,2.99827371702857,0.000446466812684305,-0.0177395541357407
190,0.00381663578627647,29.15448877875,19.1549547275,0,2.998074051,2,1,0,601.4615829625,-1.56988072483352e-05,-0.00410482146001456,"09",29.3520063658214,0.690614435777505,17.1331390702143,1.2323194366417,0,0,2.99810399671429,1.67401631956911e-05,-0.0130636220670165
191,0.00384822510351506,29.1058830057143,17.9694153742857,0,2.99811148314286,2,1,0,588.309078485714,1.58905099902551e-05,0.00413785788437337,"09",29.34706310975,0.590444707534933,17.2611711945714,1.49045242754562,0,0,2.99824969457857,0.000372178891547511,-0.00757170472580757
192,0.00382360043813474,29.07423844625,17.47978046375,0,2.998074051,2,1,0,575.160252525,-8.73415539006479e-06,-0.00228167008078284,"09",29.4432308886607,0.443745335262571,15.8058470109464,4.71591354962876,0,0,2.99831232154464,0.00040167680356995,-0.00418484569915822
193,0.0037785721240871,29.0610033042857,18.3543513314286,0,2.99811148314286,2,1,0,562.037037971429,-5.3762469437705e-05,-0.0141279782461563,"09",29.5660990089732,0.432657016084721,16.2464945021607,4.64027236315851,0,0,2.968059899,0.060028304,-0.00475828493037742
194,0.00374030750477516,29.0426936025,19.94630143125,0,2.998074051,2,1,0,548.9053055,-9.2027088749645e-05,-0.0243063427181722,"09",29.5374141790625,0.453854776598882,17.8751346603572,0.795872721574271,0,0,2.62018971466965,0.75584353694643,-0.00936840746371592
195,0.00371366553570683,29.0952282785714,18.6512847471429,0,2.99811148314286,2,1,0,535.786745742857,-0.000118669057817975,-0.0314547672319243,"09",29.4910032900447,0.506489190110675,17.6630187404018,0.642110715687177,0,0,2.62323502510714,0.749678051785715,-0.0160943473625171
196,0.00369196357047404,29.18361609,17.85235088875,0,2.998074051,2,1,0,522.617435975,-0.000140371023050765,-0.0373157215030053,"09",29.478560788884,0.616407342801278,17.8788896578125,1.03383099007642,0,0,2.62346824416072,0.749620849719171,-0.0225821066626679
197,0.00366696241600592,29.2995351714286,18.0012468857143,0,2.99811148314286,2,1,0,509.4166953,-0.000165372177518885,-0.0441105309698386,"09",29.4982615874107,0.75159795917546,17.5239164813839,0.784095670034794,0,0,2.53488163054911,0.710400603417222,-0.0270675649764765
198,0.00365845744170555,29.4238544375,18.29579198125,0,2.998074051,2,1,0,496.14407655,-0.000173877151819255,-0.0464325761371764,"09",29.3550917055,0.838949190259576,16.8314072513929,0.825482319679108,0,0,2.35076029975714,0.781851483661545,-0.0286685723785792
199,0.00367953702222279,29.4697416414286,15.53189275,0,2.99811148314286,2,1,0,482.844186942857,-0.000152797571302015,-0.0406872357636345,"09",29.280755976,0.946852189164133,15.1967593064286,2.94889024764723,0,0,2.64963132203571,0.651829883516924,-0.0263937270118296
200,0.00371786009389115,29.2584176425,13.0790097325,0,2.998074051,2,1,0,469.5662794,-0.000114474499633655,-0.0303259119400421,"09",29.1412319045357,0.923887202167984,13.37951048465,5.87490102313797,0,0,2.698269982275,0.670381143670666,-0.0197537728651459
201,0.00376693951020478,28.9639088757143,14.2072030185714,0,2.99811148314286,2,1,0,456.420253071429,-6.53950833200251e-05,-0.0172113007174755,"09",28.9881619673571,0.791185064257621,13.9899904574036,5.21183681283708,0,0,2.69827413232857,0.670393923198159,-0.0129071364012345
202,0.00381886471724957,28.7292020825,15.71532286875,0,2.998074051,2,1,0,443.3835490875,-1.3469876275235e-05,-0.00352098783260502,"09",28.8579198265357,0.635244672747612,14.7672350405357,3.63119097416919,0,0,2.6982928484,0.670393923198159,-0.00223203454170371
203,0.00387093491175011,28.50609862,16.0508978642857,0,2.99811148314286,2,1,0,430.4623201,3.86003182253048e-05,0.0100218849346883,"09",28.75171800975,0.504897878226295,15.8424298626786,2.10572547946174,0,0,2.69827413232857,0.670393923198159,0.00663640243386989
204,0.00392275986970506,28.34981141875,16.67175479625,0,2.998074051,2,1,0,417.61460025,9.04252761802552e-05,0.0233212819343942,"09",28.8426113544345,0.509724445371443,15.2660980912797,2.68435588136978,0,0,2.74825638216667,0.611980831437989,0.012434656595066
205,0.00397485501386224,28.2542073171429,19.3460362042857,0,2.99811148314286,2,1,0,404.839177428571,0.000142520420337435,0.0365141000705913,"09",28.7731450616071,0.405250997138259,14.9590470126786,2.43552982749492,0,0,2.74824702413095,0.611985415920486,0.0149944501908283
206,0.00402562899932902,28.20513577875,17.838389085,0,2.998074051,2,1,0,392.0796161625,0.000193294405804215,0.0492069985986374,"09",28.7256791324702,0.325126897279002,14.9205543074405,1.7893466599864,0,0,2.74825638216667,0.611980831437989,0.0162510037158192
207,0.00406925202354163,28.1651443314286,16.9571305957143,0,2.99811148314286,2,1,0,379.354936714286,0.000236917430016825,0.059985031111621,"09",28.67760764625,0.305033625078661,15.4041230274286,1.39465816099798,0,0,2.69828161875714,0.670398108304271,0.0170785947883325
208,0.00407282719669102,28.14914265625,16.438185055,0,2.998074051,2,1,0,366.629227575,0.000240492603166215,0.060863227747797,"09",28.73470206925,0.322181432880108,16.3916615673929,2.02724746454724,0,0,2.69828536197143,0.670389738222677,0.0172731778077322
209,0.00408107036050234,28.1695680728571,19.1536382185714,0,2.99811148314286,2,1,0,353.915760557143,0.000248735766977535,0.0628851237452697,"09",28.8684906880357,0.466446022442763,15.1494482364018,3.17335223000191,0,0,2.62333351069643,0.749530990338663,0.0177059837609543
210,0.00410586578570084,28.226407835,17.92642174375,0,2.998074051,2,1,0,341.179703525,0.000273531192176035,0.0689424570295634,"09",29.0537232433482,0.547115917380963,14.5102309576696,4.17139543711766,0,0,2.62332883167857,0.749515393612476,0.0177870077315112
211,0.0040917627059925,28.3711603557143,18.18171447,0,2.99811148314286,2,1,0,328.404773942857,0.000259428112467695,0.0655016830807744,"09",29.2208356734821,0.623814515836204,14.0423697026384,5.51115813936453,0,0,2.62333351069643,0.749530990338663,0.0160380550939355
212,0.00404669258607551,28.5089161975,17.90170408375,0,2.998074051,2,1,0,315.551674475,0.000214357992550705,0.0544257287514345,"09",29.273018931875,0.606081601800541,15.9850690143393,2.1411472818008,0,0,2.62332883167857,0.749515393612476,0.0126603857440363
213,0.00399695868716946,28.6560974157143,17.6822587471429,0,2.99811148314286,2,1,0,302.644324042857,0.000164624093644655,0.04205957070661,"09",29.1580709031697,0.400787892107772,17.4442461827232,1.71184976019137,0,0,2.62333351069643,0.749530990338663,0.00784094614046396
214,0.00394673423870028,28.78014744,18.09410447,0,2.998074051,2,1,0,289.6650662375,0.000114399645175475,0.0294142892423093,"09",29.0319306417411,0.20381222433593,17.5587640889286,1.73733010900342,0,0,2.62332883167857,0.749515393612476,0.00314720719977704
215,0.00389822086411549,28.9119713214286,18.1068141842857,0,2.99811148314286,2,1,0,276.641595171429,6.58862705906851e-05,0.0170460879856993,"09",28.8981872150447,0.180540509966674,18.3399011081696,1.12660908267277,0,0,2.62333351069643,0.749530990338663,0.00165094299826372
216,0.00386401186657429,29.0248560375,17.8681755025,0,2.998074051,2,1,0,263.55205295,3.16772730494849e-05,0.0082318152564147,"09",28.7795688023661,0.408344851661605,18.8198695561607,1.15314549532413,0,0,2.62332883167857,0.749515393612476,0.00459565383767426
217,0.00388182619195374,29.1496118357143,18.0823097971429,0,2.99811148314286,2,1,0,250.414040671429,4.94915984289349e-05,0.0128315386675357,"09",28.7407669686161,0.590663620584493,18.4394285484375,1.32667990895831,0,0,2.62333351069643,0.749530990338663,0.0105847707312065
218,0.00392488532023574,29.24595036375,17.86373537625,0,2.998074051,2,1,0,237.2185044,9.25507267109352e-05,0.023862960483064,"09",28.7557878224553,0.708021344495797,17.2241092582589,0.602387674806604,0,0,2.62332883167857,0.749515393612476,0.0178182138618631
219,0.00396221429705608,29.3316257928571,16.6381091057143,0,2.99811148314286,2,1,0,223.977085728571,0.000129879703531275,0.0333288621244652,"09",28.784375702991,0.826413074836259,17.6351706810268,0.506694629872048,0,0,2.623458886125,0.7496146140192,0.0252238508950556
220,0.00395012216039811,29.39450778,18.02769535125,0,2.998074051,2,1,0,210.72586145,0.000117787566873305,0.0302723324049712,"09",28.8177036563839,0.925603694372498,17.7470116543304,0.623609357243422,0,0,2.53589511642857,0.710617781969938,0.0309819019536535
221,0.00391913600040942,29.3915614157143,17.38425665,0,2.99811148314286,2,1,0,197.448797014286,8.6801406884615e-05,0.0223970489373739,"09",28.7211053194286,0.89654610560703,16.9484475819643,1.39270622890506,0,0,1.681710223375,1.27696882011743,0.0349519373156852
222,0.00391513158496107,29.2975977425,18.170179605,0,2.998074051,2,1,0,184.0858915125,8.27969914362647e-05,0.0213747668538931,"09",28.7741245821428,0.92598918677649,15.9721641013572,1.68130505300419,0,0,1.86862576524643,1.13222158954846,0.0381184062770856
223,0.00390886310518118,29.2351759228571,17.2161374071429,0,2.99811148314286,2,1,0,170.8452519,7.6528511656375e-05,0.0197723933326541,"09",28.8402569795,0.841463764917962,14.5512970653214,3.21082484102711,0,0,2.14074259048214,0.787544428346047,0.0402623222418307
224,0.00388247574723197,29.19101150125,18.37927984,0,2.998074051,2,1,0,157.6418792875,5.01411537071651e-05,0.0129988570608965,"09",28.9777491270357,0.631397220811443,11.82983806275,3.60611099053138,0,0,2.44065778235357,0.765939704557482,0.0360524180069882
225,0.0038476254074462,29.1362649085714,17.8725379328571,0,2.99811148314286,2,1,0,144.472597614286,1.5290813921395e-05,0.00398200868911314,"09",28.9648910478214,0.637365211709916,13.6125530926214,4.62680700858113,0,0,2.69783616966429,0.670149912319218,0.0376797125225788
226,0.00381088798402265,29.06932155625,12.848658102125,0,2.998074051,2,1,0,131.3215709875,-2.1446609502155e-05,-0.00561194313257118,"09",28.6682198155714,0.802403430396745,14.0060447745964,7.44257870857088,0,0,2.69821683950714,0.670351474524395,0.0416005471826362
227,0.00378632425968074,28.60023884,3.72562975428571,0,2.99811148314286,1.42857142857143,0.714285714285714,0,118.271677,-4.60103338440652e-05,-0.0120784754614602,"09",28.0911295104286,0.99956762598852,15.199453289,9.26484543789056,0,0,2.76893159309286,0.726243919867684,0.0458807130497524
228,0.00377817304192397,27.66333934875,3.87538598825,0,2.998074051,0,0,0,105.5594466675,-5.41615516008349e-05,-0.0142336010094422,"09",27.3162586765714,1.10190287802419,17.5056950148821,9.49915282693364,0,0,3.06836955799286,1.07093657568443,0.0485063101799333
229,0.00378536697885025,26.7323618042857,12.377320461,0,2.99811148314286,0,0,0,93.28480912,-4.69676146745549e-05,-0.0123313333184827,"09",26.5084761815714,1.20831094160157,18.9205141355357,9.55558159514464,0.00976283908571428,0.021830371849049,3.29784632182857,1.25413216518729,0.0495750396459975
230,0.0037918694828052,26.34731851125,16.60384845625,0,2.998074051,0,0,0,81.3138651575,-4.04651107196049e-05,-0.0106150069473925,"09",25.111266903125,1.75792489215708,18.9139587346637,9.78543868621074,2.40653365377083,5.89477950057418,2.65626248379762,1.12720025142272,0.0511579065383813
231,0.00378436812311861,26.1941580271429,9.58065704842857,0,2.99811148314286,0,0,0,69.4428848,-4.79664704061949e-05,-0.0125952410239947,"09",23.8162799713095,1.76704528236247,17.9170240381905,11.1608344001732,4.23821791958632,9.85436534813252,2.35914707223512,0.69807693246436,0.0537243354881075
232,0.00377220896057206,25.6189012775,3.7979226265,1.095861040375,3.003705761125,0,0,0,57.71839857,-6.01256329527452e-05,-0.0158134104634238,"09",22.1412620546429,1.87519992024605,16.4676900837786,12.1538728574095,8.34021121817858,11.6061537470184,0.260224531617857,1.65219412205979,0.0552791192227676
233,0.00378101970922992,24.38915859,3.49989336114286,17.9249686571429,-0.038804895,0,0,0,46.3850118242857,-5.13148842948849e-05,-0.013480433982509,"09",19.6629642529643,2.1795331655394,16.3813041917393,12.4513196497131,10.0960023203214,13.8619209321591,-9.51391423502857,4.62766728178822,0.0732641414115845
234,0.00380337140310502,21.9333513225,2.852409924875,26.67909167875,-16.5765027405,0,0,0,35.89804956375,-2.89631904197849e-05,-0.00758628699969943,"09",17.4591525352806,1.64550369088533,15.0577894614286,11.6654165148211,11.533651878699,14.4459869046552,-32.7617153651174,17.3975711639171,0.0791759642865285
235,0.00381822613837437,19.18157183,2.49824851371429,28.5324140571429,-41.0676899828571,0,0,0,26.6320985914286,-1.41084551504348e-05,-0.00368821875129832,"09",14.7190913918254,1.93584086344726,14.6916466582143,11.6413242419111,12.0358079385714,14.2934391259611,-35.4875831323135,22.766086092324,0.0862466659047948
236,0.00382104767947636,16.44999950375,2.295550827875,28.168717645,-36.02221739125,0,0,0,18.72907874,-1.12869140484451e-05,-0.00294952519908431,"09",11.7636682384955,2.25934989090389,15.042992255119,11.0681806219457,11.0149054057292,13.641547599016,13.6890541098304,76.9326271916821,0.0966630174141626
237,0.00381708641098198,13.8848096185714,2.14285071357143,26.8207036271429,6.73447628971429,0,0,0,12.1066466452857,-1.52481825428249e-05,-0.00398675986893693,"09",5.56306877014434,4.80221780686593,9.77711537532292,9.10353323095446,14.4469780870543,16.228150313732,344.618832158749,253.11556607677,0.10208895818572
238,0.00383597377365383,11.4788362725,2.613209091,24.98065152875,143.74900595125,0,0,0,6.559603657,3.63918012902514e-06,0.000949148138823297,"09",5.00967675548558,4.00634027511973,8.02253393455838,7.82808890975708,11.6244888899581,15.8572575882762,444.482695360155,208.078186431494,0.0958363512320521
239,0.00388089274994819,10.2289712342857,2.76184801128571,5.65771696057143,303.2668594,0,0,0,1.72447199571429,4.85581564233849e-05,0.0125910451000149,"09",3.93641500472874,3.66250290064122,6.6153492164915,6.69911503251381,12.7539395392066,16.6213459898764,510.127169814283,163.343556583079,0.0979922111309158
240,0.00393248811456069,9.747001831875,2.819248964875,0.0205956305,418.0151615,0,0,0,-2.367460033875,0.000100153521035885,0.0257981609841549,"09",7.084846569125,1.5365241476364,4.62803825291369,3.86780328479264,1.11801813020238,2.73169984442519,563.005825720238,59.5446013819398,0.115187248293065
241,0.00398526750706505,8.92987166,5.59006138585714,0,518.5731967,0,0,0,-4.60092441785714,0.000152932913540245,0.0391302655511332,"09",6.28309221670535,0.720356963237741,2.45216322410714,0.0216084303158649,0.004898122625,0.00692699144644151,608.956865600893,16.4244413935878,0.110496431105
242,0.00403848809911526,8.200078539,12.106502915625,0,538.4929551,0,0,0,-4.07608489175,0.000206153505590455,0.0523962157713562,"09",7.1653520311369,1.61077751962365,3.49812927802381,1.81173078021221,0.00326541508333333,0.00565586483213509,578.828975967262,53.4598011488487,0.112478824592607
243,0.00409184515004182,8.23003183328571,19.36030437,0,477.851135442857,0,0,0,-1.460517133,0.000259510556517015,0.0655218316628563,"09",4.2733245930989,3.88496407392681,3.57978986368132,2.69611420082103,16.4975981188503,18.6960796852796,578.382992102473,68.0452953188711,0.107473523251344
244,0.00414516332506086,9.25840108,19.46730996375,0,306.7159262375,0,0,0,2.311175913125,0.000312828731536055,0.0784680168166449,"09",4.22244028789042,3.81772173191385,6.44019007080032,6.58908672021414,12.4313839674505,16.2911753778921,500.724428431816,165.395411286575,0.102058933322863
245,0.00419828133515922,10.6040138042857,21.2461938214286,0,68.2485196522857,0,0,0,6.50550056257143,0.000365946741634415,0.0912010614179568,"09",4.78590327353357,3.91961195307733,7.49358753908357,7.50031835835648,12.0894684455564,16.0023195765134,459.532062388469,197.399663388991,0.0955923886102577
246,0.00425095780347843,12.06013632375,24.35127583375,0,-52.06853063625,0,0,0,11.173066297125,0.000418623209953625,0.103670148565199,"09",5.38952370584747,4.62936396935768,8.8802684125625,8.6544884900891,14.4471547961481,16.2279861824354,366.764562596197,239.800168768736,0.102176802095691
247,0.00430280474743627,13.9244555285714,24.6925629328571,0,-71.9796977714286,0,0,0,16.7305478128571,0.000470470153911465,0.115792902123677,"09",11.1975974163295,2.27591704269439,13.720692407711,10.8070103492176,12.0162604426136,13.8370952795463,51.9656220798312,112.125485232446,0.0984643327072742
248,0.00435265712468459,15.8528244525,24.0195619925,0,-53.968719585,0,0,0,23.35260008375,0.000520322531159785,0.127312316824613,"09",14.0616285522817,2.06679498774439,12.3467142439881,11.7396371823732,14.9489435166667,14.205290085093,-30.9578754881984,29.2885470689957,0.102101972875103
249,0.00439502709608679,17.6642846928571,24.5473654942857,0,-18.4073423071429,0,0,0,30.8861454428571,0.000562692502561985,0.136999521050007,"09",15.9441237630612,2.04299637804818,14.9328955600638,11.6385693756664,12.0887080317347,15.0783170689121,-42.7326114886225,18.1019453236521,0.0973084061340805
250,0.00439078130633227,19.4111735225,26.47057623,0,-4.99561352625,0,0,0,39.26107798,0.000558446712807465,0.136033010105558,"09",19.0837944848214,1.97056401598968,11.515213423275,12.1439290807155,15.8989660619286,14.5916656682308,-24.90148091455,13.6161474469573,0.0979879276770031
251,0.00434715574109319,21.17188356,26.0173683314286,0,-0.453700371142857,0,0,0,48.4211461042857,0.000514821147568385,0.126047603598456,"09",20.9599253443453,2.1677943147745,14.2609891480982,12.344228107319,11.400830043125,12.8038171597663,-6.48133021785714,5.93659324563278,0.0780766909023379
252,0.00429717973760034,22.82048602,25.61152816125,0,2.710228161,0,0,0,58.38008727625,0.000464845144075535,0.114484757785266,"09",22.7208685917857,2.1974444748628,14.3560621742321,12.0385686407278,7.13281952187798,10.7939340413641,0.71747140320238,1.85425039922286,0.0623883721913868
253,0.00424566599110611,24.3641220114286,25.3916701642857,0,2.44372989257143,0,0,0,69.0471935014286,0.000413331397581305,0.10242452134669,"09",23.7067115632857,1.95269608928855,16.4220948129714,11.7874585989519,5.08586150350358,10.7701856148315,2.34223050816786,0.779097541068993,0.0585943540739658
254,0.00419370486526687,25.80791872875,25.7262447575,0,4.4992279595,0,0,0,80.4058632975,0.000361370271742065,0.090110385116148,"09",24.971936538,1.92802431992905,17.5515015300964,10.2845194634902,2.887840384525,6.45740740796703,2.28766938865714,0.754499161775573,0.055053154396158
255,0.00414236208269502,26.9858937428571,24.2144856314286,0,4.49478109,0,0,0,92.3401815542857,0.000310027489170215,0.0777920026225178,"09",25.8980475792857,1.61076298300861,18.9913354186786,9.60580722937167,0.00976283908571428,0.021830371849049,2.69870125214286,1.25494129252629,0.0523967359436496
256,0.0040984309785691,28.05295139125,23.9292530225,0,3.35182542425,0,0,0,104.78965654125,0.000266096385044295,0.0671300386835894,"09",27.1320854979018,1.18016448226033,15.8998055129777,10.1547689268183,0,0,2.99750559142857,1.22299994023034,0.0503686830302989
257,0.0040840461760144,28.7734721557143,18.5882760414286,0,2.99760998157143,2.14285714285714,0.714285714285714,0,117.644630228571,0.000251711582489595,0.0636140332611639,"09",27.9205438491072,1.06685712863031,14.3522476008929,10.4720945754703,0,0,2.71176199597322,0.825500589113997,0.0476540450708936
258,0.00405107406311285,29.11374102375,13.561935583875,0,2.99823294025,3,1,0,130.7269058625,0.000218739469588045,0.055507873383779,"09",28.5568395135268,0.880774966867011,14.1170720722768,8.58916701658716,0,0,2.62321281432143,0.749438083212336,0.0429912798027505
259,0.00400207576507722,29.0132363271429,9.43156858157143,0,2.99572534842857,3,1,0,143.884760514286,0.000169741171552415,0.0433389947441958,"09",28.9528047279911,0.735304034589609,14.6577992203839,4.61080553434256,0,0,2.62336387497322,0.749551236050556,0.0382456407447405
260,0.00395400658731341,28.65239569875,11.0976467675,0,1.712322287625,3,1,0,156.901303475,0.000121671993788605,0.0312552179964678,"09",29.0590874841071,0.698171716025044,12.0128858865625,4.13706884110297,0,0,2.62274165603572,0.749124774424243,0.0355726980059361
261,0.00392818521984134,28.3538884485714,14.4111984857143,0,1.49616810514286,3,1,0,169.779482757143,9.58506263165353e-05,0.0247033705364164,"09",28.9618491122322,0.919520189343803,14.5863217102232,3.70643809804945,0,0,2.30188621181696,0.808611891358189,0.0347449848497842
262,0.00394545140789727,28.24264434375,15.036913125,0,0.351719445375,3,1,0,182.556394875,0.000113116814372465,0.0290892003913257,"09",28.9069946417411,1.01270838865478,16.2059768454465,1.84515389954861,0,0,2.24785234521429,0.866303821276767,0.0341936428974973
263,0.00393749879045239,28.16676457,15.9333281071429,0,0.561609111857143,3,1,0,195.300016571429,0.000105164196927585,0.0270715243332651,"09",28.8596905067857,0.97143580930844,17.2022274506696,1.46860910670853,0,0,1.96173550125447,1.28508292147225,0.0312407687966707
264,0.00390378722167073,28.11652268,18.67604522125,0,2.64833919,3,1,0,208.0069328,7.14526281459251e-05,0.0184729920072781,"09",29.0658418845357,0.950210509167405,17.1586348549286,0.689518253760028,0,0,2.21099237414286,1.12760026874061,0.0261179303941306
265,0.00388745693947946,28.1791616028571,17.3419410771429,0,2.99861298485714,3,1,0,220.722758028571,5.5122345954655e-05,0.0142810284779538,"09",28.9778552360714,0.866375061483975,17.8829867651429,0.606139423320714,0,0,2.62832716012857,0.649203870458715,0.0204458233923289
266,0.00387486539950816,28.29147294,16.90551472125,0,2.998074051,3,1,0,233.4794432125,4.2530805983355e-05,0.0110367543699876,"09",28.7781926535714,0.799052304232551,17.3529929117857,0.596253213815224,0,0,2.62347292317857,0.749611491683921,0.0123071417247308
267,0.00385760022175306,28.4027073657143,16.99940894,0,2.99811148314286,3,1,0,246.289597714286,2.5265628228255e-05,0.00657111382376296,"09",28.752047565,0.661340276574519,18.221218695625,1.3438047338642,0,0,2.623314794625,0.74951851275,0.00367852318709367
268,0.00384423911736148,28.50506568875,18.7204404125,0,2.998074051,3,1,0,259.14192365,1.19045238366751e-05,0.00310152250672591,"09",28.7851857878571,0.470607280380873,18.5899730442857,1.46109047420346,0,0,2.62334754775,0.749527870785715,-0.00397918142789147
269,0.00382389513450447,28.6474319171429,18.6035438314286,0,2.99811148314286,3,1,0,272.052327571429,-8.43945902033504e-06,-0.00220460004932743,"09",28.880916448125,0.266877894066879,18.5876714071875,0.870378363064963,0,0,2.623314794625,0.74951851275,-0.00892530572854708
270,0.0037879334982482,28.87502019875,16.9667214525,0,2.998074051,3,1,0,285.0412844625,-4.44010952766051e-05,-0.0116535523599204,"09",28.9796146417857,0.280869639052622,18.3657692392857,1.04398331152562,0,0,2.62334754775,0.749527870785715,-0.0102273429662257
271,0.00376352804310745,29.1290407542857,16.5491170614286,0,2.99811148314286,3,1,0,298.141760685714,-6.88065504173552e-05,-0.0181173446559031,"09",29.097673520625,0.425403712167414,17.5250108559375,1.68768203496411,0,0,2.623314794625,0.74951851275,-0.00733791599414904
272,0.00377858972212093,29.3708878075,17.32748158125,0,2.998074051,3,1,0,311.354873775,-5.37448714038749e-05,-0.0141233209333391,"09",29.2147619428572,0.604086381414182,15.7075748405,2.00749308469798,0,0,2.62334754775,0.749527870785715,0.00460665835567152
273,0.00381042107246348,29.43312296,15.2720755871429,0,2.99811148314286,3,1,0,324.654105457143,-2.19135210613249e-05,-0.00573447104583114,"09",29.2102899075,0.615086477536903,14.2817703354063,5.62019719438192,0,0,2.623314794625,0.74951851275,0.00866883099295869
274,0.003823369264145,29.28537522,14.83167936375,0,2.998074051,3,1,0,337.915448375,-8.96532937980478e-06,-0.00234213167348329,"09",29.1076976971429,0.566069540331031,14.7769998989643,4.28916300734771,0,0,2.62334754775,0.749527870785715,0.0105893622105211
275,0.00382957355840856,29.1125650485714,15.6124747057143,0,2.99811148314286,3,1,0,351.109636514286,-2.76103511624498e-06,-0.000720717374559143,"09",28.9279759528125,0.501191083548458,14.94932132475,3.1562671942755,0,0,2.623314794625,0.74951851275,0.0108303240803672
276,0.00381768632057787,28.94785714875,15.4098234925,0,2.998074051,3,1,0,364.2179363125,-1.46482729469349e-05,-0.00382960795295872,"09",28.7620176746428,0.410889310214416,16.2332429828571,2.25700606044069,0,0,2.62334754775,0.749527870785715,0.00969652890886815
277,0.00377627268241803,28.8545789671429,14.9685539042857,0,2.99811148314286,3,1,0,377.279119057143,-5.60619111067751e-05,-0.0147367112481165,"09",28.6458257525,0.347024947359957,15.907528645625,1.16970582043413,0,0,2.623314794625,0.74951851275,0.00766385625748622
278,0.00372663286962912,28.81546938875,16.48360619875,0,2.998074051,3,1,0,390.3024501,-0.000105701723895685,-0.0279690611494905,"09",28.6145902846429,0.339310989665552,15.2432057842857,1.29175557530925,0,0,2.62334754775,0.749527870785715,0.00541698468208366
279,0.0036770569070141,28.7936253714286,16.0546547428571,0,2.99811148314286,3,1,0,403.314398142857,-0.000155277686510705,-0.0413614921543175,"09",28.633950935625,0.389704496455041,15.446957876875,2.4644609662562,0,0,2.623314794625,0.74951851275,0.00317405882627853
280,0.00363499653829558,28.79050209625,15.77970743375,0,2.998074051,3,1,0,416.31448275,-0.000197338055229225,-0.0528660118590434,"09",28.6793715357143,0.480509828645657,15.7938955928571,3.04199416504536,0,0,2.62334754775,0.749527870785715,0.000501342742916254
281,0.00363683771886555,28.78968394,15.6751545371429,0,2.99811148314286,3,1,0,429.324410328571,-0.000195496874659255,-0.0523596250263507,"09",28.7422265271875,0.582490544966175,15.8842486940625,2.42908370147066,0,0,2.623314794625,0.74951851275,-0.00372565928463573
282,0.00366641047139341,28.79333876125,15.10753861125,0,2.998074051,3,1,0,442.3293976125,-0.000165924122131395,-0.0442610605029676,"09",28.8740650928572,0.732331842933944,14.6821591478572,4.18718017338837,0,0,2.62334754775,0.749527870785715,-0.011005093713581
283,0.00368349997019642,28.7771599642857,14.8239798771429,0,2.99811148314286,3,1,0,455.335805642857,-0.000148834623328385,-0.0396107918308575,"09",29.040912468125,0.903372001077472,13.7814931024687,5.99398445427521,0,0,2.623314794625,0.74951851275,-0.0179893217478754
284,0.00366034734373088,28.77717769125,16.94051836125,0,2.997959720375,3,1,0,468.3301418,-0.000171987249793925,-0.0459161251397529,"09",29.2322454578571,1.04060894216725,12.4892585155,6.38244667702393,0,0,2.62334754775,0.749527870785715,-0.0280915956455978
285,0.00361339434160389,28.79233458,17.5386218071429,0,2.75517065142857,3,1,0,481.331649928571,-0.000218940251920915,-0.0588265789451956,"09",29.402861325,1.04688776020664,14.61129368125,3.05114267148996,0,0,2.6232464896875,0.749578904145939,-0.0361365514218575
286,0.00356321925546523,28.8794889075,16.64240927125,0,1.5009660045,3,1,0,494.35402895,-0.000269115338059575,-0.0728097484766668,"09",29.473992405,0.918802744248728,16.8786567464286,0.945345429774851,0,0,2.56320887357143,0.717049286939318,-0.0404360319482739
287,0.00351371271776642,28.9154029771429,17.0508883542857,0,1.49905574157143,3,1,0,507.410721614286,-0.000318621875758385,-0.0868009367694285,"09",29.48928307,0.761036900430619,17.421796710625,0.886191029344982,0,0,2.53535919628125,0.709472195659719,-0.0412099203588818
288,0.00347309030500737,28.97622471125,19.08452049125,0,1.4990370255,3,1,0,520.4792412125,-0.000359244288517435,-0.0984293937942153,"09",29.4633553553572,0.633444131179001,17.3704816235714,0.684238039259866,0,0,2.62347292317857,0.749611491683921,-0.0390279866238511
289,0.00346914405151881,29.1357895714286,17.7353527628571,0,1.49871794742857,3,1,0,533.608466514286,-0.000363190542005995,-0.0995662767046017,"09",29.451112075,0.548345652011194,18.0003106725,0.96562417475722,0,0,2.623314794625,0.74951851275,-0.0336524517840883
290,0.00348706255302272,29.32384239625,17.78059066,0,1.48642440925,3,1,0,546.8048101875,-0.000345272040502085,-0.0944144628960428,"09",29.4904009728571,0.491528543605696,17.8638251860714,0.797982656634595,0,0,2.62326309921429,0.749696767857145,-0.0263260702652621
291,0.00350646213692944,29.4745383871429,18.1196524771429,0,2.878017443,3,1,0,560.087510771429,-0.000325872456595365,-0.0888665785400677,"09",29.52842501125,0.449519698946324,16.161729047875,4.59754906829623,0,0,2.6201616405625,0.755824820875,-0.0200893882759157
292,0.00352782213791762,29.5935394875,18.1903833125,0,2.99891483675,3,1,0,573.4276624,-0.000304512455607185,-0.0827934472312259,"09",29.4134806135714,0.434195400254503,15.7881643021072,4.70411002818892,0,0,2.96808797310715,0.06004702007143,-0.0176624227175529
293,0.00354656530860881,29.71500929,17.6365246228571,0,2.99811148314286,3,1,0,586.827852428571,-0.000285769284915995,-0.0774945533950362,"09",29.2550765646875,0.639079890982169,17.1673328375,1.70388585395748,0,0,2.9982842474375,0.000420392874999953,-0.0139283273321011
294,0.00357052119093574,29.83079483625,17.3709849425,0,2.998074051,3,1,0,600.274056175,-0.000261813402589065,-0.070762593026938,"09",29.2323092482143,0.735129284853567,17.0736776021429,1.4146532498573,0,0,2.99811148314286,0,-0.018308983063373
295,0.00359990706583768,29.9143104057143,15.5387146892857,0,2.99907238114286,3,1,0,613.775809114286,-0.000232427527687125,-0.0625661401663216,"09",29.219847294375,0.803227540082482,17.2763148965625,1.66938534495562,0,0,2.998074051,0,-0.0218146983203389
296,0.00361522046163946,29.68998337625,6.55764811475,0,2.687322834875,3,1,0,627.2586306,-0.000217114131885345,-0.058321331377412,"09",29.2172914942857,0.854843361514545,16.4225405355357,1.12611884018828,0,0,2.99835170764286,0.000480448999999883,-0.0244042071630836
297,0.00362047197816072,28.9892593628571,10.4061261694286,0,1.50556209942857,3,1,0,640.521413657143,-0.000211862615364085,-0.056869772361634,"09",29.1411190453125,0.820009249755831,13.926895244,5.1247673059091,0,0,2.92038624696875,0.1553756080625,-0.0266643733404877
298,0.00361516633846666,28.62166249625,12.52333554375,0,1.498741455625,3,1,0,653.51617365,-0.000217168255058145,-0.0583363024080912,"09",28.9058176185714,0.710900113473023,15.0510403577143,3.33549592134188,0,0,2.62497413721429,0.746274691857145,-0.0305190612649955
299,0.00359365199500211,28.3876481185714,13.1521220885714,0,1.49905574157143,3,1,0,666.400068142857,-0.000238682598522695,-0.0643052159660025,"09",28.749362665625,0.681760303722092,16.0731879484375,2.45548325725248,0,0,2.62324090215625,0.7496662976875,-0.0373273639310456
300,0.00355405042354278,28.2212023875,15.2138564325,0,1.4990370255,3,1,0,679.1760151625,-0.000278284169982025,-0.0753862524312714,"09",28.6359570535714,0.65856482383517,16.4151112639286,2.2284439781432,0,0,2.62334754775,0.749527870785715,-0.0444210817439457
301,0.00350592448740248,28.1418390342857,15.5900734214286,0,1.49809484385714,3,1,0,691.910218885714,-0.000326410106122325,-0.0890199213437324,"09",28.5375889675,0.625050234959427,16.7798178553125,1.12299129858021,0,0,2.623314794625,0.74951851275,-0.048403242432945
302,0.00345844277173391,28.16890661,18.74312568,0,1.809788241875,3,1,0,704.6184229,-0.000373891821790895,-0.102655747327145,"09",28.4549504367857,0.567212035464968,16.9862281725,1.13080843597996,0,0,2.62310732332143,0.75000831964286,-0.0470889113845649
303,0.00342429694939705,28.2761510557143,18.04235697,0,2.99160512571429,3,1,0,717.3712365,-0.000408037644127755,-0.112577988431172,"09",28.4143173296875,0.511227831658494,18.075951200625,0.715299913866968,0,0,2.70100259871875,0.5941429045625,-0.0423107932248524
304,0.00343509938955621,28.39863137,17.34857995,0,2.998369620875,3,1,0,730.170620525,-0.000397235203968595,-0.109428309292997,"09",28.2701899270714,0.473401583956344,17.9379934165357,0.714190765105525,0,0,2.99680272522857,0.00290559166791369,-0.0385760378188258
305,0.0034774316428011,28.4910368514286,17.38263566,0,2.99811148314286,3,1,0,743.031560014286,-0.000354902950723705,-0.0971801816441138,"09",28.3704539649405,0.4774615774789,17.7440982583631,0.383252445702387,0,0,2.99813579002679,0.000116011755502893,-0.0332867115209001
306,0.00352684272396727,28.61028107625,16.747068685,0,2.998074051,3,1,0,755.9182167875,-0.000305491869557535,-0.0830711114287608,"09",28.3694563210119,0.470890704265411,17.6173533447917,0.875838673389128,0,0,2.99809900576191,1.93298754546211e-05,-0.0267600542650588
307,0.00357628787150415,28.7370522814286,16.5420620714286,0,2.99811148314286,3,1,0,768.885647057143,-0.000256046722020655,-0.0691488150154775,"09",28.3869764849702,0.471116562150297,17.4711342622917,0.884401997425741,0,0,2.99808652838095,1.93298754546211e-05,-0.0205214430836312
308,0.00361348112249435,28.7983331,16.61186850625,0,2.998074051,3,1,0,781.8668476125,-0.000218853471030455,-0.0588025627881459,"09",28.392516479494,0.458032082284682,16.9256992784226,0.390907869048586,0,0,2.99809900576191,1.93298754546211e-05,-0.0180556890659197
309,0.00364034581841534,28.8758411357143,15.9802215914286,0,2.99811148314286,3,1,0,794.901951085714,-0.000191988775109465,-0.0513954883635463,"09",28.3818362013988,0.442650008422839,16.9326242683631,0.398433753377879,0,0,2.99814282740476,0.000150873965742941,-0.0201367197039596
310,0.00367851319720013,28.94371179375,16.3496214325,0,2.997959720375,3,1,0,807.9546896,-0.000153821396324675,-0.040965522801887,"09",28.4441326879018,0.437068745160618,16.9723898919643,0.80664065210566,0,0,3.00125527929465,0.0062875923035699,-0.0239888536787371
311,0.00368820949216217,29.0187356971429,16.3310425428571,0,2.59445636571429,3,1,0,821.051531185714,-0.000144125101362635,-0.0383330631024661,"09",28.4249378320982,0.462727171434414,17.2259381448661,0.954521800744508,0,0,2.65331440105804,0.689443081573874,-0.0272837256416541
312,0.00368084055279262,29.07259912,15.83845269125,0,1.5009660045,3,1,0,834.1621746375,-0.000151494040732185,-0.0403330336769194,"09",28.4131468837054,0.509814375437429,17.0709503063393,0.587689592243285,0,0,2.522218893,0.708704960009704,-0.0294539255407692
313,0.00369085895589129,29.1257213414286,15.6966161914286,0,1.49905574157143,3,1,0,847.315389742857,-0.000141475637633515,-0.0376149605967591,"09",28.4026110437053,0.561366859574257,17.5914630906696,1.37520114161071,0,0,2.24904246201786,0.864907530649892,-0.03110966893838
314,0.00368783618840118,29.16383102375,16.24897286375,0,1.4990370255,3,1,0,860.469639775,-0.000144498405123625,-0.0384342836662626,"09",28.4102031575447,0.60341688516053,17.5903106733482,1.36151870883265,0,0,2.24857893333929,0.865485638824686,-0.0328999409657566
315,0.00365306952592303,29.22728224,16.9127151414286,0,1.49905574157143,3,1,0,873.666831385714,-0.000179265067601775,-0.0479063904674151,"09",28.31254956025,0.607515338207095,17.6289258468929,1.09134640029632,0,0,2.39847047044286,0.821058102106425,-0.0367924935286391
316,0.0036185219047111,29.29470006375,16.151094695,0,1.4990370255,3,1,0,886.8822877375,-0.000213812688813705,-0.057408541553726,"09",28.3969530628571,0.59811130476252,16.8022548918214,1.25732085350921,0,0,2.39884278792143,0.820565619008159,-0.0369381000559449
317,0.00362086754866003,29.3258040728571,16.49429702,0,1.49905574157143,3,1,0,900.132890471429,-0.000211467044864775,-0.0567605189597433,"09",28.4891670040714,0.599841775762956,16.3367852697143,1.2718857896528,0,0,2.54304127001429,0.673473994471992,-0.035307087838854
318,0.00366024335447365,29.34613861125,15.9198871075,0,1.4990370255,3,1,0,913.3731550125,-0.000172091239051155,-0.04594453521175,"09",28.6853044250446,0.715941189952528,16.7531090090625,2.03592838095741,0,0,2.62190567955357,0.748568234379248,-0.0317388258686429
319,0.00369876897019427,29.3953935485714,15.7227407842857,0,1.49905574157143,3,1,0,926.650822928571,-0.000133565623330535,-0.0354741174611863,"09",28.7650634177678,0.950655160096469,15.6047588828929,4.19061768901015,0,0,2.12846590866071,0.664252270192535,-0.0270409350807118
320,0.00371342971663289,29.3946424175,15.49017773,0,1.4990370255,3,1,0,939.9179115125,-0.000118904876891915,-0.031518269599851,"09",28.8844608929911,1.15723344079953,14.54444598075,5.30050128659829,0,0,1.96276161370982,0.709996937340161,-0.0223481756490005
321,0.0037241964029784,29.3929730157143,15.3559539671429,0,1.49905574157143,3,1,0,953.204477385714,-0.000108138190546405,-0.028623073362902,"09",28.9489798836607,1.29812055134937,15.6469979315179,2.98283637973937,0,0,2.247973041625,0.864786546912815,-0.0185178846935056
322,0.00374052896454325,29.38964391875,15.28079812125,0,1.4990370255,3,1,0,966.472853925,-9.18056289815551e-05,-0.024247135498995,"09",28.92194901,1.37205073046692,17.3045184183482,1.51835825283496,0,0,2.24860929761607,0.865520701891759,-0.0152701165821639
323,0.00375772026094529,29.3731403228571,15.1974703385714,0,1.49905574157143,3,1,0,979.754211114286,-7.46143325795149e-05,-0.019661711475683,"09",28.9085042752679,1.35091240898968,16.4389674634821,1.35799286472199,0,0,2.24856957530357,0.865474833230721,-0.010829520565887
324,0.00377770351553221,29.38897851375,15.16290210875,0,1.4990370255,3,1,0,993.01870585,-5.46310779925949e-05,-0.0143578821239796,"09",28.9378480282143,1.22777603418391,15.41692149,2.73616934777888,0,0,2.24856957530357,0.865474833230721,-0.00720534235826582
325,0.00380097202355622,29.3859035257143,16.5808882585714,0,1.49905574157143,3,1,0,1006.30304671429,-3.1362569968585e-05,-0.00821734202462387,"09",28.9235073816072,1.05018729187506,13.4642817529375,3.74254603455541,0,0,2.24856957530357,0.865474833230721,-0.00366571603017594
326,0.00381287117974531,29.38930618375,17.081907065,0,1.4990370255,3,1,0,1019.566476625,-1.9463413779495e-05,-0.00509167598541538,"09",28.79722208,0.855409680084699,15.0935739247812,3.57564109218321,0,0,2.24856957530357,0.865474833230721,-0.000127627685582254
327,0.00382395152253005,29.3951587285714,17.7990097457143,0,1.49905574157143,3,1,0,1032.85006414286,-8.38307099475504e-06,-0.00218985393146376,"09",28.7409482377232,0.731602032917502,15.4391208994643,3.49611475159289,0,0,2.24856957530357,0.865474833230721,0.00337543737925605
328,0.00384421451133133,29.42423051375,17.45665076,0,1.4990370255,3,1,0,1046.126942375,1.1879917806525e-05,0.00309512173208404,"09",28.7287855942411,0.663917722458841,15.7638360452723,3.95606428169517,0,0,2.24856957530357,0.865474833230721,0.00834106129219831
329,0.00385303637396786,29.4766462628571,16.9356028271429,0,1.49905574157143,3,1,0,1059.44918885714,2.07017804430549e-05,0.00538733395212176,"09",28.7252352869196,0.650070875418997,16.0361751925,1.36640256624265,0,0,2.24856957530357,0.865474833230721,0.0149190046538107
330,0.0038755816839083,29.48044091375,17.46747306,0,1.4990370255,3,1,0,1072.749293125,4.32470903834951e-05,0.0112215912899716,"09",28.4733499574643,0.779518632610597,17.5747105951072,1.46556954924389,0,0,2.39847795687143,0.82106493624943,0.0198330753465503
331,0.00392296706161729,29.4594309771429,17.0459976971429,0,1.49905574157143,3,1,0,1086.08038642857,9.06324680924847e-05,0.0233740984315292,"09",28.3412905187143,0.905037400163685,18.1361569123929,1.44167093705649,0,0,2.39847047044286,0.821058102106425,0.0230741086374236
332,0.00397498449377885,29.4037202375,17.93435125875,0,1.4990370255,3,1,0,1099.35991825,0.000142649900254045,0.0365466742913014,"09",28.3093752190714,0.935623015625801,17.194500654,1.7167429310473,0,0,2.39847795687143,0.82106493624943,0.0254796545038059
333,0.00402778970077141,29.3754362328571,17.5579591,0,1.49905574157143,3,1,0,1112.64728471429,0.000195455107246605,0.0497435909505404,"09",28.6024284093304,0.767247008772929,16.4033306638393,2.19948346090015,0,0,2.24856021726786,0.865464027366931,0.0297695504278479
334,0.00408074921976813,29.34078564375,17.28451356125,0,1.4990370255,3,1,0,1125.8959385,0.000248414626243325,0.0628064303305607,"09",28.6717556894197,0.641326999795514,15.7132158540179,3.45956301025814,0,0,2.24809807858929,0.866041244973256,0.0363758618395025
335,0.00413351095514279,29.2657295585714,16.3932586571429,0,1.49905574157143,3,1,0,1139.14507471429,0.000301176361617985,0.0756529822019161,"09",28.7350541604911,0.515322077262896,15.8295436147322,3.43031592916915,0,0,2.46991593119643,0.708944611513235,0.0437892455809433
336,0.00418565517402922,29.13200651375,16.2350661075,0,1.4990370255,3,1,0,1152.321567625,0.000353320580504415,0.0881890704849546,"09",28.766244761875,0.368548263668036,14.6639595830357,2.79491111242987,0,0,2.50626688118304,0.706835621195018,0.0515850629123795
337,0.00423641936596821,28.9932306857143,15.8512123414286,0,1.49905574157143,3,1,0,1165.46196585714,0.000404084772443405,0.100244248879839,"09",28.7603121950446,0.265002427098188,13.887749465625,2.65727803288389,0,0,1.87357712626786,1.43560020090894,0.0591477824638745
338,0.00428249658495506,28.84851823875,16.1646052675,0,1.4990370255,3,1,0,1178.509946625,0.000450161991430255,0.111061979096206,"09",28.7398445966071,0.315664769741263,14.4734694183929,1.42021678843931,0,0,2.05564929430804,1.13295029578852,0.0650937954531425
339,0.00429779662449808,28.7239808471429,16.0836600414286,0,1.49905574157143,3,1,0,1191.52430957143,0.000465462030973275,0.114628303702894,"09",28.7293714224554,0.491915775364959,13.9762292274107,4.81859812558741,0,0,2.24840084366072,0.865648092982518,0.068524734341509
340,0.00425960512585751,28.59101672625,17.27897624125,0,1.4990370255,3,1,0,1204.457646125,0.000427270532332705,0.105702287972073,"09",28.5891741362947,0.514289434403184,16.5838094806607,1.26190207673927,0,0,2.24857893333929,0.865485638824686,0.0689454884122322
341,0.00421081046647995,28.5062713885714,16.9449011628571,0,1.49905574157143,3,1,0,1217.36211828571,0.000378475872955145,0.0941809647391851,"09",28.3062326325,0.391716800685355,18.6675193604018,2.20564344724053,0,0,2.24856021726786,0.865464027366931,0.0667918716851831
342,0.00415974602950352,28.40328433125,16.2778165725,0,1.4990370255,3,1,0,1230.202738375,0.000327411435978715,0.0819798478207439,"09",28.0737486614285,0.42220407897297,18.2632917794196,2.16952835247232,0,0,2.24857893333929,0.865485638824686,0.0620043805027887
343,0.00410790109275112,28.3190363885714,15.95836757,0,1.49905574157143,0,0,0,1243.03217057143,0.000275566499226315,0.069438041350983,"09",27.9190362890357,0.450310755093489,17.0238399160714,0.476183503854767,0,0,2.09865557891429,0.821052976365847,0.0634424363152453
344,0.0040558333378976,28.21926291125,15.39364201875,0,1.4990370255,0,0,0,1255.787997625,0.000223498744372795,0.0566820018099889,"09",28.0272469051429,0.564430834804241,13.0470819619357,4.82723041227706,0,0,2.09867429498572,0.821070061723363,0.0606056047258464
345,0.00400400228879559,28.1206000942857,15.58125031,0,1.49905574157143,0,0,0,1268.529758,0.000171667695270785,0.0438202600265143,"09",27.8975612813929,0.464869298930919,17.318958991725,1.90447254145837,0,0,2.09866421488929,0.821064801803557,0.0666138121869748
346,0.00395317631199837,27.89501565875,5.704934194625,0.009242160375,1.4990370255,0,0,0,1281.180288,0.000120841718473565,0.0310452126614038,"09",27.2914284842857,0.618639617138098,19.3556036444857,5.83804088269853,0,0,2.0992684145,0.82188426442644,0.0806469549992395
347,0.00390585803358196,27.0496677028571,3.69521195614286,12.6666031688571,1.49905574157143,0,0,0,1293.64967571429,7.3523440057155e-05,0.0190033136388115,"09",26.5651445724643,1.27165031134125,14.7676440702536,10.554553026031,0.00218104185,0.00401243511475892,2.18279943481429,0.947753463130316,0.0846383231206619
348,0.00388656896527846,25.045765285,2.938397246875,22.506134555,1.49956968975,0,0,0,1305.424725875,5.4234371753655e-05,0.0140525820608985,"09",25.5142583992857,1.72162053055647,12.5567519596643,12.1940814171075,5.16851776320356,7.07880172034752,3.0363339762,2.15027969311496,0.0810131742611292
349,0.00390310483168815,22.6185981557143,2.56602802028571,24.2222889714286,-1.12654779685714,0,0,0,1316.216291,7.07702381633449e-05,0.0182981746888951,"09",23.7825536873571,1.79552950930566,12.1949442289107,12.3769988022556,12.4166485944071,12.311886085581,2.790154345,4.01880469019634,0.0865369819547779
350,0.00390948736752343,20.329423895,2.464626761875,26.31830100375,-21.140769756,0,0,0,1325.8831215,7.71527739986248e-05,0.0199320849018125,"09",21.5595961119286,1.53554111878611,12.0389884016429,12.8407085482996,15.4133395908929,14.0990303819743,-3.41989895341785,6.22471703419815,0.0840737935332815
351,0.0039397463340296,17.8405004242857,2.38568690242857,26.0156841371429,-51.7631651385714,0,0,0,1334.49947585714,0.000107411740504795,0.0276421663649948,"09",19.5351355436607,1.30710151382946,13.8265385095313,13.0678139432631,13.1899810420089,15.2305614224806,-19.3664528124643,12.2474112690222,0.0771521239299072
352,0.00398596538532465,15.743069435,2.417756989,21.653499825,-44.98281072,0,0,0,1341.852211625,0.000153630791799845,0.0393053647492856,"09",17.6585224316369,0.965013541366276,17.6488417669345,11.8385019672162,9.27779038285715,14.4189923698008,-36.4524279629345,21.3499948169577,0.0758700669828953
353,0.0040231206949886,13.9380365414286,2.39391741785714,25.9405401157143,17.7084210055714,0,0,0,1348.31746371429,0.000190786101463795,0.0485837205853912,"09",15.46499664325,1.9390404111525,13.5981483322179,11.9144263214676,12.5460656675,13.5777115287595,-39.8197602395786,20.1541530726532,0.0749193028207224
354,0.00401297021541033,11.21408538075,2.8331570105,27.49671592,153.29787730625,0,0,0,1353.78526075,0.000180635621885525,0.0460574961220228,"09",13.6560374332401,1.75301316874229,14.3618505078413,11.4688523434418,10.6371616103968,12.9024880197023,-24.4938684524087,28.6746159582074,0.0716027147246012
355,0.00401456028371988,9.25638974271429,2.66204534042857,17.9110936042857,302.692862557143,0,0,0,1358.36782785714,0.000182225690195075,0.0464536499057804,"09",11.815470133379,1.78804699979015,13.6684084656032,10.7448861976684,11.0955748266667,13.3813686252232,45.4754347694087,81.2098449669419,0.0709534072603283
356,0.0040553222888027,8.072065120125,2.54022857225,20.3266304,467.4610257625,0,0,0,1361.99517675,0.000222987695277895,0.0565559903989161,"09",10.9908170284945,2.1306946570771,13.0242842136181,10.188455788732,10.520449599772,12.1903558801948,126.640636414536,149.398484547597,0.0713616883627625
357,0.00410523114586887,6.57137714614286,2.72796598685714,7.30075308085714,605.756142571429,0,0,0,1363.97618842857,0.000272896552344065,0.0687878760221619,"09",9.15788273984566,2.03467651610451,12.3613061758265,9.03963765041629,8.16493139233546,11.332400173243,304.688895654079,202.630024906053,0.0683999766754084
358,0.00415555421363989,5.943349946,11.5503575165,0.032105942375,626.207847875,0,0,0,1363.913454625,0.000323219620115085,0.0809716301989338,"09",9.40515449321841,1.88614966233055,12.4236868419286,9.40561627351403,8.79053335002472,11.540768520778,279.956668560162,187.625454593275,0.0715428900562898
359,0.00419930294040745,5.72877462942857,16.8687217985714,0,599.338951428571,0,0,0,1362.43108942857,0.000366968346882645,0.0914443707305912,"09",10.7823347493253,2.19069573270486,12.2754230963775,10.1818839777694,11.2208910855025,12.0017621906993,150.98494993939,170.000087240424,0.0734767880718834
360,0.00420714877600643,6.784203254875,19.9363384,0,432.3865655125,0,0,0,1359.86505325,0.000374814182481625,0.093310993642393,"09",11.3413681762961,1.79159867495883,12.4482796980863,10.4180686956012,11.3971537330863,12.296910685208,101.161808989705,123.055148500808,0.0738005000604992
361,0.00421800435570494,8.34176060514286,22.0858256628571,0,170.485795532857,0,0,0,1356.59862514286,0.000385669762180135,0.0958879403823412,"09",13.1694325231473,1.74724735029786,12.8963381753988,11.0572666837803,12.5469909156548,13.3626333443357,7.59017642707737,65.5825532649702,0.0728714482697139
362,0.00425217888502793,10.037754621125,23.16276053875,0,-30.2428359295,0,0,0,1352.68517375,0.000419844291503125,0.103957355880312,"09",14.1083227847545,1.18659022510888,13.2617367539777,11.7421011326259,11.9668068116964,13.1176038685865,-23.7752475177723,30.5676926727999,0.0735059289102313
363,0.00429885482791322,12.0086121014286,24.3554645428571,0,-69.6227169342857,0,0,0,1347.923066,0.000466520234388415,0.114874493373772,"09",16.1415502974777,1.43449322710685,13.6818268278214,12.1375193976295,13.296307480625,14.4145558109719,-40.5378910279375,14.6370690611352,0.0748611340742687
364,0.00434870389906883,14.2184068425,25.32904306375,0,-43.00140253125,0,0,0,1342.044512125,0.000516369305544025,0.126403671433139,"09",17.3848862892602,1.14025426174188,15.4729725129439,12.2446977543909,11.0457488745918,13.9691036958874,-37.6710540710867,19.7546765613544,0.077393596242629
365,0.00439653706466808,16.4921168714286,24.5058533214286,0,-19.4716238585714,0,0,0,1335.13708057143,0.000564202471143275,0.137343025012254,"09",19.0566751479464,1.2654691231576,10.0162114986756,11.7177351205733,18.0711110775298,14.0600365643824,-28.1399405053631,17.0148634656902,0.0818838495316696
366,0.00442708528133843,18.52462159875,24.42026781625,0,-6.666095421,0,0,0,1327.187318125,0.000594750687813625,0.144267242036106,"09",21.3545674091071,1.4623713057463,10.4432614616816,12.1319867960449,17.2308331597024,13.3733250691611,-6.37337742051487,9.12884943781548,0.0880714701375199
367,0.0044023626257092,20.3470350742857,24.30265904,0,1.73394087657143,0,0,0,1318.42207042857,0.000570028032184395,0.138667181887524,"09",23.58856109875,1.67479542680202,10.5901248608065,11.7475423262179,14.3842553239107,12.0206026737175,2.13737065469048,3.93413169433358,0.0890133099288047
368,0.00435507242120181,22.08443562625,24.33888016125,0,5.997925565375,0,0,0,1308.796679375,0.000522737827677005,0.127867064537195,"09",24.6217980933929,1.16616281595585,14.5856147235759,13.0841648098353,8.92011428832143,10.9820324904607,3.42075012154464,2.27590977966922,0.0906818178790056
369,0.00430485382563623,23.5862893457143,24.60857587,0,5.99633083157143,0,0,0,1298.48895385714,0.000472519232111425,0.116269007948196,"09",26.1417314594643,1.07979140577044,14.6286966024107,12.6999902365522,3.16706655443302,6.33302445814002,2.35374003714286,1.00142110972573,0.0881147957133205
370,0.00425417670450662,25.00855176375,23.94957354375,0,3.4169605655,0,0,0,1287.477981,0.000421842110981815,0.104427079829052,"09",27.1911804264732,0.61554453798807,17.4963607705134,9.80898194339884,0.00231054009375,0.0046210801875,2.24932158273215,0.866344025299627,0.0717778293585528
371,0.00420508908863157,26.4425907,23.97831719,0,3.00108208071429,0,0,0,1275.87057371429,0.000372754495106765,0.0928213053097062,"09",27.9717703760714,0.459064505650192,17.4860175349687,2.11960791933521,0,0,2.24857101223661,0.865476492502683,0.0660731890928852
372,0.00417123141233284,27.76791500375,16.9255302185,0,2.998117230875,0,0,0,1263.582049,0.000338896818808035,0.0847371208803098,"09",28.2063678589286,0.519413497927275,13.6676631807107,5.69397988821581,0,0,2.39847795687143,0.82106493624943,0.0581164083800381
373,0.0041893169678787,27.9365718771429,7.2210817,0,2.99811148314286,0,0,0,1250.95719128571,0.000356982374353895,0.0890635316612611,"09",28.1546295450714,0.546902443328619,15.1855796666857,3.85789786021992,0,0,2.39847047044286,0.821058102106425,0.0579798882534499
374,0.00421206373364591,27.6589388025,17.49509533625,0,2.998074051,2.5,0.625,0,1238.397800125,0.000379729140121105,0.0944785513149009,"09",28.1082692459643,0.396794919210709,17.7668774622857,2.06837623184686,0,0,2.39847795687143,0.82106493624943,0.0610832423221543
375,0.00419102792158484,27.7828138942857,21.3933275128571,0,2.99811148314286,4,1,0,1225.908972,0.000358693328060035,0.0894718570253481,"09",28.2837842290357,0.359997153850801,17.9673129884643,2.07726801869626,0,0,2.39847047044286,0.821058102106425,0.0645014238230214
376,0.00415189446135334,28.47091538,21.53920607875,0,2.998074051,4,1,0,1213.1932305,0.000319559867828535,0.0800905528481426,"09",28.4965683408571,0.507291319320563,17.6414839773143,1.04343471392982,0,0,2.39847795687143,0.82106493624943,0.0680008426999976
377,0.00411445631226507,29.1420635314286,18.1384299165714,0,2.99811148314286,4,1,0,1200.19041457143,0.000282121718740265,0.0710325282895656,"09",28.63930932925,0.490001741144473,14.5216838562143,4.36468976950901,0,0,2.39847047044286,0.821058102106425,0.0752031968733127
378,0.00409271781365884,29.2758442375,6.87806238,0,2.998074051,4,1,0,1186.93805975,0.000260383220134035,0.0657350778930761,"09",28.6655941036071,0.329630547407552,15.2287346853572,1.87426954924708,0,0,2.39835045798572,0.821239550401527,0.0717657204170856
379,0.00407788426364221,28.8727814757143,12.49221126,0,2.99811148314286,4,1,0,1173.823752,0.000245549670117405,0.0621041175770154,"09",28.6981379691429,0.262699936030179,13.9523563197143,2.2353768359558,0,0,2.24412675921786,1.06784879675872,0.0659419471813425
380,0.00406478338747354,28.719714455,14.26575817125,0,2.998074051,4,1,0,1160.80122275,0.000232448793948735,0.058886280938558,"09",28.6703111733214,0.283120032146134,13.63854188225,3.0880348444695,0,0,2.09849148407143,1.34113507659286,0.0585677083579811
381,0.00404639869124162,28.6410117028571,16.3723931557143,0,2.99811148314286,4,1,0,1147.86437185714,0.000214064097716815,0.0543531001805491,"09",28.6414769354286,0.442140495762851,13.9810539825357,3.08243829917333,0,0,2.60462082871786,0.650445955341748,0.0510437667284335
382,0.00400290332801605,28.69784033875,16.84128244125,0,2.998074051,4,1,0,1134.899509125,0.000170568734491245,0.0435457567885384,"09",28.5728546663572,0.612683213071634,14.77489923925,3.78856942015381,0,0,2.57556252801429,0.657843342324471,0.0429429743247508
383,0.00395161225978898,28.7998500371429,16.8306307271429,0,2.99811148314286,4,1,0,1121.92626685714,0.000119277666264175,0.0306494899482592,"09",28.4705610543571,0.749547979587557,15.1743658985357,3.17064513497181,0,0,2.39808578664286,0.821585139003471,0.0348795199845954
384,0.00389928239828458,28.8835299925,16.62236163125,0,2.998074051,4,1,0,1108.8812965,6.69478047597748e-05,0.0173183633827581,"09",28.5753535079464,0.862677423977292,16.798533933616,1.34000516143542,0,0,2.24857893333929,0.865485638824686,0.026910696893279
385,0.00384701222087084,28.96304517,16.30126152,0,2.99811148314286,4,1,0,1095.82763314286,1.46776273460352e-05,0.00382262845827164,"09",28.5561009883482,0.916465527341049,17.6354692139732,1.56788658150151,0,0,2.24856021726786,0.865464027366931,0.0229753584295469
386,0.00379559243899759,29.03486080375,15.99978346875,0,2.998074051,4,1,0,1082.710529875,-3.6742154527215e-05,-0.0096336626108009,"09",28.6041335527232,0.841286888638614,17.6646715857143,1.45204318243365,0,0,2.24857893333929,0.865485638824686,0.0227045969817509
387,0.00374680211434137,29.1003785285714,15.6942882171429,0,2.99811148314286,4,1,0,1069.59511657143,-8.55324791834348e-05,-0.0225714646805653,"09",28.6927066760268,0.722730976952749,17.2959514095982,1.59971036710406,0,0,2.24856021726786,0.865464027366931,0.0173381053251339
388,0.00371608447805575,29.1332044925,15.58749707,0,2.998074051,4,1,0,1056.425991625,-0.000116250115469055,-0.0308036168258425,"09",28.7406707455804,0.663579436157557,16.6766677025,1.65579144908608,0,0,2.24857893333929,0.865485638824686,0.0107624027011149
389,0.00373816294940504,29.1949463271429,18.14946711,0,2.99811148314286,4,1,0,1043.26646242857,-9.4171644119765e-05,-0.0248798705230069,"09",28.7484018399553,0.683162347607913,15.7601861052723,3.95313522770091,0,0,2.24856021726786,0.865464027366931,0.00532097658172511
390,0.00378282622833175,29.27341131,18.13486735,0,2.998074051,4,1,0,1030.053330375,-4.95083651930548e-05,-0.0130027618820128,"09",28.7744425962946,0.7663469929763,15.5238618748214,3.58618408767322,0,0,2.24857893333929,0.865485638824686,0.00188651017368616
391,0.00382472053989784,29.4073887442857,18.4738312514286,0,2.99811148314286,4,1,0,1016.813985,-7.61405362696482e-06,-0.00198876873811304,"09",28.8369969317411,0.895975434409261,14.9593784344241,3.41285835725478,0,0,2.24856021726786,0.865464027366931,-0.00270292928478755
392,0.0038492716763771,29.56648815125,17.93704929,0,2.998074051,4,1,0,1003.478672675,1.69370828522952e-05,0.00440978338722786,"09",28.9608114787946,1.08278433202168,13.3513335757946,3.56517939848654,0,0,2.24857893333929,0.865485638824686,-0.00462510124897895
393,0.00387162984968234,29.71570454,17.4852565814286,0,2.99811148314286,4,1,0,990.102159442857,3.92952561575348e-05,0.0102013959720662,"09",28.9761966541518,1.26208652673695,15.3365859849553,2.65882352844583,0,0,2.24856021726786,0.865464027366931,-0.00663395083326446
394,0.00389056991069,29.86909904375,17.16391456125,0,2.998074051,4,1,0,976.62577675,5.82353171651949e-05,0.0150814811780213,"09",28.9436871079018,1.38565490540044,16.5924988306696,1.4950711669688,0,0,2.24857893333929,0.865485638824686,-0.00909897480789095
395,0.00387874609302021,30.0098303742857,17.77804003,0,2.99811148314286,4,1,0,963.115508271429,4.64114994954052e-05,0.0120377572548316,"09",28.9358423314286,1.3869390995101,15.7469746327232,3.16897995853692,0,0,2.24859993958036,0.865509897173283,-0.0125393291984643
396,0.00383584518805426,30.06540366,11.5478648875,0,2.998074051,4,1,0,949.525473975,3.51059452945515e-06,0.000915626598007258,"09",28.5451588168572,1.30280897371123,15.2502154629571,4.89116145665647,0,0,2.16896646562857,0.769495586181423,-0.0162315137964289
397,0.00378950656432191,29.7992220471429,6.77065494371429,0,2.99811148314286,4,1,0,936.006621057143,-4.28280292028948e-05,-0.0112383551318853,"09",28.4919638597857,1.11286339670997,16.1077534923857,3.83906948131346,0,0,1.918500819025,0.622770671340955,-0.0209027556082105
398,0.00376153136242858,29.35921964125,9.7017447355,0,2.998074051,4,1,0,922.628420825,-7.0803231096225e-05,-0.0186480197150773,"09",28.7344796320089,0.73754199674731,16.6183904581696,2.08423410518851,0,0,2.44213776668304,0.71491698920234,-0.025461636565157
399,0.0037601605257518,28.9367906285714,14.14545829,0,2.99811148314286,4,1,0,909.4812339,-7.2174067773005e-05,-0.0190125219243908,"09",28.694577624866,0.58244500608876,16.7618608087947,0.97702126731541,0,0,2.62238792420982,0.748890244486838,-0.0282052862147219
400,0.00375983583301398,28.7184444675,17.71088682125,0,2.998074051,4,1,0,896.4515721875,-7.24987605108252e-05,-0.0190988764155087,"09",28.6147601807143,0.583776605754196,16.3868745589732,1.21777429010213,0,0,2.42928307476786,0.720057947947189,-0.0302208985142202
401,0.00376851630860682,28.6491611328571,17.08474387,0,2.99811148314286,4,1,0,883.514115571429,-6.38182849179848e-05,-0.0167927995886474,"09",28.4748740755,0.532113485439378,17.6426277956786,0.754535781032888,0,0,2.09903163960714,0.820727097888235,-0.0322413143268992
402,0.00377734671654788,28.63927789375,17.46655858875,0,2.998074051,4,1,0,870.56124925,-5.49878769769249e-05,-0.0144523352286425,"09",28.3848245655357,0.546702286783588,17.9714535921071,1.09680644690375,0,0,2.09866306534286,0.821063227687014,-0.0323559767693488
403,0.00378345755240688,28.6457313628571,17.50636953,0,2.99811148314286,4,1,0,857.635371671429,-4.88770411179252e-05,-0.0128358836421256,"09",28.3335293246786,0.551676245635529,17.9283663644643,1.37520358131327,0,0,2.09866680855714,0.821059810615511,-0.0310759357545174
404,0.00380395559352389,28.6517112375,17.5897895375,0,2.998074051,4,1,0,844.6814670375,-2.83790000009149e-05,-0.00743270075188374,"09",28.3082420021429,0.528209087829109,17.4411603426786,1.23360286574979,0,0,2.09888070404286,0.820865163740141,-0.0289572172850621
405,0.00384447495329392,28.6464792471429,16.8663860057143,0,2.99811148314286,4,1,0,831.753132142857,1.2140359769115e-05,0.00316286850664582,"09",28.3057060604643,0.499185822888382,17.2832441898214,0.84312411374181,0,0,2.34159758434286,0.734705054573714,-0.0264887624455496
406,0.00389242282603056,28.6373801675,16.57545948375,0,2.998074051,4,1,0,818.8022472125,6.00882325057549e-05,0.0155576258669941,"09",28.3118108239286,0.475404588335624,17.351261213,0.840209180627733,0,0,2.724796340825,0.618099445520835,-0.0233890573226861
407,0.00393759789866363,28.64104785,16.6700223942857,0,2.99811148314286,4,1,0,805.872730542857,0.000105263305138825,0.0270966943629523,"09",28.3203683195357,0.464561358510916,17.0128760895714,0.732621417758314,0,0,3.00068659246429,0.00559229009139895,-0.0193447129476744
408,0.00395256691948514,28.6310127375,16.54192377,0,2.998074051,4,1,0,792.92620965,0.000120232325960335,0.0308910481556319,"09",28.3320008941786,0.475706951392248,17.0107643680357,0.390695221319801,0,0,2.99815658268571,0.000164422120677761,-0.015497831716724
409,0.00391603525296065,28.6556262485714,16.5632821871429,0,2.99811148314286,4,1,0,779.995120328571,8.37006594358448e-05,0.0216055544234122,"09",28.4742696608482,0.448984521734804,16.9453463008482,0.428406247336838,0,0,2.99810212510715,1.87160714300028e-05,-0.0212382305833311
410,0.00386742356754322,28.63758710625,16.61124781625,0,2.998074051,4,1,0,767.042766,3.50889740184149e-05,0.00911436834275836,"09",28.4700889726786,0.475870437184384,17.7371978315179,0.974081492723248,0,0,2.99808340903571,1.87160714300028e-05,-0.0248516564564077
411,0.00381715797281208,28.6434915057143,19.0793581485714,0,2.99811148314286,4,1,0,754.117300828571,-1.51766207127251e-05,-0.00396801228250077,"09",28.4496717635268,0.466888473016332,17.2565554066071,0.626353021616092,0,0,2.99810212510715,1.87160714300028e-05,-0.03047232530348
412,0.00376727763568997,28.74403994125,17.807377615,0,2.998074051,4,1,0,741.14189185,-6.50569578348349e-05,-0.0171215434222205,"09",28.4253684545982,0.460536114076813,17.7946258477232,0.465390180108283,0,0,2.99815730150446,0.000142641894677901,-0.035735350580893
413,0.00372102413524599,28.8547116671429,17.8159361671429,0,2.99811148314286,4,1,0,728.1423537,-0.000111310458278815,-0.0294752355850632,"09",28.4147422448661,0.488331724615116,17.9653388007589,0.822912337347796,0,0,2.99647553575,0.00324698797168699,-0.0405802434591184
414,0.00370532423868552,28.95657307375,17.56996380875,0,2.998074051,4,1,0,715.0751778125,-0.000127010354839285,-0.033703402306192,"09",28.4375278276786,0.545042695898328,17.8348014866518,1.0342388237289,0,0,2.70101195675447,0.594149143515007,-0.0457799713636936
415,0.00374068397510722,29.0494150657143,16.6053649528571,0,2.99811148314286,4,1,0,701.985134457143,-9.16506184175849e-05,-0.0242056955450467,"09",28.4852376909821,0.611073891698649,17.0141078608482,1.11960762442079,0,0,2.62309796528571,0.750002081159963,-0.0493050612725628
416,0.00378650626833226,29.1705640825,16.71688370625,0,2.998074051,4,1,0,688.8232247125,-4.58283251925451e-05,-0.0120304066063408,"09",28.5664007572321,0.665312454603562,16.8413487605357,1.1251343381039,0,0,2.62332415266071,0.749524751648188,-0.0484738636356097
417,0.0038290323594947,29.2858112414286,16.9630073271429,0,2.99811148314286,4,1,0,675.628855742857,-3.30223403010492e-06,-0.000862048292073148,"09",28.6630907375893,0.695466564930252,16.4539135852678,2.24247127411603,0,0,2.62333818971429,0.749521632302951,-0.0423883411629328
418,0.00383329956651469,29.3943459775,17.1182166125,0,2.998074051,4,1,0,662.364864825,9.64972989884842e-07,0.000251765985607832,"09",28.7784922133929,0.719925523780866,16.0631745445982,2.44987638781525,0,0,2.62325026019196,0.749672536585647,-0.0347106619525664
419,0.00379228187566931,29.5108641685714,17.0781629971429,0,2.99811148314286,4,1,0,649.0673452,-4.00527178554952e-05,-0.0105062557281332,"09",28.9309805295536,0.740615248492466,15.1482705684286,3.41890938660143,0,0,2.62496477917857,0.746268453375286,-0.0238221696975499
420,0.00374395536726192,29.6115158125,17.46708384,0,2.998074051,4,1,0,635.7055109,-8.83792262628851e-05,-0.0233315339118771,"09",29.1626416454018,0.83741615876025,13.9337589743572,5.13110372623566,0,0,2.92039560500447,0.155381847754928,-0.0230218541361086
421,0.00369713274570679,29.6976062128571,17.4945387614286,0,2.99811148314286,4,1,0,622.314565085714,-0.000135201847818015,-0.0359165853394199,"09",29.2395013788839,0.872454916051112,16.4210767939286,1.12426325652353,0,0,2.99834234960715,0.000487007472357774,-0.0233914253691393
422,0.0036759807525916,29.78644575125,17.488683795,0,2.998074051,4,1,0,608.8683447375,-0.000156353840933205,-0.0416542023105091,"09",29.2390161776339,0.821953217213281,17.3357857295982,1.68364898281966,0,0,2.99808340903571,1.87160714300028e-05,-0.0224272506749721
423,0.00368274800350301,29.8631212842857,17.7265671271429,0,2.99811148314286,4,1,0,595.403109242857,-0.000149586590021795,-0.0398149572834159,"09",29.2430767268304,0.747657341382673,17.2236061459821,1.53368493909908,0,0,2.99810212510715,1.87160714300028e-05,-0.0200239939330205
424,0.00367060870566661,29.90619119875,18.3262813025,0,2.998074051,4,1,0,581.8959594625,-0.000161725887858195,-0.0431166626172237,"09",29.2794493157143,0.673140236011254,17.0712894833036,1.62582271862768,0,0,2.99829360547321,0.000414529924889696,-0.0173759060378586
425,0.00365445286661979,30.0036822028571,17.9421078857143,0,2.99811148314286,4,1,0,568.371430542857,-0.000177881726905015,-0.0475277831635674,"09",29.4340321953571,0.471763343507244,15.6656089328661,4.63516891042721,0,0,2.96807861507143,0.0600407839739415,-0.0165871773169049
426,0.00364183457012885,30.08588853,17.45188640875,0,2.998074051,4,1,0,554.787072675,-0.000190500023395955,-0.0509866131053327,"09",29.5443839148214,0.47624649457445,16.0006297960446,4.54829861409059,0,0,2.62017099859822,0.755831059771455,-0.0198359778170919
427,0.00363286157077695,30.1497241442857,16.8074894014286,0,2.99811148314286,4,1,0,541.192251842857,-0.000199473022747855,-0.0534535212708258,"09",29.5100055695982,0.526883646004568,17.8544732466518,0.81453642689938,0,0,2.62325374117857,0.749690529374334,-0.025737678512382
428,0.00364241646784198,30.22814253125,16.77008164375,0,2.998074051,4,1,0,527.55018725,-0.000189918125682825,-0.0508268443946278,"09",29.4884571125447,0.61938962877046,17.9479478204911,1.05602066968864,0,0,2.62332415266071,0.749524751648188,-0.0315952006054763
429,0.00365615820764285,30.3775226814286,16.5606302357143,0,2.99811148314286,4,1,0,513.875017528571,-0.000176176385881955,-0.0470612445965406,"09",29.425937535,0.663101078469563,17.5340563697143,0.631496296641489,0,0,2.62763538783929,0.649244214739082,-0.0354022561356485
430,0.00365468620397593,30.57970213,16.6744157325,0,2.998074051,4,1,0,500.1011502875,-0.000177648389548875,-0.0474639350557178,"09",29.4022647097143,0.799698129143654,17.4913767077143,0.715693956781096,0,0,2.32858321876786,0.768975053410994,-0.0365046771897789
431,0.00366545104548565,30.7742044214286,16.9091181914286,0,2.99811148314286,4,1,0,486.255545114286,-0.000166883548039155,-0.0445227746351442,"09",29.3395230329643,0.939118116483109,15.8062310851072,2.78301247044968,0,0,2.35033523970357,0.782411413610042,-0.0347931087578514
432,0.00369510834227725,30.923493105,11.0634046525,0,2.998074051,4,1,0,472.306118125,-0.000137226251247555,-0.0364642956755086,"09",29.3058770812946,1.02560206307542,12.7363448150089,6.67637460896595,0,0,2.62330024902232,0.74949634108058,-0.0214675751767134
433,0.00373877324982055,30.7575337028571,3.196820392,0,2.99811148314286,4,1,0,458.364867685714,-9.3561343704255e-05,-0.0247166217311809,"09",29.02227599025,0.784332283162571,13.8099233388679,5.1790230362311,0,0,2.69828161875714,0.670398108304271,-0.0124767199696104
434,0.00378759971920094,30.35336317625,5.188364341125,0,2.998074051,4,1,0,444.55399215,-4.47348743238649e-05,-0.0117416726358357,"09",28.8458234550357,0.637440916363603,14.7752687068571,3.63374536746409,0,0,2.69828536197143,0.670389738222677,-0.00210313921261358
435,0.00383359545351194,29.9261024214286,8.65624029428571,0,2.99811148314286,4,1,0,430.941180771429,1.26085998713521e-06,0.000328951596967997,"09",28.7107814447917,0.462593026377894,15.8771745296131,1.88534001897956,0,0,2.74824702413095,0.611985415920486,0.00629785418378805
436,0.0038520214845606,29.5476798875,12.6412987425,0,2.998074051,4,1,0,417.5044676375,1.96868910357952e-05,0.00512389936008617,"09",28.7015976478214,0.419091006662997,15.7910579610357,2.63445186630906,0,0,2.6982928484,0.670393923198159,0.0117700423009769
437,0.00382211944592919,29.3094412557143,11.9117958257143,0,2.99811148314286,4,1,0,404.218570114286,-1.0215147595615e-05,-0.00266907432990227,"09",28.6658858227857,0.344965767878201,15.5684972500714,2.15151922762387,0,0,2.69827413232857,0.670393923198159,0.00762761392433813
438,0.00377722211371719,29.0802442675,12.06689650875,0,2.998074051,4,1,0,391.018501,-5.5112479807615e-05,-0.0144853226380368,"09",28.6547661054643,0.307277470170266,15.4912858671786,1.24867649429207,0,0,2.6982928484,0.670393923198159,0.00875558926524107
439,0.00374386786007672,28.8980134028571,13.8317701428571,0,2.99811148314286,4,1,0,377.932601242857,-8.8466733448085e-05,-0.0233549071086552,"09",28.6875763954286,0.314698771037296,15.7197336973571,1.09658264291514,0,0,2.69827413232857,0.670393923198159,0.00990391300804649
440,0.00373449806286014,28.7901475475,17.22798711875,0,2.998074051,4,1,0,364.8990273875,-9.7836530664665e-05,-0.0258607491510174,"09",28.7991855694643,0.365417269657094,16.0685590847857,1.98901010532111,0,0,2.6982928484,0.670393923198159,0.0110491425950508
441,0.00371753892663019,28.8420313985714,16.4479853671429,0,2.99811148314286,4,1,0,351.888918557143,-0.000114795666894615,-0.0304123006467236,"09",28.9648937719643,0.441824629831765,15.0819520009429,2.74944929623764,0,0,2.69827413232857,0.670393923198159,0.0119854282258599
442,0.00368576784610211,28.90716228625,16.4282730625,0,2.998074051,4,1,0,338.8373481375,-0.000146566747422695,-0.0389952962423479,"09",29.1432332017143,0.496628537031116,14.7879357919214,3.71460461509349,0,0,2.6982928484,0.670393923198159,0.0118825115989216
443,0.00366361638326494,28.9753123614286,17.0549526042857,0,2.99811148314286,4,1,0,325.7665419,-0.000168718210259865,-0.0450234282931445,"09",29.254856518,0.541921991613055,14.4798313857536,4.88734112541035,0,0,2.69827413232857,0.670393923198159,0.0101091611968377
444,0.00364499263234992,28.99536445,15.95714914125,0,2.998074051,4,1,0,312.6704815875,-0.000187341961174885,-0.0501198264382783,"09",29.2459871157857,0.527792880095645,16.03155618865,1.8834385929937,0,0,2.6982928484,0.670393923198159,0.00647965628457259
445,0.00361421011961263,29.0041835471429,15.6255369657143,0,2.99811148314286,4,1,0,299.567762757143,-0.000218124473912175,-0.058600839422783,"09",29.1039469673571,0.368677392056886,17.3298320970357,1.52534478987134,0,0,2.69827413232857,0.670393923198159,0.00102398677951872
446,0.0036124313264842,29.0166145725,15.5309912675,0,2.998074051,4,1,0,286.458343525,-0.000219903267040605,-0.0590931270583033,"09",28.9586957531786,0.247697022810031,18.0859596819286,1.09949661572922,0,0,2.6982928484,0.670393923198159,-0.00361941485509023
447,0.00365193634363958,29.0349388542857,17.12218949,0,2.99811148314286,4,1,0,273.349126342857,-0.000180398249885225,-0.0482166386127956,"09",28.8342195419286,0.253615581141549,18.5908458920357,0.753803195760665,0,0,2.69827413232857,0.670393923198159,-0.00449888865295334
448,0.00370142406653788,29.108222015,17.996374105,0,2.998074051,4,1,0,260.2073627,-0.000130910526986925,-0.0347565425620981,"09",28.7291617680357,0.426376433735931,18.6160665179286,1.26668598207678,0,0,2.6982928484,0.670393923198159,-0.00134790475433313
449,0.00375234243531325,29.23304828,18.79781953,0,2.99811148314286,4,1,0,247.031584114286,-7.99921582115551e-05,-0.021093876991614,"09",28.6821795251429,0.593663150306755,17.9768567445,1.28566021477487,0,0,2.69827413232857,0.670393923198159,0.00472602060328731
450,0.00380310602390921,29.38940509125,18.0188743375,0,2.998074051,4,1,0,233.7843874,-2.92285696155952e-05,-0.00765606415778297,"09",28.6808487108571,0.725425843618985,17.2634972736786,0.553792169897483,0,0,2.69839314874286,0.670450029712477,0.0120266478133735
451,0.00385177687031593,29.5913357528571,18.0979825957143,0,2.99811148314286,4,1,0,220.465974,1.94422767911249e-05,0.00506039452075058,"09",28.824485106875,0.918690201328485,17.8292378075,0.686012874772379,0,0,2.535881079375,0.710618769041081,0.0190471480403673
452,0.00388368365474222,29.81441229125,17.5401469575,0,2.998074051,4,1,0,207.0422724625,5.13490612174148e-05,0.013309926516559,"09",28.8786992828571,0.985080873104375,17.0632568292857,0.757144269291424,0,0,2.01422195492857,1.19882685804363,0.0250626269974801
453,0.00386167323812858,30.0081529071429,17.5478447714286,0,2.99811148314286,4,1,0,193.536472928571,2.93386446037752e-05,0.00762639879822213,"09",28.8996255178125,1.03555317344009,16.5441124096875,1.81182921869967,0,0,1.96172614321875,1.28507285898274,0.0286705224640464
454,0.00382415640916537,30.16789295125,14.9153846075,0,2.998074051,4,1,0,179.9327020125,-8.17818435943501e-06,-0.00213627554793661,"09",28.8885271567857,0.982266503700083,15.4099961628572,2.94590640424766,0,0,2.24786170325,0.866314626860857,0.0309527821022066
455,0.00381645998404905,30.0940230114286,11.7314618771429,0,2.99811148314286,4,1,0,166.310197471429,-1.58746094757549e-05,-0.00415088461135849,"09",28.912344195625,0.840153871092643,14.64112387375,3.65136821324993,0,0,2.30187685378125,0.808601148317438,0.0320901914949109
456,0.00384241213435078,29.896003345,11.95067053125,0,2.998074051,4,1,0,152.7521511625,1.0077540825975e-05,0.00262615737365568,"09",29.0082685217857,0.619965717746245,11.7407681673214,4.17811886021648,0,0,2.62275101407143,0.74913102614764,0.0336978370579124
457,0.00388251753860298,29.6927274957143,10.8621996542857,0,2.99811148314286,4,1,0,139.291662757143,5.01829450781752e-05,0.0130096211062458,"09",28.5944276949286,0.898657948374972,16.3846759441286,5.52248646671901,0,0,2.39849476186429,0.821080279458916,0.0389989182982867
458,0.00389945705854731,29.48622716125,10.91995888625,0,2.998074051,4,1,0,125.9197974875,6.71224650225051e-05,0.0173631553031059,"09",28.1414031098572,1.07032594384906,15.0305361591357,9.1511235630996,0,0,2.39838514298572,0.820980234537945,0.0447802086970274
459,0.00387184192170928,29.2719495714286,6.83016962157143,0,2.99811148314286,0.571428571428571,0.142857142857143,0,112.642197828571,3.95073281844751e-05,0.0102561703750146,"09",27.4440624538929,1.09917763369223,15.5172473482964,10.9931817148854,0,0,2.46921325866429,0.897334837386307,0.0488306241834046
460,0.00382486899864069,28.79216284875,3.103380516625,0,2.998074051,0,0,0,99.5180209925,-7.46559488411496e-06,-0.00194995391328145,"09",26.7798763680357,1.30112788433421,16.1624494812322,10.4233288065882,0.0122035488571428,0.0244070977142857,2.99751027044643,1.223007590031,0.0630694902310993
461,0.00377579385573967,28.28516574,3.12781217,0.0488141954285714,2.99811148314286,0,0,0,86.6231268657143,-5.6540737785135e-05,-0.0148635180403769,"09",25.9264340934822,1.52961204552798,17.599317652567,10.2378275716886,3.60980048065625,7.2196009613125,2.99860795076786,1.2248153342186,0.0648206858192222
462,0.00373069096593757,27.6167484025,3.498585349375,14.439201922625,2.998074051,0,0,0,73.973247885,-0.000101643627587235,-0.0268807091643373,"09",24.8012559954464,1.58464744225052,15.7318049053125,11.075863969604,6.08336161928572,12.1667232385714,2.48521645989286,0.707414262020474,0.0673018262676174
463,0.00370361051345617,25.8958404257143,3.23688936728571,24.3334464771429,2.99964868885714,0,0,0,61.8341467,-0.000128724080068635,-0.034166012727523,"09",22.4594231634524,2.0474579821041,18.0413346409167,11.4190839295626,4.1453247456875,9.62705501795727,1.17564357920238,1.96625623530875,0.0700037538724409
464,0.00369815330037219,23.775112735,2.83122608275,23.77608743375,2.240799488625,0,0,0,50.628089585,-0.000134181293152615,-0.0356405839412535,"09",20.9902050894388,1.9805373513387,15.940471888574,12.1131309839156,9.77214003696429,12.4572547605982,-5.6202402397551,5.8787425914157,0.0748096710403099
465,0.00372751273172691,21.7345485371429,2.66531856614286,23.8009199228571,-9.56434227214286,0,0,0,40.3489230085714,-0.000104821861797895,-0.0277329879292125,"09",19.0283910325765,1.6395983259762,15.5543640539719,12.0881988745322,11.356404329949,14.2172254791415,-19.3243386075714,14.6414065291385,0.0731931181811782
466,0.00377027952784482,19.7726079775,2.59373197725,24.28332457375,-37.79010906,0,0,0,30.9973655525,-6.2055065679985e-05,-0.0163250274771256,"09",16.1591438792857,1.9868168952104,16.1347043018415,11.2986791944568,10.5776195277679,14.599430653898,-39.6919528409375,18.8370320215278,0.09425524344824
467,0.00378596479432738,17.63534713,2.687949416,27.91982452,-50.6858808314286,0,0,0,22.6104207657143,-4.63697991974249e-05,-0.0121734177811659,"09",13.1150748737956,2.17352346894059,14.751539780127,11.7305393831172,11.8467407922222,14.0665220194219,-27.7110335167897,28.4354703502016,0.094483613498018
468,0.0037586141292044,15.113998405,2.593963383625,25.413025655,-39.37120848875,0,0,0,15.5178015,-7.37204643204048e-05,-0.0194238646229117,"09",10.2721418295863,2.44604094760881,14.3858903307277,10.5311801128383,9.36862968119345,12.9189112475701,80.2838587365223,124.650791254784,0.098068103997914
469,0.00376067496996877,13.1157976357143,2.53725206071429,26.2182202028571,22.1206745411429,0,0,0,9.51650276528571,-7.16596235560349e-05,-0.0188757168568197,"09",5.38738556924107,4.10956145552709,8.41180252252742,8.21689945362617,11.6863343809879,15.6343925034437,417.101242222376,225.172182488432,0.102668872710824
470,0.00380246576255943,10.20808310175,2.899404262875,28.746263855,172.907901695,0,0,0,4.47678167625,-2.98688309653748e-05,-0.00782443054822135,"09",4.55997911402455,3.83403268904351,7.68501184225893,7.5989949367837,11.3954353034963,15.9575147385664,471.474735750697,192.198106845398,0.0955798547392828
471,0.00385290841933395,8.56246565642857,2.86897550485714,4.60924953871429,336.499952442857,0,0,0,0.336095534285714,2.05738258091449e-05,0.0053541246224329,"09",3.63816273140789,3.68257855254728,6.02727237816917,6.02935061716206,13.8538674097171,17.116264059276,543.527590504511,122.423783406501,0.0962521631879021
472,0.00390491888746134,7.895054780625,2.8269487275,0.00424101825,479.4289998625,0,0,0,-3.146113874375,7.25842939365349e-05,0.0187628391993053,"09",6.922804926825,1.65957882203365,4.98825615799643,4.21030886856884,1.34077355259286,2.99258754483609,579.721190891786,48.3365668622754,0.112432265176101
475,0.0040612797895904,4.91789000171429,2.34039004028571,6.69407151771429,623.626071457143,0,0,0,-3.82752734614286,0.000228945196065595,0.0580239696476736,"09",7.42403365810268,1.41329433653029,5.65022268742411,4.55129319913022,0.0024490613125,0.004898122625,568.744970750447,48.0837693069849,0.114195470558929
476,0.00411136868519204,3.245129355625,2.337263760125,26.9196789925,621.2096757,0,0,0,-2.172648082375,0.000279034091667235,0.0702818127944216,"09",7.46515446380357,1.72622730547729,4.36963978319388,3.59638340451701,0.961243487387756,2.52795069580772,542.292873688776,77.1869006661673,0.117896008514548
477,0.00415598697612401,0.948412096285714,2.61636560114286,24.4067257885714,619.622175957143,0,0,0,-1.016423034,0.000323652382599205,0.081075765512522,"09",4.08104602685937,3.83937143405658,5.52721913504911,5.27978714171539,13.4058307678783,17.9949627007167,555.276298240179,88.5096609481719,0.100604531381539
478,0.00417148251963167,0.224209548,2.916584899,24.32346271,645.3716669,0,0,0,-0.451440409,0.000339147926106865,0.084797318867424,"09",3.89677344270798,3.79430273504845,5.35599245658403,5.16065001017975,14.0529422396838,17.626650853344,559.061349870588,87.1084958281944,0.101453608158453
1,0.00648300529046687,0,2.41354299928571,0.00395927485714286,5.99822897257143,0,0,0,-12.9649418914286,0.00180002760125946,0.325250010335144,"12",5.71475621360119,2.79404159495224,4.14324671235912,4.58163205968479,9.54095382855754,10.8488522158951,300.360217078853,303.385837961175,0.294040536077507
2,0.006522677512174,0,2.407584756625,17.535503793125,5.996148102375,0,0,0,-12.964521035,0.00183969982296659,0.331350781013167,"12",4.28606716020089,3.51535378125984,3.70014010702232,3.98869887299722,13.9950353410789,15.8923035503347,226.768485526027,290.971801164823,0.287399120724532
3,0.00663721411492305,0,2.399381445,40.7759286785714,5.99622296657143,0,0,0,-12.9646829028571,0.00195423642571564,0.348758142174398,"12",5.14328059224107,3.19454295457095,3.97027634105178,4.35409776448412,8.5872543731875,10.6637474850502,270.924018268225,300.800379624637,0.292840171682982
4,0.00676283104985515,0,2.29953642875,41.2919516825,5.9854206635,0,0,0,-12.96454922375,0.00207985336064774,0.367507424194373,"12",4.67570962931007,3.40432708165322,3.82746771413798,4.15772629589155,11.5134974918588,14.0191242974625,246.839673240802,296.333248174235,0.290603452863326
5,0.006891032287395,0.175646337428571,2.52123312971429,11.7525817317143,12.6147461465714,0,0,0,-12.9501569685714,0.00220805459818759,0.386286724985168,"12",3.95636968633929,3.56945491249282,3.60071277237637,3.83567779423675,14.2673790681593,15.2473744351334,209.7859980319,285.234061973126,0.285488178972852
6,0.0070193225187398,1.044755729875,11.999875743875,0.007866662,143.818335565,0,0,0,-12.67722713125,0.00233634482953239,0.404732532990359,"12",3.68631801855995,3.5751813172206,3.52360708361479,3.69647578493542,14.0877506869847,14.6646136161713,195.702337182948,279.064543243698,0.280906426881383
7,0.00714487057761363,2.69919649114286,17.2468586014286,0,238.000606642857,0,0,0,-11.88523852,0.00246189288840622,0.422460524179251,"12",3.51021386598095,3.51199617738678,4.08869166096548,4.18063950746684,13.1490917519857,14.5913098595998,192.243403741751,269.246798251452,0.282792706931935
8,0.00725129016524336,4.92766326275,16.65903975125,0,179.1554932875,0,0,0,-10.165069236375,0.00256831247603595,0.437245233317402,"12",3.96646624366387,3.89868027508618,4.73607027830567,5.09494464532695,13.3611765978866,14.649097446739,189.174888038436,253.282957203099,0.273370707725984
9,0.00725668026258176,6.95975928428571,16.3664079242857,0,36.6684433882857,0,0,0,-7.56728130828571,0.00257370257337435,0.437988286598205,"12",4.01986607805754,3.78905465585064,5.39845747124702,5.68586976012716,12.6188890091151,14.5564622814765,188.618254996717,245.731909596587,0.265921865653647
10,0.00727663100292554,8.350043152625,20.330534785,0,-106.83648987875,0,0,0,-4.2398319595,0.00259365331371813,0.440733807180122,"12",4.56419288810119,4.67385455069246,6.06548390369246,6.14900349968399,14.2008203544762,14.9410156267413,131.588857375402,211.833705850747,0.268143401956442
11,0.00738344042527845,9.942058358,21.9791062042857,0,-151.6898124,0,0,0,-0.232745408857143,0.00270046273607104,0.455305538479456,"12",4.83337780060056,4.64981962999328,7.80969816617575,7.42950474829648,11.3982116991024,15.2594569039918,139.333580543886,238.887712534529,0.249040124939723
12,0.00749538944395163,11.95797945125,25.4867612725,0,-61.30779790875,0,0,0,4.657550297875,0.00281241175474422,0.47035391671215,"12",9.66973103468303,3.69354324736527,12.4099067884003,8.94282944465797,6.02066089756697,11.2187174430048,225.801239250423,274.592089394987,0.249984090552924
13,0.00755959522455716,14.4423154614286,26.59616565,0,23.26702988,0,0,0,10.5023686042857,0.00287661753534975,0.478883472926413,"12",11.8281061170601,3.85082473306599,13.2184111217857,10.8121946117029,8.52746130239448,12.0940529276864,114.056577130739,231.357710968222,0.265540719476839
14,0.0074839471226837,17.0328451075,27.7959572975,0,32.1805559075,0,0,0,17.57744902625,0.00280096943347629,0.468826169032565,"12",14.5833457267347,2.69427258363962,14.9413829185969,12.1465525591231,12.1769295091837,15.4614696372233,-9.85286263388259,65.4002146437585,0.234491199082287
15,0.00736413915963384,19.6505305385714,28.1166030557143,0,21.0779890371429,0,0,0,25.8606702371429,0.00268116147042643,0.452687986725683,"12",17.821922737449,2.58748552929219,16.5993528582372,13.5983452889724,13.0962698065306,16.5440160411695,-22.7052196797321,41.0592692349663,0.213998709200911
16,0.0072364460027756,22.18163433375,28.0248033575,0,2.1734726505,0,0,0,35.3406536,0.00255346831356819,0.435196028764641,"12",21.4984182561786,2.33051030966639,18.3122922461536,14.4608289389631,10.85100013925,14.8998332981893,-5.11651606421785,18.9839160124736,0.228262578762599
17,0.00710590852244185,24.2412430257143,24.52414009,0,2.87658658271429,0,0,0,45.85723162,0.00242293083323444,0.416992450969885,"12",23.9937350056071,2.14877581282206,18.1890871301071,14.3837089773148,9.67139570142856,13.2614087849386,-1.50034739261071,5.87712430616568,0.216905993480151
18,0.0069738573902253,25.7026076975,24.23288380125,0,2.99891483675,0,0,0,57.1501779375,0.00229087970101789,0.39823432627149,"12",26.0355742625,1.80794090031394,17.0890046724679,13.5563197533695,7.45971863825,10.2749788924122,3.32561640581429,0.505433181816325,0.20388769392155
19,0.00684099608801245,27.1252242157143,25.4239405628571,0,2.99811148314286,0,0,0,69.0660402714286,0.00215801839880504,0.378999175217453,"12",27.4600909550714,1.42081607289884,15.82166732575,12.4827328443376,2.49084693174286,3.41371308383298,3.486556578075,0.951096354493402,0.193551712419135
20,0.00670766645814771,28.06491521,15.73361231125,0,2.998074051,0,0,0,81.5847543025,0.0020246887689403,0.359316947303178,"12",28.3969790744286,0.896682151569907,15.0551615596,10.215911502622,0.001338936275,0.00271734451197898,3.18512536500714,1.31263535203217,0.185263500239266
21,0.00657414773726496,28.0883028542857,14.0413507514286,0,2.99742776442857,0,0,0,94.2798251757143,0.00189117004805755,0.339210775829957,"12",28.8954554348661,0.682712381896013,12.5957720400089,7.19101942966679,0.00625108907142858,0.0125021781428572,3.371828671,1.43704607490146,0.167121285150513
22,0.00644067641503187,28.02921172,18.29885088375,0,2.557868138875,0,0,0,106.95081805,0.00175769872582446,0.318699396182407,"12",29.2518705413691,0.664173707785888,10.2180431210327,6.61334988632909,0.012437665110119,0.0207814886423484,3.68004737955357,1.40161445300016,0.153003753762787
23,0.00630752745907591,28.2787592357143,18.0238582185714,0,1.49426910442857,0.857142857142857,0.857142857142857,0,119.653782542857,0.0016245497698685,0.297809583443933,"12",29.5293724651786,0.81424309754871,10.0068285062173,7.32120329860343,0.00831218008630952,0.0202376668442066,3.52253784191667,1.63320437564506,0.139330215488431
24,0.00617516344901118,28.7080739075,17.92718874375,0,1.4990370255,1,1,0,132.5260720625,0.00149218575980377,0.276601180498531,"12",29.5524554685714,0.890224422347342,11.5964600920714,7.92855953354739,6.28615357142858e-05,0.000125723071428572,2.99733964714286,1.73185373582234,0.120913102566916
25,0.00604438695087655,29.0802062885714,17.2897970085714,0,1.49905574157143,1,1,0,145.586447785714,0.00136140926166914,0.255195893886606,"12",29.9356761728125,0.85056219756356,11.3201339639688,7.79503543543695,0,0,3.28886350034375,1.47376127133935,0.107805013884295
26,0.0059176495110872,29.15491735875,17.79523915,0,1.4990370255,1,1,0,158.7443221,0.00123467182187979,0.234005157571774,"12",30.2449917803571,0.818999772276295,12.6554176708572,7.45513974381009,0,0,3.74916436614286,1.50007517258503,0.119809144053948
27,0.00580576646815525,29.3364461285714,16.8605277428571,0,1.49905574157143,1,1,0,171.949155714286,0.00112278877894784,0.21491747218147,"12",30.426345720625,0.939377312083353,12.8859001335938,7.27828220914577,0,0,3.63755188084375,1.44069696130062,0.114821471853046
28,0.00579570422914478,29.59412560125,17.042031145,0,1.4990370255,1,1,0,185.2640055,0.00111272653993737,0.213182822907656,"12",30.5815069039286,0.989881929092262,11.5934157414643,6.43721307761305,0,0,3.37167875939286,1.43565516090317,0.11077068011466
29,0.00589016757791847,29.9113039771429,16.7757742885714,0,1.49905574157143,1,1,0,198.703265757143,0.00120718988871106,0.229350278161117,"12",30.686837900625,0.930092961815989,12.0214379042188,3.40324910449767,0,0,3.37327298453125,1.43506586932095,0.116170107899117
30,0.00599415695804673,30.24809677625,17.16802643375,0,1.4990370255,1,1,0,212.2956683,0.00131117926883932,0.246850983760259,"12",30.7356365303571,0.80794836898941,12.8285545624643,3.12712602047673,0,0,3.17193391242857,1.55635120564963,0.116145432458522
31,0.00604223865352668,30.59597085,17.9140135514286,0,1.49905574157143,1,1,0,226.042040542857,0.00135926096431927,0.254840410494093,"12",30.7586317496875,0.68100592142323,13.4089986020937,3.21848120116472,0,0,2.769352269625,2.02970533255518,0.109435450336882
32,0.00595396199339361,30.9713382175,18.54618807125,0,1.4990370255,1,1,0,239.94229625,0.0012709843041862,0.240122708660556,"12",30.7705930614286,0.597058362186319,14.2550361302857,3.07413601226064,0,0,3.01404206589286,1.7127629937233,0.0975530902404211
33,0.00583119598627867,31.2054793642857,7.11180500985714,0,1.49905574157143,1,1,0,254.0080278,0.00114821829707126,0.219287952581931,"12",30.765470308125,0.614007376030508,15.0998530549687,3.31658431499239,0,0,3.37644642178125,1.43397841491605,0.0842234830404519
34,0.00570241056272515,30.9073734825,3.417932532125,0,1.4990370255,1,1,0,268.04513775,0.00101943287351774,0.196954821384176,"12",30.7488096603571,0.70468185392901,12.1009417063929,3.82543207812522,0,0,3.37295177639286,1.43521002670237,0.0701716179845688
35,0.00557193822969421,30.5617393957143,4.708928105,0,1.49905574157143,1,1,0,281.934328085714,0.0008889605404868,0.173808800627636,"12",30.613105081875,0.700412465642499,10.9839621449063,5.10788995906568,0,0,3.37330156721875,1.43505595317989,0.0582848339869831
36,0.00544138623103356,30.229781175,9.74118930025,0,1.504914975,1,1,0,295.6677376375,0.000758408541826149,0.150099681330512,"12",30.4042129192857,0.637714433071542,12.6608771276786,5.36552576267914,0,0,3.23294429917857,1.50932766887018,0.0470465565579945
37,0.00531239101118996,29.9639118028571,10.2321787274286,0,2.69764414885714,1,1,0,309.266494228571,0.00062941332198255,0.126107849988694,"12",30.1832128521875,0.536096338135594,14.1312627944375,3.08549254168425,0,0,2.99858227590625,1.7303565661155,0.0393010668519987
38,0.0051901020822157,29.7440949775,10.1220132505,0,2.9973614665,1,1,0,322.7526672125,0.000507124393008289,0.102819197937577,"12",29.9911881921429,0.450970306794692,14.7478477682857,3.21407909430712,0,0,3.29350396525,1.47581288594925,0.0327227523294565
39,0.00511167721674348,29.5923698471429,14.7241283042857,0,2.75517065142857,1,1,0,336.1554197,0.00042869952753607,0.0875934050455527,"12",29.8355219365625,0.354614077687878,14.28600670325,2.79853561694103,0,0,3.73357001803125,0.881943672818341,0.0285819105082734
40,0.00513055586208461,29.61033676875,14.28682741375,0,1.5009660045,1,1,0,349.5228262125,0.000447578172877199,0.0912798406513327,"12",29.7592849382143,0.25279874733879,14.8076858971428,0.809455527199051,0,0,3.68686344325,0.940893096727014,0.0238352658218623
41,0.00517010495686231,29.6640792142857,14.9159116942857,0,1.49900639328571,1,1,0,362.916330142857,0.0004871272676549,0.0989588214555512,"12",29.80975839625,0.213281455716232,14.2829574538437,1.56644724633327,0,0,3.3733155523125,1.4343792821931,0.0209063415006807
42,0.00514659928356311,29.74552591125,16.61120692125,0,1.65753416925,1,1,0,376.3348203875,0.000463621594355699,0.094401995366586,"12",29.9585402914286,0.239800876371235,12.3821942783929,3.99083137065739,0,0,3.37286308160714,1.43525807930365,0.0164497610376064
43,0.00505469291934052,29.8796241928571,14.8524325514286,0,3.00439374885714,1,1,0,389.807563842857,0.00037171523013311,0.0763829351712628,"12",30.1547884025,0.298298168406891,11.1165944907813,6.09498306878111,0,0,3.4124575935,1.36679872979056,0.0199434668997659
44,0.00498612320897205,30.01448908125,15.7599713875,0,2.998276120125,1,1,0,403.329549175,0.00030314551976464,0.0627245285022875,"12",30.3206089471429,0.315013639062113,10.3693683002143,3.91718962267663,0,0,3.7492099205,0.863670510254707,0.0203770084565695
45,0.00504445487784194,30.1196939785714,14.3081152142857,0,2.99572534842857,1,1,0,416.920071142857,0.00036147718863453,0.0743554284927521,"12",30.30057045,0.21319678589805,14.424742694375,2.62820795039593,0,0,3.74764308121875,0.865411102014134,0.0260392168259276
46,0.0051507851918178,30.12099538625,12.3828231625,0,1.8527883985,1,1,0,430.5349960125,0.00046780750261039,0.0952149995646838,"12",30.263339265,0.104270994181637,14.0404163478571,1.95474197603321,0,0,3.74704282039286,0.866169601630904,0.0306564130184176
47,0.00524226203283141,30.0261247742857,15.6911686985714,0,1.49855424,1,1,0,444.123905157143,0.000559284343623999,0.112818922579492,"12",30.30981422625,0.252718127902114,11.4440507989063,3.93578986980043,0,0,3.4612711508125,1.28422441219228,0.0287401326225174
48,0.00521377932760573,30.06452081,15.66972101,0,1.498878136375,1,1,0,457.6916905,0.000530801638398319,0.107370823408793,"12",30.3909961482143,0.453761366243127,11.0887438453928,6.17153448592926,0,0,3.37275004328571,1.43545485902185,0.0199987382488862
49,0.00509986645209085,30.1860886442857,15.4032433871429,0,1.50144187657143,1,1,0,471.307454171429,0.000416888762883439,0.0852801857966448,"12",30.494204048125,0.535791201262044,11.7813693025,3.15447167691227,0,0,3.37279358528125,1.43528783208907,0.00975105903792982
50,0.00497260949269323,30.30513012375,16.1384162775,0,2.784947678625,1,1,0,484.96921715,0.00028963180348582,0.0600105839258323,"12",30.5859121157143,0.520398206298263,13.3652016291072,2.87206135618801,0,0,3.37347195242857,1.43419829149887,0.00254710197542519
51,0.00484182319556541,30.4158072571429,16.2086100871429,0,2.99861298485714,1,1,0,498.6932563,0.000158845506357999,0.0333571764148504,"12",30.7157175465625,0.626736098742862,11.414169098,3.2352920317028,0,0,3.69431097084375,0.931068108191878,-0.0018511479999839
52,0.00470943415132822,30.52248299625,16.01606971375,0,2.998074051,1,1,0,512.45517235,2.64564621208097e-05,0.00563359698834187,"12",30.70145105,0.61782215489421,15.0220479185714,2.3460732068288,0,0,3.7477647295,0.865335489236881,-0.00650821587336351
53,0.0045763152301484,30.6687280114286,15.3522387242857,0,2.99811148314286,1,1,0,526.287152857143,-0.00010666245905901,-0.023040026070853,"12",30.572163835,0.498715369446586,15.7121895825,1.91587749856397,0,0,3.7475925639375,0.865469430414147,-0.0135625254433951
54,0.00444288381899703,30.79880501,15.55694022125,0,2.998074051,1,1,0,540.16895395,-0.000240093870210381,-0.052630490438986,"12",30.4442103617857,0.394026813121826,16.3076585992857,2.41716343926763,0,0,3.74763935407143,0.865480236091474,-0.0229610732725032
55,0.00430946795207296,30.9327372985714,14.2522680385714,0,2.99811148314286,1,1,0,554.121009628571,-0.00037350973713445,-0.0831197126288536,"12",30.32263394375,0.388871860424887,16.3223063109375,2.65989038648945,0,0,3.74807480878125,0.866026636844101,-0.023258294004213
56,0.00417640170524519,30.95062142375,17.061162215,0,2.998074051,1,1,0,568.0925370125,-0.00050657598396222,-0.114484123651761,"12",30.3495553328572,0.452027087475907,14.0121207351071,1.64113813418951,0,0,4.06187812935715,1.33121072380703,-0.0392777496737422
57,0.0040441245539926,31.0672275071429,15.52961784,0,2.99811148314286,1,1,0,582.100524128571,-0.000638853135214811,-0.146669062222009,"12",30.4155361465625,0.516923139927413,12.4533473350937,6.59472998382898,0,0,3.96627783859375,1.17363541926434,-0.0535308258314934
58,0.00391363584731294,31.1641177125,11.935626272625,0,2.998074051,1,1,0,596.1566113,-0.000769341841894471,-0.17946733563688,"12",30.4815399367857,0.558494454004105,14.1321199436072,1.54909636510089,0,0,3.26219292553571,0.849356994572916,-0.0644403272711992
59,0.00378763090269008,31.0277600442857,2.64606160528571,0,2.99811148314286,1,1,0,610.227155442857,-0.00089534678651733,-0.212193428928268,"12",30.4787311503125,0.544270033973827,14.2794623997188,2.08237097131419,0,0,3.748517694125,0.866538995651436,-0.0773665601503209
60,0.00368900464177588,30.689931815,4.329898283125,0,2.998074051,1,1,0,624.1650667,-0.00099397304743153,-0.238577483338429,"12",30.4767737335714,0.452893705352062,11.1521305506071,5.71158391491788,0,0,3.74763935407143,0.865480236091474,-0.0789209007290996
61,0.00368097902232277,30.3403232728571,7.61375164428571,0,2.99811148314286,1,1,0,637.9620922,-0.00100199866688464,-0.240755404694419,"12",30.46151268625,0.288056617570666,10.0293294131562,4.10475735372992,0,0,3.7475925639375,0.865469430414147,-0.0790470080447293
62,0.00370995332285475,30.0086321925,10.65317433875,0,2.99823294025,1,1,0,651.58911525,-0.00097302436635266,-0.232914865280652,"12",30.4131361196429,0.261433003290707,11.7853755757143,3.03458012179475,0,0,3.74744035396429,0.865250511585017,-0.0816555927468548
63,0.00372755434064301,29.8013091785714,12.9840038628571,0,2.99572534842857,1,1,0,665.099927157143,-0.0009554233485644,-0.228181814648878,"12",30.317613658125,0.381486938845503,13.3004748071875,2.36686526545279,0,0,3.625834941375,0.751578948553629,-0.0862568769790585
64,0.00370585913686415,29.7381252325,17.30093684375,0,1.8527883985,1,1,0,678.5332040125,-0.00097711855234326,-0.234019042690313,"12",30.3029184582143,0.496226518347703,13.9577062132143,1.9367126687789,0,0,3.37130224,0.750579772605433,-0.0905653796578414
65,0.00368468302311211,29.9285511271429,18.1017109385714,0,1.49850489171429,1,1,0,692.005352728571,-0.0009982946660953,-0.239749656405089,"12",30.5052825490357,0.50170382181233,12.1515594121179,4.21463368430754,0,0,3.15595493493571,0.952360401519434,-0.0936198184026639
66,0.00370140886696283,30.25325086125,17.99840360125,0,1.65753416925,1,1,0,705.593073,-0.000981568822244581,-0.235220638289207,"12",30.6685643334643,0.450753934690824,11.5527729158214,5.8311629592932,0,0,3.29876230262857,1.25554523740395,-0.0979818926257678
67,0.00371824991662317,30.5549855385714,17.7001095542857,0,3.00439374885714,1,1,0,719.330964757143,-0.00096472777258424,-0.23068105537333,"12",30.8722900461786,0.377267098861258,11.9426289568929,5.54588897784062,0,0,3.32897580440357,1.19861040039132,-0.102086816879305
68,0.00370634740155688,30.84489128125,17.531285715,0,2.998117230875,1,1,0,733.187795575,-0.000976630287650531,-0.233887296582665,"12",30.9208735191518,0.281033957515855,13.1703541588348,3.42966284758454,0,0,3.73150994465625,0.846018541311294,-0.103807664783402
69,0.00369416277915987,31.1089316057143,16.9711747257143,0,2.99811148314286,1,1,0,747.183835071429,-0.000988814910047541,-0.237180213633058,"12",30.9495512156697,0.250190258191497,11.3496724380848,5.77295833359385,0,0,3.31655508976339,1.16330383309705,-0.099869893786067
70,0.00370612923685677,31.24557730625,15.41647851875,0,2.998074051,1,1,0,761.2644237625,-0.00097684845235064,-0.233946160766642,"12",30.850703339375,0.312749313548554,14.7951488662857,2.35272093589844,0,0,3.63882901941964,1.77267410692989,-0.0908660857449714
71,0.00372336635278496,31.2814120928571,16.9072288757143,0,2.99811148314286,1,1,0,775.390586814286,-0.00095961133642245,-0.229305967853291,"12",30.7073499322857,0.357973393707234,15.5404048155357,0.825147698831294,0,0,3.97601249478214,1.73040591211838,-0.0797065035664531
72,0.00371980417619153,31.29645117,6.992623029875,0,2.998074051,1,1,0,789.518524075,-0.000963173513015881,-0.230263134360711,"12",30.6584925401786,0.377793915802496,15.8254771248214,1.35078499306182,0,0,4.16438450756072,1.91614424806585,-0.0636007859997668
73,0.00368955988000359,31.05623387,2.30256825942857,0,2.99811148314286,1,1,0,803.620146371429,-0.00099341780920382,-0.238426983004097,"12",30.7373051081429,0.339195836133458,11.0200965735536,5.07389349019468,0,0,4.03286479371786,1.29338088475967,-0.0541389101504254
74,0.0036557176878607,30.7030560825,2.883523405875,0,2.998074051,1,1,0,817.554809725,-0.00102726000134671,-0.247641728226296,"12",30.8145333545357,0.15970121574067,9.98251384657141,6.20968773465836,0,0,3.49003177504286,0.679595353462585,-0.0522390709722177
75,0.00363702826180045,30.3645574771429,2.62037089628571,0,2.99589494042857,1,1,0,831.360699157143,-0.00104594942740696,-0.252767223229699,"12",30.8431070271786,0.207029202884385,11.0609037861964,5.59335922149551,0,0,3.60016588063929,0.825408029577079,-0.0573362745463722
76,0.00362013615825777,30.05612091,2.788665405875,0,2.135155533875,1,1,0,844.996621,-0.00106284153094964,-0.2574225218026,"12",30.9101491079643,0.446872715664458,8.49467042604286,5.70136262441396,0,0,3.59699704193571,0.823978605642567,-0.0631785829753932
77,0.00361858780597442,29.7065417971429,6.34985741442857,0,1.49666411314286,1,1,0,858.504115642857,-0.00106438988323299,-0.257850318820925,"12",30.808596008125,0.659474532151637,8.81177479670982,6.58256881928407,0,0,3.27587032759822,0.985690448034848,-0.0709448857828509
78,0.00367168279718444,29.29418117125,12.169144159375,0,1.48642440925,1,1,0,871.8214584875,-0.00101129489202297,-0.243284075281246,"12",30.7529854723661,0.851750889993766,11.9512943768928,3.75423515932901,0,0,3.06834733702679,1.64420448786542,-0.0756532377396359
79,0.00376403770860375,29.0559627014286,16.59034068,0,2.878017443,1,1,0,884.9908738,-0.00091893998060366,-0.218441920868143,"12",30.6200851233929,1.0130717254837,11.1671521872232,4.05405021344401,0,0,2.99494100316518,1.73462511371842,-0.0695020269109753
80,0.00386440450045552,29.00859685375,14.96127565,0,2.998743376,1,1,0,898.091501375,-0.00081857318875189,-0.192126566203247,"12",30.4462060565179,1.01893515964583,15.1320009370625,1.50977183505975,0,0,3.35467320800447,1.42682866416987,-0.0634461292485461
81,0.00395694652785233,28.9751962514286,11.7584989664286,0,3.01512996271429,1,1,0,911.208793314286,-0.000726031161355081,-0.16846151305555,"12",30.3400209600446,0.965815442622475,15.58853808625,1.59548968471817,0,0,4.112301903,0.742623331237246,-0.054863918284572
82,0.0040219193862448,28.79169683125,15.6220025075,0,1.552541586875,1,1,0,924.2359629375,-0.000661058302962611,-0.152174914522448,"12",30.2790848295089,0.957018240520242,14.0736704669643,1.61265112859661,0,0,4.12719298582589,0.741375959038826,-0.0453219498057378
83,0.00403219674689536,28.6883910242857,12.4016162985714,0,2.05894303171429,1,1,0,937.234668671429,-0.000650780942312051,-0.14962283660264,"12",30.2117314607589,1.06197516660687,14.8076334058036,0.54756344874447,0,0,3.60218536807143,1.39960919612764,-0.0383051184028342
84,0.00400249912491555,28.46773747125,14.720027825,0,3.002090562875,1,1,0,950.1269015875,-0.000680478564291861,-0.157015215095964,"12",30.1543085474107,1.12931056990363,14.058586977366,1.14155677009172,0,0,3.48191171598661,1.04284026319847,-0.0325207830983877
85,0.00398396290060494,28.3800690814286,15.4323239314286,0,2.99811148314286,1,1,0,962.977938957143,-0.00069901478860247,-0.161657134652121,"12",30.0478773775893,1.2535777549711,14.4446009944197,0.29842222700889,0,0,3.69770075819196,0.659919026528967,-0.0255612740991085
86,0.00397902710248738,28.33321705,16.14756727875,0,2.99823294025,1,1,0,975.777095575,-0.00070395058672003,-0.162896819399633,"12",29.9800621501339,1.30746717611108,13.6495188729464,2.61859518126301,0,0,3.68129144731697,1.3615268915172,-0.0192980676281651
87,0.00394091837162683,28.3949564042857,17.2322961785714,0,2.99572534842857,1,1,0,988.598822357143,-0.000742059317580581,-0.172520376565648,"12",29.9010059027678,1.22587733969497,11.1280323352277,6.06741526501243,0,0,3.09947034620536,1.39341535584853,-0.0163592080865536
88,0.00388228172609086,28.54993948375,16.6334294325,0,1.7121633985,1,1,0,1001.448515325,-0.00080069596311655,-0.187511107054207,"12",30.1261889774643,1.09858193314788,9.82416495656428,5.8170130452236,0,0,2.75735503595357,1.27803934470053,-0.0145368728044571
89,0.00385530831778745,28.7249125142857,15.2299098071429,0,1.49855424,1,1,0,1014.39875014286,-0.00082766937141996,-0.194483178905378,"12",29.9010695876786,0.963992160986784,11.7087454314107,3.91714873543429,0,0,3.31461265148661,2.02153156701997,-0.0105510004972644
90,0.00385945813770719,28.83499272625,15.269470005,0,1.4990370255,1,1,0,1027.38786725,-0.00082351955150022,-0.19340736663385,"12",29.8329122999107,0.777630512468389,14.6237148122768,1.3370398360946,0,0,3.37188054273661,2.24867776149316,-0.010779465130035
91,0.00385825133040845,28.9594088814286,15.1235222014286,0,1.49905574157143,1,1,0,1040.45753657143,-0.00082472635879896,-0.193720103795643,"12",29.8238849090714,0.59817368596221,14.4385597685,1.58920966292781,0,0,3.67714848036071,1.66718894790526,-0.0168105342384539
92,0.00384765613887374,29.079971335,14.8877015475,0,1.50086118075,1,1,0,1053.55780125,-0.000835321550333671,-0.196469993533769,"12",29.805174427,0.570688142439702,14.7441357380357,1.84672160132966,0,0,3.59698962926786,1.3399149845458,-0.0251733414590154
93,0.00384181873362141,29.19234097,14.7562001271429,0,2.22190973942857,1,1,0,1066.73769757143,-0.000841158955586,-0.197988278284979,"12",29.8418075504286,0.624413723105187,14.1224205335,1.57091804311106,0,0,3.59807240852857,1.34007094861431,-0.0329757632603765
94,0.003847144621985,29.29213579375,15.05781086,0,2.996134576125,1,1,0,1079.938819125,-0.000835833067222411,-0.196602944832209,"12",29.9045711858571,0.702504771991392,13.6219115543893,2.4227382942293,0,0,3.74228586346071,1.06944467167986,-0.0370236448777218
95,0.00386106779448469,29.4051347471429,15.3058878757143,0,2.99811148314286,1,1,0,1093.20731271429,-0.00082190989472272,-0.192990385517987,"12",29.9817851603125,0.909944138359041,14.1088931663348,2.72958714024355,0,0,3.74711705325447,0.86601887892177,-0.0416680028625356
96,0.00385555796452573,29.5228542675,14.96493257,0,2.998074051,1,1,0,1106.50869,-0.00082741972468168,-0.194418426976671,"12",30.0579879994643,1.0102928431491,14.2858185362054,2.72677214678458,0,0,3.74762999603572,0.865491041955263,-0.0412958516137074
97,0.00382013820786947,29.6346924,14.6804557285714,0,2.99811148314286,1,1,0,1119.88516357143,-0.00086283948133794,-0.203647559122992,"12",30.1196048817411,1.07093231936598,11.4713627983393,4.76184119150425,0,0,3.74760192197322,0.865458624820184,-0.0405285265892104
98,0.00380007672429917,29.72956503125,14.79558009375,0,2.998074051,1,1,0,1133.280412375,-0.00088290096490824,-0.208912903885782,"12",30.0075143997768,0.937470223499137,13.3123712922098,3.92266992701719,0,0,3.74762999603572,0.865491041955263,-0.0396283484148638
99,0.00381296891082187,29.8038010928571,15.8205403271429,0,2.99811148314286,1,1,0,1146.74278828571,-0.00087000877838554,-0.205526033735346,"12",29.8781448176786,0.802271287457673,14.3953910905804,2.19609543348298,0,0,3.74760192197322,0.865458624820184,-0.0388292476567058
100,0.00380937654203357,29.826714735,14.734969905,0,2.998074051,1,1,0,1160.196068125,-0.00087360114717384,-0.206468622596541,"12",29.8034084173214,0.741631086062375,14.1294089763839,1.45400681142744,0,0,3.74762999603572,0.865491041955263,-0.0359017898582609
101,0.00378146159671261,29.8335841914286,14.42021174,0,2.99811148314286,1,1,0,1173.68381642857,-0.0009015160924948,-0.213823560197268,"12",29.7303584583036,0.736828016256316,14.35579267625,0.528595013423167,0,0,3.74784270334822,0.865736744492635,-0.0291667527430498
102,0.00376754532361885,29.84417803625,14.354336205,0,2.998074051,1,1,0,1187.14508075,-0.00091543236558856,-0.21751047918834,"12",29.6501634057143,0.780931355366865,14.8473839604688,1.26449238288622,0,0,3.6341477845,0.757471592462958,-0.0230607159445902
103,0.00376167288879109,29.8269347757143,14.3757534114286,0,2.99811148314286,1,1,0,1200.63560771429,-0.00092130480041632,-0.219070385063528,"12",29.5374192595536,0.824978516590029,12.7599259884643,4.79843976645856,0,0,3.37236181078572,0.749833403137849,-0.0222856874925601
104,0.00374120040786936,29.80730000625,15.08110550625,0,2.998074051,1,1,0,1214.08852225,-0.00094177728133805,-0.224527636005957,"12",29.3610664440179,0.847373560102832,13.6697140327991,3.26539226891902,0,0,3.37302543421429,0.749427924522743,-0.0246149447131693
105,0.00373661144097132,29.76587332,15.4231817457143,0,2.99811148314286,1,1,0,1227.56074671429,-0.00094636624823609,-0.225754991666713,"12",29.1459212549554,0.86027882442473,14.6984504195089,3.6549014884615,0,0,3.56568761728572,0.719582788996323,-0.026239954188574
106,0.00377118082351911,29.60096782875,8.328999925875,0,2.998074051,0.25,0.25,0,1240.97615025,-0.0009117968656883,-0.216545992612047,"12",28.841026518,0.760191108565006,15.2984233496786,1.47824484912004,0,0,3.89764605491786,0.821176085997161,-0.0325379533188092
107,0.00384010092207115,28.8436580857143,7.86028538357143,0,2.99811148314286,0,0,0,1254.21557385714,-0.000842876767136261,-0.198435513249978,"12",28.6234379026071,0.747441966552619,13.5478657944964,3.26887407466323,0,0,3.96826525717857,0.897338052095383,-0.0316765144452964
108,0.00394728238857727,27.8733101975,5.3678028475,0,2.997915161875,0,0,0,1267.009830375,-0.00073569530063014,-0.170906822762112,"12",28.4428789758214,0.581885512890639,12.1128518147821,3.60834261677551,0,0,4.19692121971786,1.25345965325508,-0.0252767523873128
109,0.00407341046967239,26.9121296885714,2.45615939457143,0,2.99590731971429,0,0,0,1279.40581271429,-0.00060956721953502,-0.13945356098099,"12",28.1802469941964,0.586621349191743,7.92690146934822,5.08676102887588,0.000195020392857143,0.000390040785714285,4.12621507400446,1.44203337702731,-0.0144596566486817
110,0.00420281974651679,25.9645242575,2.428110820125,0,5.155684017375,0,0,0,1291.334303875,-0.00048015794269062,-0.108178495300265,"12",27.954114165491,0.892606963753808,6.03239517830357,4.21611852411054,1.83937898109375,3.6787579621875,3.64988539663393,0.770042724939234,-0.0115819831848662
111,0.0043319442094475,25.0301473985714,2.50353115685714,0.00277782185714286,5.99305689971429,0,0,0,1302.87763914286,-0.00035103347975991,-0.0779177139000247,"12",27.4762421079643,0.983106199608653,8.69015664828214,8.81474993035233,5.25501281773214,8.2754285471034,3.71548892665714,1.03942382733018,-0.0117622014601266
112,0.00445677383597847,24.07558033875,2.358337143375,5.051362503875,-1.272469924,0,0,0,1313.955674,-0.00022620385322894,-0.0495090157742242,"12",26.2268663629286,0.943646966186188,11.4677947471857,12.2679737868186,8.59715209822857,11.910747805852,2.61153946374643,2.45775534537204,-0.0145486890374051
113,0.00454963083763999,22.68692397,2.39725134957143,18.22566481,-21.1211802614286,0,0,0,1324.57277085714,-0.00013334685156742,-0.0288880702681391,"12",24.5282200848571,0.93051894774924,12.2329713101107,13.5223875206018,11.0063167709179,12.9474180245509,-3.45097799827142,6.43272859067426,-0.0148174773371105
114,0.00455756285283258,20.79449148875,2.47696880475,23.02131138625,-40.93910268625,0,0,0,1334.34714525,-0.00012541483637483,-0.0271461468406473,"12",23.0322192245357,0.985799845740784,18.3204950538143,14.5601117055884,8.82809033114286,12.3902697766351,-8.66729798356428,9.22166850290158,-0.0112357554692286
115,0.00456681214168009,18.4044481642857,2.33374058614286,25.0416987942857,-43.0885123214286,0,0,0,1343.07561514286,-0.00011616554752732,-0.0251187659365462,"12",20.5386319197857,1.0354819366794,18.3878667119357,14.6898771472322,9.98736447975,13.7448923672562,-22.2397672226571,15.7788162946041,0.00185902133466964
116,0.00460905385615517,15.74411124375,2.496583381375,27.1837607725,-13.3433820785,0,0,0,1350.42623275,-7.39238330522401e-05,-0.0159115669702015,"12",17.8069864520153,1.77990799162862,17.6054802363929,14.6611210041842,11.8824234291327,14.8877414532696,-24.8254887207168,17.0983583002952,0.00643322830716495
117,0.00468088725676004,12.5429247257143,2.35021488,28.6020344985714,91.1085504028571,0,0,0,1356.521969,-2.09043244737018e-06,-0.000446489232707847,"12",15.7374287785913,2.11724180957671,13.387933306244,13.6115748771225,15.5508529756349,14.8184350665522,-8.62454586446232,46.2841869122057,0.00998242799298342
118,0.00476806123847459,9.675846799375,1.798048477125,19.73637804075,284.07812185,0,0,0,1361.379090125,8.508354926718e-05,0.0180056069586625,"12",13.626017720625,2.56340246082374,15.6533887652062,13.1795621769866,12.6776508618506,14.6387530491629,63.3620054057646,109.309265889183,0.0130437071603104
119,0.00487335994698932,8.77938985728571,3.57181356214286,0.162458306285714,473.5233372,0,0,0,1365.43007714286,0.00019038225778191,0.039849459902257,"12",10.9637539105649,2.43959503380467,14.5676129099854,11.8700233772412,9.61638061738636,12.9055961249282,231.626994688711,200.718570228304,0.0188818383474889
120,0.00499775442610564,8.321151185625,15.214473219125,0,592.5708607,0,0,0,1367.924783125,0.000314776736898229,0.0650545294473686,"12",10.1251199937774,2.56425402447917,14.3605917241917,10.5293100253508,7.06299462334404,11.7549523104495,324.685908578269,235.463926496095,0.0650545294473686
121,0.00512330296807858,8.69137906414286,17.3705807528571,0,592.964472928571,0,0,0,1367.77765314286,0.000440325278871169,0.0898651741937027,"12",10.2275300601799,2.6290264251194,14.1455925078584,10.8925591939011,7.56749423929719,12.0289889669429,305.523153981819,231.897076830255,0.0774598518205356
122,0.00524150128632186,9.9849753395,22.44490105375,0,427.1932489125,0,0,0,1364.662412875,0.00055852359711445,0.112673794065386,"12",11.7800476709762,2.85571930013551,11.8460958395179,11.928933523624,13.5690836871875,13.830811211426,176.173059518766,199.619382576628,0.0345138309671384
123,0.00531308020517327,12.2469978114286,25.1079838657143,0,133.043357827143,0,0,0,1359.84914542857,0.00063010251596586,0.126237574865317,"12",14.3330229130357,2.07573467130769,16.1296294151171,13.4943018778732,12.805311550873,15.2034139692069,28.4412440068076,74.0123961862647,0.0211789111642422
124,0.00528955539372581,14.665356095,23.98628844375,0,-22.00292493825,0,0,0,1353.91462125,0.0006065777045184,0.121800027354015,"12",16.7704411330134,1.65793732857859,15.5623904349844,14.4369588530767,13.7950905970536,14.8070139384299,-22.120461095221,16.6695863083156,0.0170428020669509
125,0.00519348870333507,16.5569141942857,26.5723447828571,0,-40.0511840914286,0,0,0,1346.98387542857,0.00051051101412766,0.103471500449139,"12",19.2428260322959,1.47760528579384,14.2017137926276,14.9925446107379,14.7498185314541,13.8913453434311,-30.497992336102,10.1224417879424,0.011245541258635
126,0.00507508142486776,18.8513695175,29.652066065,0,-13.438050017,0,0,0,1339.03683275,0.00039210373566035,0.0804084014775803,"12",21.8463086516327,1.1719899280123,13.6379600771174,14.0950304071259,13.4396105792092,12.8699560889333,-20.0909614686531,14.013021018871,0.00527421177566576
127,0.00496805197690996,21.6791552914286,29.1045559414286,0,-0.607393386285714,0,0,0,1329.92577157143,0.00028507428770255,0.0590936397114383,"12",23.78418163275,1.12044884697244,17.4074802622786,13.840152281279,8.82809033114286,12.3902697766351,-8.60817615873214,9.2869767738309,-0.00383934893009715
128,0.00489855861071694,24.39957035125,29.3194662825,0,0.14684765275,0,0,0,1319.4687765,0.000215580921509529,0.0450068338441199,"12",25.68591077775,1.11684262015694,15.8578871267821,12.22404761641,5.823359401775,10.4295712693379,0.509397476921428,1.88151120008167,-0.00853709852072715
129,0.00481721376475717,26.5239586014286,24.2849810985714,0,2.88429970857143,0,0,0,1307.94199071429,0.000134236075549759,0.0282615372430559,"12",26.6834926276786,1.13241660579261,11.4219337640268,11.1527237322369,4.73008149653571,9.45831120248017,3.51752556991518,1.69493597658905,-0.0122690976878895
130,0.00471050841842113,27.572974495,15.22903745125,0,2.996239810375,0,0,0,1295.645155625,2.75307292137194e-05,0.0058616805603604,"12",27.5749060497768,1.12205740486742,9.06126510039732,8.78696845424692,1.83937898109375,3.6787579621875,4.18885104454911,0.903712029308156,0.000890713441939361
131,0.00460787075029532,27.6805663528571,10.4671406837143,0,4.10759820357143,0,0,0,1283.14686014286,-7.51069389120906e-05,-0.0161682916134405,"12",28.0461804620982,1.00388993052953,6.99081733391071,5.63752057567354,0.000195020392857143,0.000390040785714285,4.12572715049554,1.44256212000095,-0.00343597783432366
132,0.00454710556269353,27.50776780125,14.1730734725,0,6.011722574125,0,0,0,1270.66282,-0.000135872126513881,-0.029443274870026,"12",28.2315436027232,0.664296755994276,10.4294849337455,4.08946044467018,0,0,4.12181063808036,1.43438733611331,-0.00909563345677957
133,0.00455242304899998,27.4952639771429,15.1989639028571,0,5.99414226257143,0,0,0,1258.25809542857,-0.00013055464020743,-0.0282745359118275,"12",28.4474365471875,0.63268288183089,12.8232028978571,3.64458600968611,0,0,3.83606316029018,0.978298217822785,-0.0131477368003318
134,0.00463742347421865,27.61000143875,14.468693225,0,4.850862449875,0,0,0,1245.787643375,-4.555421498876e-05,-0.0097752394896915,"12",28.7681344050446,0.815768498344736,13.1664927249955,3.51485314566597,0,0,3.74775640436161,0.865658658386139,-0.0120926156195606
135,0.00474385147760517,27.7219819814286,15.5406624328571,0,4.49776643857143,2,1,0,1233.30670357143,6.08737883977598e-05,0.0129151875318483,"12",29.0267408792857,0.831870781096597,14.7515371152679,3.64682553735115,0,0,3.56571101235268,0.719597173053811,0.00368276306510227
136,0.00482253761455607,27.88203644,17.4260057175,0,3.769453858125,2,1,0,1220.729325,0.00013955992534866,0.029366098972968,"12",29.2940593061161,0.823758333585136,14.4661357845402,3.67999269665017,0,0,3.37300203914732,0.749406092690614,0.010103145684603
137,0.00492350322323479,28.0978471957143,16.8324684242857,0,2.99874897771429,2,1,0,1208.10522828571,0.00024052553402738,0.0500861473449561,"12",29.5200904296429,0.819696316170051,12.5519211532857,4.67171735948978,0,0,3.37238520585268,0.749855249161976,0.0183748303216133
138,0.00501609310976612,28.35014683,15.83059895,0,2.996150632125,2,1,0,1195.332929875,0.00033311542055871,0.068717198312628,"12",29.6284953263393,0.777143298039595,14.5553924617187,0.903304882627943,0,0,3.63412438943304,0.757460745976564,0.0234814143498699
139,0.00501687373540647,28.5564935628571,15.27315706,0,4.04323837885714,2,1,0,1182.49548942857,0.00033389604619906,0.068872810433831,"12",29.7017858367411,0.729182917662337,14.8204538896875,1.11395964162141,0,0,3.74786609841518,0.865742137088667,0.0213933942684378
140,0.00504938228023772,28.70854124125,14.82805331875,0,4.498074202375,2,1,0,1169.540399125,0.00036640459103031,0.0753317475302753,"12",29.9363690231071,0.706065934358965,14.0231571306429,0.876497763251848,0,0,3.59770757740357,0.821064936643687,0.00215838729931406
141,0.00515943789546398,28.8340185685714,14.8331518357143,0,4.497167225,2,1,0,1156.56165242857,0.00047646020625657,0.0968934706193831,"12",29.8351235495536,0.687062729036032,14.2978423915179,1.59489975781356,0,0,3.74761595900446,0.865474833691277,-0.000534400098818604
142,0.00528685832754066,28.9608790975,15.50688549625,0,4.497111076875,2,1,0,1143.491876,0.000603880638333249,0.121290012094836,"12",29.9111523536607,0.753166244398591,14.3434503704464,2.16325564531397,0,0,3.74761595900446,0.865474833691277,-8.52688053548039e-05
143,0.00541695449635485,29.0929092414286,15.2991226157143,0,4.497167225,2,1,0,1130.39699857143,0.00073397680714744,0.145599587610422,"12",30.0398986412946,0.896695000970313,13.2455368517188,3.87957699040302,0,0,3.74761595900446,0.865474833691277,-0.0192362503714762
144,0.00554766287416909,29.2224462075,15.03178485375,0,4.497111076875,2,1,0,1117.21197975,0.000864685184961679,0.169442566006953,"12",30.1507436427232,1.03743791638372,11.4423413091875,4.73317622606132,0,0,3.74761595900446,0.865474833691277,-0.0174500793169555
145,0.00567801150266196,29.3470012514286,14.9156988971429,0,4.497167225,2,1,0,1103.99781185714,0.00099503381345455,0.192666914155792,"12",30.0871656197322,0.984264815018725,14.2517165197321,2.71710463963709,0,0,3.74761595900446,0.865474833691277,-0.0200265092710257
146,0.00580703277689263,29.4637117325,14.77929083125,0,4.497111076875,2,1,0,1090.6997295,0.00112405508768522,0.215135560636091,"12",30.0069839300447,0.892034423225875,13.988872000308,2.70068531774956,0,0,3.74713109028571,0.86603508778563,-0.0183222243626604
147,0.0059331905756406,29.5645068114286,14.2992061671429,0,4.497167225,2,1,0,1077.38417514286,0.00125021288643319,0.236627937574925,"12",29.9355293666518,0.798794302352156,14.4650896684822,1.68811167673145,0,0,3.55356552307589,1.13468648910004,-0.0152991399316938
148,0.00605109938682879,29.65854167375,14.2114910575,0,4.497111076875,2,1,0,1063.990502625,0.00136812169762138,0.256305801556777,"12",29.8672764663839,0.714699226170626,15.0748115625,1.63104447941404,0,0,3.37216516672768,1.43323882372901,-0.00890471613593052
149,0.00612299731007749,29.74584778,16.2956511842857,0,4.49257692614286,2,1,0,1050.58783671429,0.00144001962087008,0.268117562178523,"12",29.828333495625,0.658227058676951,14.8993197377232,1.5887599094083,0,0,3.62605471658036,1.75322941403003,0.000572647936491871
150,0.00605606302434386,29.86256490375,15.0095645575,0,5.508958723,2,1,0,1037.11472125,0.00137308533513645,0.257125752184777,"12",29.8369817439732,0.696963998457267,15.06363636125,1.59067620060152,0,0,3.59358992534375,2.03579909143054,0.0085193441095858
151,0.00593844920437369,30.0243130928571,15.8728469757143,0,5.99474324757143,2,1,0,1023.59952771429,0.00125547151516628,0.237513852088147,"12",29.8722263988839,0.792369381215187,12.5229322312054,3.50998532178164,0,0,3.26072482809375,2.08049949693617,0.0114816647120565
152,0.00581191816986191,30.08457194125,7.50477926,0,5.550064240875,2,1,0,1009.99904025,0.0011289404806545,0.215976495965877,"12",29.8830328132589,0.967285964552387,11.5071795315625,4.53738629992832,0,0,2.75055918230357,1.41309019068163,0.0301686845165622
153,0.00568225978218242,29.9164574085714,6.06407385328571,0,3.29379218114286,2,1,0,996.452740157143,0.000999282092975009,0.193414832851954,"12",29.9164407413393,1.19966606797908,11.399214560183,6.38259954401294,0,0,3.09884344825,1.39347664756637,0.0263418068769207
154,0.00555096178584419,29.69449153875,11.495145647375,0,2.996748886375,2,1,0,982.9821168625,0.00086798409663678,0.170037038171543,"12",29.9683491422768,1.32664783515213,13.8283297097768,2.79911181566093,0,0,3.68132181159375,1.3615065780124,0.0203847730426804
155,0.00541881424259855,29.6122647114286,15.1301965314286,0,4.04323837885714,2,1,0,969.611067342857,0.000735836553391139,0.145942848208251,"12",30.0259602801339,1.29063195318781,14.6226750210268,0.58880180655309,0,0,3.69670598825893,0.661318636359903,0.0108542013703251
156,0.00528622217645134,29.73151357125,14.31882259875,0,4.49994724075,2,1,0,956.1944156875,0.000603244487243929,0.121169677992053,"12",30.0991451591518,1.22603193305453,14.6381898589732,0.293058436203971,0,0,3.71769859877678,0.644348272756682,-0.000318528606314405
157,0.00515353590354422,29.9153940328571,14.2246047685714,0,3.93965928985714,2,1,0,942.737795042857,0.00047055821433681,0.0957488943672455,"12",30.1859050090179,1.10826793953761,14.0025368535714,1.06965362680862,0,0,3.72878572928125,1.15371347955911,-0.0107124478102929
158,0.00502112233685232,30.03844855875,14.6289367875,0,3.856976057125,2,1,0,929.181424,0.000338144647644909,0.0697193143743213,"12",30.2332099744643,1.0410621758698,15.0395463522321,0.607612572719565,0,0,3.76154589186607,1.47266984389858,-0.0162001711720989
159,0.00488951001230235,30.1510614057143,14.2530504657143,0,4.49922105942857,2,1,0,915.598262357143,0.000206532323094939,0.043157929600417,"12",30.4534358023214,0.892287805545617,14.9093686982857,2.21604514471546,0,0,4.19254105511786,0.65843154587721,-0.0185014202862716
160,0.00476001854268001,30.2546955825,13.75006470625,0,4.497111076875,2,1,0,901.9409824875,7.70408534725995e-05,0.016317397430476,"12",30.5743977059643,0.9539725856774,15.27239609565,1.58712181440633,0,0,3.60731719800357,1.32222852489143,-0.0293032072995373
161,0.00463734625329046,30.3233179671429,14.0608982642857,0,4.497167225,2,1,0,888.2669493,-4.56314359169501e-05,-0.00979189131583791,"12",30.70996691225,1.02467536374914,13.0698056991536,4.62443754551558,0,0,3.57369362465714,1.35522725088474,-0.0377095245113432
162,0.00456298586997109,30.36238045625,13.60985793375,0,4.497111076875,2,1,0,874.5475476125,-0.00011999181923632,-0.0259569601319303,"12",30.7910628291786,0.943378781996994,11.7106306146571,3.72804303208281,0,0,2.7560278475,1.59441726141986,-0.0536681876972398
163,0.00456220552156064,30.4111460528571,13.2902545885714,0,4.497167225,2,1,0,860.830727214286,-0.00012077216764677,-0.0261279918093535,"12",30.8744830118214,0.772977494940452,12.70143952105,3.57568597969297,0,0,3.15054373629643,1.43572593674203,-0.0566182585604965
164,0.00460259885435844,30.45632384875,13.98956666875,0,4.497111076875,2,1,0,847.0681208375,-8.03788348489702e-05,-0.0173130533084285,"12",30.8237000702232,0.649330846181118,8.79569390380805,6.56576047361703,0,0,3.27588436462946,0.985713636773272,-0.056787651117533
165,0.00462198774270208,30.5167400971429,13.9252430971429,0,4.497167225,2,1,0,833.307715214286,-6.09899465053307e-05,-0.0131093057969709,"12",30.8013675556696,0.391756858706794,9.76224782208928,5.73773855173969,0,0,3.74827496085268,0.867543228064515,-0.0524861161228885
166,0.00455398444803456,30.57810868,13.96704135,0,4.497111076875,2,1,0,819.4978798375,-0.000128993241172851,-0.027931612752262,"12",30.7937388447322,0.14989644198501,11.7437034275848,6.00166234960493,0,0,3.75071367001786,0.870262272884165,-0.0477004219859572
167,0.00443820402914218,30.6378888342857,13.2789051928571,0,4.497167225,2,1,0,805.680881228571,-0.00024477366006523,-0.0536843681311376,"12",30.8035915228125,0.177639040379876,8.81427594709822,6.48245603396451,0,0,3.61351321412947,0.717002440318783,-0.0491715260572412
168,0.00431633657441109,30.64913268,13.59802764125,0,4.497111076875,2,1,0,791.8260289875,-0.00036664111479632,-0.0815271368616841,"12",30.7374850334375,0.387870993472762,12.798174562558,3.91841825068132,0,0,4.06713065755357,1.49085221585814,-0.0590551860136759
169,0.00420973615600261,30.6999194942857,13.9239044457143,0,4.497167225,2,1,0,777.978743385714,-0.000473241533204801,-0.106534188632973,"12",30.7044689739732,0.425113801968973,16.2079731259375,1.14641576788952,0,0,3.70818448174107,1.87298633153794,-0.0732544016522842
170,0.00418246189391232,30.729939355,14.5019753925,0,4.497111076875,2,1,0,764.0960221625,-0.00050051579529509,-0.113034120427749,"12",30.7699572503125,0.395207793290729,15.191171080625,0.82550105667953,0,0,3.51101128291518,1.59713760499519,-0.0869963612497012
171,0.00420661812607604,30.7929044985714,14.1405992585714,0,4.497167225,2,1,0,750.209531585714,-0.000476359563131371,-0.10727513415181,"12",30.8494717657857,0.274111910205719,12.5158079142393,5.24948115892344,0,0,3.27871917428571,1.73352270699032,-0.0982456575688512
172,0.00422873178950081,30.88359415125,13.63836998,0,4.497111076875,2,1,0,736.2724275375,-0.000454245899706601,-0.102032028938451,"12",30.9612184791429,0.21486048802526,11.2984328893536,5.04327908325387,0,0,3.53933955446429,1.1238875908595,-0.104591134943013
173,0.00422648011054559,30.97637206,13.93806229,0,4.497167225,2,1,0,722.309783814286,-0.00045649757866182,-0.102564642190917,"12",30.8986236690714,0.244867414320911,11.7768843352429,5.48415367981135,0,0,3.884809676725,0.808897146515477,-0.105151347333253
174,0.00420710753451694,30.951740155,3.902211489625,0,4.497111076875,2,1,0,708.301749025,-0.00047587015469047,-0.107158798428598,"12",30.7073117472857,0.303942944181705,12.4744564373571,6.17208685615982,0,0,3.63056629856071,1.28020719977559,-0.102311023485266
175,0.00415076084369895,30.6421265528571,2.35327720857143,0,4.497167225,2,1,0,694.391770542857,-0.00053221684550846,-0.120642509972909,"12",30.5078431119643,0.400759928521999,12.8587453319393,4.54349884541822,0,0,3.38678476915,1.24456571631678,-0.0997860505542647
176,0.00407708310748803,30.30745342125,5.886170467375,0,4.497111076875,2,1,0,680.6163018625,-0.00060589458171938,-0.13855235470696,"12",30.3529466196071,0.47216525367886,14.89378762025,2.0756043729018,0,0,3.15611039478929,0.952350334008895,-0.0983732923747473
177,0.00403151481838854,30.0036473385714,15.84404146,0,4.497167225,2,1,0,667.007285171429,-0.00065146287081887,-0.14979197174246,"12",30.3140953785714,0.401133960713981,14.1626259394286,1.58915797492561,0,0,3.49992547516429,0.709168428725314,-0.0962791291923435
178,0.0040136884253038,30.03688346,15.58058859,0,4.497111076875,2,1,0,653.4456715,-0.000669289263903611,-0.154223537055516,"12",30.3494371106696,0.336420522427833,12.7820617050893,2.05790037126156,0,0,3.74746136020536,0.865226258100377,-0.0921018483289344
179,0.00403079610569914,30.1942009814286,14.0269274428571,0,4.497167225,2,1,0,639.849651742857,-0.00065218158350827,-0.149970261237927,"12",30.3954931161607,0.233373499746602,10.8509666108125,2.65956596257734,0,0,3.74761128000893,0.865447818956391,-0.0875771981417271
180,0.00407814240583514,30.186555495,10.34655717825,0,4.497111076875,2,1,0,626.1936567375,-0.000604835283372271,-0.138292570762211,"12",30.4174927111607,0.30835801256217,11.397697348058,4.73538762589487,0,0,3.747620638,0.865501847549231,-0.0854463918086013
181,0.00414491661740723,30.0743707642857,14.1324322042857,0,4.497167225,2,1,0,612.589994857143,-0.000538061071800181,-0.122051491251429,"12",30.4695303320982,0.462776326053847,11.9471699652054,6.35229048474189,0,0,3.74853641019643,0.866517384226524,-0.0840278216146986
182,0.00424820426231987,30.04282932,13.53260048625,0,4.500811597625,2,1,0,599.008527875,-0.00043477342688754,-0.0974377966613655,"12",30.5313503139286,0.562062977417261,13.112970126942,1.29836996616531,0,0,3.26217420946428,0.849364753728356,-0.077858330645497
183,0.00437034456297917,30.0765036857143,13.48853253,0,2.55538151085714,2,1,0,585.387246614286,-0.00031263312622824,-0.0690923110902428,"12",30.4657276800447,0.529884424215181,11.8686208346027,6.11409454022924,0,0,3.96629655466518,1.17361483257023,-0.0673336975272414
184,0.00449210617793627,30.11424332125,13.9235049025,0,5.3718521755,2,1,0,571.6988287625,-0.00019087151127114,-0.0416124913579878,"12",30.2538193360714,0.456868064372347,14.9855665976214,2.05047224083065,0,0,3.84910982725714,1.24717410355416,-0.0540843858804269
185,0.00458783496631205,30.1766224871429,16.1746142514286,0,5.75412232614286,2,1,0,558.087619428571,-9.51427228953602e-05,-0.0205259376430211,"12",30.2574190861429,0.444266911039915,15.4549469242143,2.75483859685088,0,0,3.59808963008214,0.821571281289128,-0.0370315105809595
186,0.00461325078236565,30.29853620875,18.209780545,0,4.49904005625,2,1,0,544.425655825,-6.97269068417605e-05,-0.0150013982924797,"12",30.3508715808929,0.461972793716014,15.6657822218214,2.58721506436431,0,0,3.59771880702857,0.821080313201018,-0.0200573079501115
187,0.00460657814870064,30.5657124657143,18.1474532071429,0,4.497167225,2,1,0,530.686226285714,-7.639954050677e-05,-0.0164488513277039,"12",30.4586688970357,0.547265435183165,15.1033390195357,1.92755637279424,0,0,3.59770383420714,0.821042725463393,-0.00854001583328381
188,0.00458019335626147,30.83416458875,17.1637530575,0,4.497111076875,2,1,0,516.811531275,-0.000102784332945941,-0.022192950742161,"12",30.5614602888214,0.641913933072372,14.5646686276786,2.20412546945708,0,0,3.59771880702857,0.821080313201018,-0.00338758339011323
189,0.00453887806766387,31.0910663914286,16.2743913471429,0,4.497167225,2,1,0,502.831475157143,-0.000144099621543541,-0.0312543054489938,"12",30.7433868299107,0.604620047458508,11.4317175504107,3.26946809047133,0,0,3.74772729740179,0.865313881581917,0.000557319891953689
190,0.00450468853562043,31.093627645,9.051210113875,0,4.497111076875,2,1,0,488.7627383125,-0.000178289153586981,-0.0388154139524506,"12",30.6156724855804,0.492571443076472,13.5489948516964,3.06312448245305,0,0,3.69434840294196,0.931091053188116,-0.00120878901629515
191,0.00449672596521294,30.81814127,9.63163530357143,0,4.497167225,2,1,0,474.774003828571,-0.00018625172399447,-0.0405845964085501,"12",30.5245960066964,0.505908215135155,11.7147498967857,3.04592706107921,0,0,3.37343452033036,1.43417222904358,-0.000503928996449865
192,0.004502354328845,30.5378282725,10.521993467875,0,4.497111076875,2,1,0,460.916791875,-0.00018062336036241,-0.0393337209730742,"12",30.4005951571428,0.443765927618169,11.08338192325,6.16620996468394,0,0,3.37283101737947,1.43531389657414,0.00407592661218583
193,0.00449426465405935,30.3337603328571,13.7711776528571,0,4.497167225,2,1,0,447.173642042857,-0.000188713035148061,-0.0411321025209581,"12",30.2860965732589,0.279390049377978,12.2711371829241,4.50524712804115,0,0,3.3727126111875,1.43542879428092,0.0106421203963475
194,0.00447123528925256,30.23228141375,14.802279045,0,4.497111076875,2,1,0,433.48598405,-0.00021174239995485,-0.0462694434586446,"12",30.2636646169196,0.103673700895059,13.5590933349107,2.09859585536669,0,0,3.46130858291072,1.28425010410384,0.014245536466484
195,0.0044504240711358,30.28456494,16.6905546957143,0,4.497167225,2,1,0,419.829389514286,-0.00023255361807161,-0.0509347763426904,"12",30.3268716743303,0.167794854229068,14.0617786510714,2.47832105875568,0,0,3.74700538829464,0.866147973186324,0.012133665818479
196,0.00448608704216986,30.48532156125,15.6057108025,0,4.497111076875,2,1,0,406.1004772625,-0.00019689064703755,-0.0429533260641586,"12",30.3543251692411,0.253242612683927,10.5962530092321,4.27348232317277,0,0,3.74768051331696,0.865432712098494,0.00873706501450684
197,0.00457395395701278,30.5631636171429,5.51391997985714,0,4.497167225,2,1,0,392.303719814286,-0.00010902373219463,-0.0235561361629442,"12",30.1883129729018,0.238515799662879,10.6769008983259,5.61067002117453,0,0,3.74917248840178,0.863648944459828,0.00871048465134416
198,0.00465297748718217,30.27980728375,2.985020280125,0,4.497111076875,2,1,0,378.546831375,-3.00002020252408e-05,-0.00642683133686361,"12",29.9789019656696,0.207784174906206,12.8060180851339,4.41688135076754,0,0,3.41249502559821,1.36682465199241,0.0126137874639227
199,0.00471037624203731,29.9358038714286,7.33886027585714,0,4.497167225,2,1,0,364.9508209,2.73985528298996e-05,0.00583362026967915,"12",29.8231940076339,0.197651472704948,14.4402285239777,1.59822299888916,0,0,3.37282564950893,1.43523201491993,0.0174982481551707
200,0.00477670553748373,29.6485579925,12.196594416625,0,4.497111076875,2,1,0,351.4888971875,9.37278482763199e-05,0.0198169243840782,"12",29.7637766686161,0.248975117203552,14.6983606745089,0.852869357467615,0,0,3.37331228151786,1.43441954447471,0.0204610197097512
201,0.00485394548912192,29.5070648014286,13.8951597114286,0,4.497167225,2,1,0,338.1395016,0.00017096779991451,0.03585771041418,"12",29.7975906539732,0.375172117493426,15.4365354666964,0.592634828130985,0,0,3.67302231426339,0.954650392825817,0.0226807610545454
202,0.00491937051156656,29.50585863375,16.17486506625,0,4.497111076875,2,1,0,324.8102148625,0.00023639282235915,0.0492464105082444,"12",29.9362339858036,0.468456276495486,14.7203063990536,3.2657289775634,0,0,3.36843329466071,1.44271328453854,0.0257131077686445
203,0.00496178872680032,29.6645578771429,17.1589148814286,0,4.497167225,2,1,0,311.4577746,0.00027881103759291,0.0578321389480374,"12",30.1167455091518,0.544809006923255,14.2540101512321,2.85368979260198,0,0,3.29676456937054,1.47040499723374,0.0306203885383292
204,0.00500972718818708,29.94861553,16.60551839,0,4.497111076875,2,1,0,297.9917741125,0.00032674949897967,0.0674472927850269,"12",30.3212233641071,0.631955133430337,13.9189424264911,2.90555621158105,0,0,3.23440910753571,1.50708518542885,0.0367412440807428
205,0.00508476590359212,30.2401705728571,15.6771632557143,0,4.497167225,2,1,0,284.406344714286,0.00040178821438471,0.0823148241144116,"12",30.5266965601786,0.672783193830805,11.306711038125,4.47162163761558,0,0,3.37330624623661,1.43504780510334,0.043967950494977
206,0.00514071281363469,30.47963675125,14.60250667,0,4.497111076875,2,1,0,270.6810653625,0.00045773512442728,0.0932575816653562,"12",30.6742831899107,0.654244611183521,11.1774735869598,5.50738236752307,0,0,3.372947097375,1.43521817231711,0.0540251330583599
207,0.0051893236568791,30.5772984757143,14.5028892871429,0,4.497167225,2,1,0,256.893591885714,0.000506345967671689,0.102669204027967,"12",30.8240055948214,0.650265593866094,12.2412572896205,4.17311243091847,0,0,3.37645110079911,1.4339702470346,0.0663584932491403
208,0.00528091550034979,30.61839042375,16.06665729875,0,4.497111076875,2,1,0,243.0760848625,0.00059793781114238,0.120165304507101,"12",30.8644349033036,0.589919937897167,14.4130797602411,3.3305102072487,0,0,3.014037386875,1.71276851203456,0.0789728553934209
209,0.00540398312546195,30.7219566,13.6415938585714,0,4.497167225,2,1,0,229.227819057143,0.00072100543625454,0.143202128661933,"12",30.845600268125,0.612880007676318,13.5954953815134,3.51670342728246,0,0,2.76935694864286,2.02970142801429,0.0908457379584379
210,0.00553046863151858,30.69136772125,11.25868891875,0,4.497111076875,2,1,0,215.3519608,0.000847490942311169,0.166338386184184,"12",30.8198347301339,0.704309403368879,12.9266175987589,3.2938710034947,0,0,3.17192923341072,1.55635791145637,0.101073842917954
211,0.00564592902683907,30.58992791,10.9502233928571,0,4.497167225,2,1,0,201.5158014,0.00096295133763166,0.18700058960868,"12",30.7661324945982,0.811890986030255,11.9548736901116,3.2724072785232,0,0,3.37327766354911,1.43505772142496,0.106603916507546
212,0.00568132070400357,30.481712625,11.1069254225,0,4.497111076875,2,1,0,187.7190207625,0.00099834301479616,0.193249554282299,"12",30.6459267720982,0.88463637077926,11.638791592,6.48716275241497,0,0,3.371674080375,1.43566329846043,0.106056783216684
213,0.00570839522551142,30.3705590057143,14.4813332828571,0,4.497167225,2,1,0,173.979382385714,0.00102541753630401,0.19800376803022,"12",30.4717279130804,0.85837095150855,12.652222281808,7.08043806197876,0,0,3.63755655986161,1.44068770083036,0.0821876592149767
214,0.00580237290314872,30.3464101575,15.56320414375,0,4.497111076875,2,1,0,160.2676721,0.00111939521394131,0.214332785017371,"12",30.0269768960357,0.860652612364529,13.6833819666857,6.8533119305409,0,0,3.29913889801429,1.64325401334553,0.0836928336603531
215,0.0059249708480844,30.3952616885714,13.4349390354286,0,4.497167225,2,1,0,146.551955885714,0.00124199315887699,0.235241596397682,"12",29.7645821959643,0.830034808614561,12.5140665728893,7.2594289343589,0,0,2.93090194858929,1.50653960331189,0.0930044876305729
216,0.00605084222400651,30.30214870375,7.8306320375,0,4.497111076875,2,1,0,132.824263675,0.0013678645347991,0.256263302125473,"12",29.3835791563571,0.858469967874955,12.8626058224071,7.42712375418578,5.02892285714286e-05,0.000112450133621739,2.69767912281429,1.64270209439074,0.106759640936769
217,0.00617101184106348,29.99142737,8.23327335757143,0,4.497167225,1.42857142857143,0.714285714285714,0,119.200657742857,0.00148803415185607,0.275928647031383,"12",29.4369614842143,0.874466326888168,10.3615395359464,8.12750717100673,0.00997461610357143,0.0221636244279947,3.3276119653,1.74620300522932,0.151748254719608
218,0.00623996170354206,29.69411217375,11.4779094875,0,4.497111076875,0,0,0,105.72298389875,0.00155698401433465,0.28703987380077,"12",29.1634222148929,0.701950920092906,9.96606984773929,7.36167894711218,0.0149251981321429,0.022213265940033,3.51663464008929,1.50179090353135,0.165188855584422
219,0.00618264235206849,29.5068403542857,14.7373113414286,0,4.497167225,0,0,0,92.3582197657143,0.00149966466286108,0.277811573989049,"12",28.8822428912857,0.570385734013562,8.89735183982143,7.52949140707705,0.00633980753214286,0.0107558313494303,3.59687392255,1.34240563567499,0.177184038681289
220,0.0061481922192827,29.42213147375,6.76014913575,0.00618373075,4.497111076875,0,0,0,79.0396055175,0.00146521453007529,0.272223919453453,"12",28.2776821332143,0.775050735053581,11.0203502925214,12.1142314522128,2.49094912186786,3.41361988526085,3.78582870480357,0.994451333225448,0.187484113854096
221,0.00623105151865986,28.9903548142857,2.47675762485714,6.42880991057143,4.496919997,0,0,0,65.8333842542857,0.00154807382945245,0.285610930362627,"12",26.87986577,1.0714843130805,14.0486319069687,13.576585868905,9.3246482978125,10.8434544350613,3.4379493245625,0.506475061072146,0.175411553184638
222,0.00631140687135538,27.89567492625,2.579687260875,20.2217546625,3.8898283865,0,0,0,52.95401932875,0.00162842918214797,0.298424439221548,"12",25.1376224175,1.10794536774151,14.5903141173214,14.1475872002156,12.0892446267857,13.9826080462834,-2.39646102492857,6.38298874289193,0.185828667309419
223,0.00626671341023106,26.02064565,2.48307922942857,25.1635376642857,-5.67974493085714,0,0,0,40.7456685528571,0.00158373572102365,0.29131786884213,"12",22.1838524732143,1.754530422172,18.0370164493679,14.2078569736016,10.85100013925,14.8998332981893,-4.23424159594642,19.2517644043573,0.196761631813304
224,0.00615407639448984,23.53699134125,2.616368923625,28.6989008525,-24.3136914525,0,0,0,29.562568805,0.00147109870528243,0.273180519531849,"12",18.950436439375,2.07411726130423,19.7647716117322,13.5460018339421,9.83665817428572,15.4659234765601,-7.58721128258332,29.9758349407354,0.205773211121807
225,0.00603523284376661,20.2487431657143,2.19950109628571,33.6846491485714,-27.5304620814286,0,0,0,19.7122361814286,0.0013522551545592,0.253680265271409,"12",16.1304802576984,3.07991155554942,15.3304735927381,12.6723045841135,12.2859784957143,14.814079276409,-4.94390394319836,57.0032750155793,0.238264067056528
226,0.0059240655259679,16.38731393875,1.984976720125,32.6539396,4.166751577375,0,0,0,11.64781665675,0.00124108783676049,0.235088786992022,"12",12.8626992796006,3.59970173089007,15.7849778387727,10.9754532680257,8.52576813693994,12.0953645196067,76.2654707254303,202.718370476181,0.223684183241193
227,0.00588058185309341,12.7802192,1.81274479657143,29.7155445842857,105.797934961429,0,0,0,5.21400125085714,0.001197604163886,0.227721541293096,"12",10.255590717058,3.42045948767199,13.1455502485045,9.65858600556695,6.02066089756697,11.2187174430048,205.762631650735,286.807853830743,0.233030077154765
228,0.00595541550392506,10.06905446175,1.933963934375,18.615173360625,272.336339925,0,0,0,0.104633752125,0.00127243781471765,0.240366803788884,"12",5.10548612147557,4.79503702137374,8.86118888753947,7.95674883143915,10.3545411506814,15.3287154049609,134.761859154215,243.792719654632,0.237580935298626
229,0.00606745266785179,9.02580464657143,1.771863651,0.01862482,449.303657614286,0,0,0,-3.91386232028571,0.00138447497864438,0.25900468680408,"12",4.76344816518139,4.62446327047462,6.81627605534023,6.81320505858902,13.4534087568722,14.8810590950126,119.040154888341,213.0081557321,0.268772569300945
230,0.00618895588682451,8.02161984075,5.074124535625,0,593.956176725,0,0,0,-6.099790791875,0.0015059781976171,0.278832223880861,"12",3.87409673344013,3.85337691340858,5.30264752566387,5.9666559592264,13.3609721249538,14.6492955701718,129.219707147621,197.102777912288,0.257728226561048
231,0.00630913159832296,7.324440167,15.2603437885714,0,626.723353685714,0,0,0,-5.69648306157143,0.00162615390911555,0.298063872510946,"12",4.10451468384623,3.86403098225206,5.28995180399504,5.78875712996398,12.6186958957897,14.5566395106938,155.03839990192,220.370433989915,0.256673026695058
232,0.00641550384488787,7.76904307675,20.9359015425,0,540.23610455,0,0,0,-3.163859172875,0.00173252615568046,0.31478336491767,"12",4.97656598925089,4.60092203777028,6.56405543512321,6.72673193799306,12.7816695600286,14.7924150276694,135.553330024638,220.086684061459,0.26931522943966
233,0.00643033849824451,9.95548286785714,23.8970653142857,0,243.964735957143,0,0,0,0.625683769142857,0.0017473608090371,0.317093008664492,"12",5.35366453848929,4.79730187758731,8.51482763988125,7.89791597652626,10.7675727611786,15.0337820112532,141.640583192754,239.276147852359,0.237417060681552
234,0.00632693180239029,12.53292703125,22.69582449625,0,-38.53841261,0,0,0,5.310459379125,0.00164395411318288,0.300881239755046,"12",10.4497929080536,3.34886093531446,12.2737959829711,9.76696889953776,7.84334425808379,12.5920446924098,198.073039597712,275.993726990293,0.233409258287742
235,0.0062033692306688,14.3140571257143,23.7384666728571,0,-96.5020326028571,0,0,0,11.0458317598571,0.00152039154146139,0.281158397536625,"12",12.381949054224,3.73699769561109,13.7880139276948,11.3747466587533,8.52746130239448,12.0940529276864,125.88416983608,222.075232216574,0.25111259608574
236,0.00607469269568504,16.21410645875,28.69220296875,0,-44.848763775,0,0,0,17.819487675,0.00139171500647763,0.260197232001864,"12",14.8895331493304,2.64047262663432,16.5482047159598,12.1291708972575,10.6548133205357,14.9479342614592,-4.59868531620976,62.3459079796957,0.216465432163035
237,0.00594399348507667,18.7544632485714,29.4011823414286,0,-2.23789969085714,0,0,0,25.6646905757143,0.00126101579586926,0.238447040853607,"12",17.6664993189286,2.79842519095105,14.4657146110387,13.5520379017515,15.2789814409524,16.9831041762286,-26.116439677878,43.8781308213447,0.216036070171969
238,0.00581230885882476,21.47779405,29.08351591375,0,2.787221068875,0,0,0,34.75920019625,0.00112933116961735,0.21604371573977,"12",21.5035743077232,2.69100857898389,15.6194863292545,15.1815482333663,13.5637501740625,15.7145354606049,-7.09245034749106,21.3187706246422,0.227040692460316
239,0.00568035034204651,24.1197729042857,28.9592394457143,0,2.99861298485714,0,0,0,45.06251554,0.000997372652839099,0.193078741038647,"12",23.9622255309375,2.47985839886053,15.4965490512054,15.0838667638598,12.0892446267857,13.9826080462834,-2.62508748697768,6.13355673985227,0.214523268236
240,0.00554934865837731,26.248762225,27.2784751725,0,2.999947089625,0,0,0,56.48974009875,0.0008663709691699,0.169746392705854,"12",25.982277271875,2.08308983739047,14.5416370474598,14.2046187873711,9.3246482978125,10.8434544350613,3.40703373486161,0.544449316814675,0.20047356379998
241,0.00541924309184061,27.9125404314286,23.0935173771429,0,2.43838700514286,0,0,0,68.7445257571429,0.000736265402633199,0.146021985865699,"12",27.3469785859821,1.61441269932349,14.0037048129018,13.6280925920198,3.11355866467857,3.59899754692024,3.74859897130804,0.865065081385331,0.188798739763792
242,0.00529447592779948,28.61089765375,17.9173674775,0,1.494906183,0,0,0,81.5625844525,0.00061149823859207,0.122729830788209,"12",28.3434994295982,1.02615042359824,14.339610080125,11.6507383588915,0.00167367034375,0.00301633921895899,3.60768016050893,1.05213990919892,0.17901013329416
243,0.00517113879541624,28.9022038557143,17.0610537228571,0,1.09429990914286,0,0,0,94.5572077085714,0.00048816110620883,0.0991587661744164,"12",28.73402491875,0.692727366980046,12.8848877822929,6.26107098590696,0.00500087125714286,0.0111822880776963,3.29694848968571,1.25573137008302,0.148000230630575
244,0.00505658460376718,29.24387185,18.0722587675,0,0.588802308875,0,0,0,107.695552875,0.000373606914559769,0.0767571083471026,"12",28.9268852185,0.878314374699052,12.5750002477321,6.48381912308684,0.009924326875,0.0221914695234281,3.12876359323929,1.43413413542761,0.134593126827274
245,0.0050089784147996,29.64261908,18.1658666442857,0,1.50075503414286,3,1,0,120.992014785714,0.00032600072559219,0.0672978177123777,"12",29.1680572728571,1.00574034826039,12.91821667505,7.47582562110306,5.02892285714286e-05,0.000112450133621739,2.72705480043571,1.75976592247301,0.121721396826708
246,0.00505372270042381,30.08491693125,17.55874068375,0,2.662194822125,3,1,0,134.4896505375,0.0003707450112164,0.0761909725656498,"12",29.5158332151429,1.01217723279573,12.7823040069964,7.49135814044294,0,0,2.69765666356429,1.64267134082829,0.109504404901558
247,0.00512638363572041,30.5089856628571,18.0106332814286,0,4.503267273,3,1,0,148.182298628571,0.000443405946513,0.0904662984609255,"12",30.1389745974553,0.800677732924513,12.5424445214375,7.34961487431615,0,0,3.28889625342411,1.47378438307274,0.0980139290900503
248,0.0051458678502329,30.86614932375,16.1236536875,0,4.056948344125,3,1,0,162.0627371125,0.000462890161025489,0.094259865533628,"12",30.3370548054018,0.899777728837447,13.3576450320759,7.61161052847584,0,0,3.7491316130625,1.50006586556923,0.0917915240326994
249,0.00513625529930472,30.9320574542857,12.7589128257143,0,2.993324846,3,1,0,176.036541514286,0.00045327761009731,0.0923901050956593,"12",30.5650298712946,0.982623757942427,12.4346009569107,6.84707817849681,0,0,3.63758463392411,1.44071003404827,0.0936083602630374
250,0.00516938628663913,30.827361655,9.598482512,0,2.999832758875,3,1,0,189.9961619,0.000486408597431719,0.0988198068380015,"12",30.9078024857857,0.920832773435754,10.7038142090036,5.37989340797991,0,0,3.59675025005,1.34132145256506,0.0988344852706624
251,0.00521170346452412,30.5933228357143,9.78314907557143,0,2.19434545814286,3,1,0,203.880397642857,0.00052872577531671,0.106972594739558,"12",31.0041473323929,0.838870920651191,12.2935728447321,2.96925497673254,0,0,3.59806680546429,1.34059456507348,0.101350975356189
252,0.00522999496871977,30.3549957125,10.256474849625,0,0.58414989925,3,1,0,217.641726475,0.00054701727951236,0.110476147858381,"12",30.8451946829464,0.695037007317443,13.0037339802321,3.23526520511572,0,0,3.17191519637946,1.55634197492777,0.0756014418317979
253,0.0052100555173173,30.17100674,10.501924714,0,1.562778072,3,1,0,231.315126642857,0.00052707782810989,0.106656343482586,"12",30.8532474878125,0.61050030567943,14.1912216164688,3.17403584434174,0,0,2.76937098567411,2.02971735990702,0.0684593947277315
254,0.00513484359431445,30.00625677375,10.607527532375,0,3.012526507875,3,1,0,244.910027025,0.00045186590510704,0.0921152163059995,"12",30.8385433592411,0.600436766078537,15.0193456202857,3.3638167671524,0,0,3.01402334984375,1.71275230549123,0.074395916603012
255,0.00505129022399984,29.8280567214286,11.1703306942857,0,2.998416914,3,1,0,258.432553042857,0.00036831253479243,0.0757095330185651,"12",30.8137326078125,0.654904749993752,11.8503152867188,3.74675653274921,0,0,3.37646513783036,1.43398487398098,0.0623239698292707
256,0.0049656789528964,29.70978438,12.69159224875,0,2.999947089625,3,1,0,271.8828343875,0.00028270126368899,0.0586158687656191,"12",30.6353539021786,0.573240312315584,11.8624802035679,5.00945263782002,0,0,3.597779893275,1.34075998305924,0.049665972102027
257,0.00488652237860014,29.6431759557143,14.1657078585714,0,2.43838700514286,3,1,0,285.295594142857,0.000203544689392729,0.0425467135948558,"12",30.4693913627143,0.59657132658886,12.1808014816429,4.33782440512985,0,0,3.59807844198929,1.34057239719321,0.0397071867594843
258,0.00485216083562389,29.64980568875,14.27341212,0,1.495191974875,3,1,0,298.69134045,0.000169183146416479,0.0354899721220869,"12",30.2467017972857,0.572095086160785,14.4562576191929,2.7884100766447,0,0,3.48694950140357,1.42209794661936,0.0333294608913779
259,0.00482868479944293,29.6990646257143,14.66618949,0,1.48203726214286,3,1,0,312.098987914286,0.00014570711023552,0.0306399657075751,"12",30.02630798275,0.51332969077084,14.8349910972714,2.79201600507663,0,0,3.53684510049643,1.38194118870736,0.0275968607150283
260,0.00479899123942665,29.75318642125,15.44170667125,0,2.942696451875,3,1,0,325.5254497,0.00011601355021924,0.0244715708777967,"12",29.8501589153929,0.449035690087168,15.0112181324929,2.9020488451155,0,0,3.59416885110357,1.3475343866673,0.0230982963531334
261,0.00477448397654005,29.8900845214286,14.7445337942857,0,2.99794867157143,3,1,0,338.999249771429,9.15062873326393e-05,0.0193517339627256,"12",29.7394854834643,0.349923766708882,15.1282603156429,0.859406698496627,0,0,3.83785129641071,0.905185614208752,0.0212166555701416
262,0.00479281730314146,30.04339978625,15.97226128875,0,2.998074051,3,1,0,352.537252,0.00010983961393405,0.0231842355475109,"12",29.7407329333929,0.22169015631074,14.1980074229321,1.34063659785108,0,0,3.59807204058929,1.34005758035523,0.0205325858570482
263,0.00487474647169012,30.2493925542857,16.1644692457143,0,2.99811148314286,3,1,0,366.154422728571,0.00019176878248271,0.0401339304695965,"12",29.8457159803929,0.178425824312506,13.0199548743536,3.46433597745897,0,0,3.59769396460714,1.3408008793866,0.0187943179202253
264,0.00496032640834107,30.44425787375,14.84924265,0,2.998074051,3,1,0,379.8605542375,0.00027734871913366,0.0575373795302223,"12",30.0390830292857,0.22469868623536,10.8418185241321,5.82426220454288,0,0,3.62941823585357,1.27923243302696,0.0147294117751212
265,0.00499687169348069,30.5309842514286,11.6257344328571,0,2.99811148314286,3,1,0,393.641512671429,0.00031389400427328,0.064877888000451,"12",30.25915205625,0.306995360289802,11.3091258232589,4.48446820914555,0,0,3.74918652543304,0.863665153259236,0.0122956647418206
266,0.00495291566681965,30.43855446375,10.48529327375,0,2.998074051,3,1,0,407.414731375,0.00026993797761224,0.0560422596297485,"12",30.3348646552679,0.234113344072091,13.1192007148928,3.08714816394635,0,0,3.74766647628572,0.865416503834575,0.0144804418010252
267,0.00484945109687866,30.2796072057143,12.8173638342857,0,2.99811148314286,3,1,0,421.132782442857,0.00016647340767125,0.0349313559295021,"12",30.2766825190179,0.130477363526121,14.332989624375,2.74825649259841,0,0,3.74701942532589,0.866164182047246,0.0191412705030533
268,0.00474411884133243,30.20375809,12.8367528375,0,2.998074051,3,1,0,434.7873835875,6.11411521250198e-05,0.0129715459968747,"12",30.2573879762857,0.0908744093856796,13.8077304769286,1.90057374628708,0,0,3.66846908170357,1.20480334856713,0.0209694231248316
269,0.00469456475207027,30.1592157814286,12.89384447,0,2.99811148314286,3,1,0,448.427849428571,1.15870628628594e-05,0.00247123776515146,"12",30.2956293251786,0.242895999482038,12.5711452769107,3.95890932528514,0,0,3.59760353395,1.34097781610768,0.0163948118316036
270,0.0046881147719248,30.1394356475,12.66813227375,0,2.998074051,3,1,0,462.04570225,5.13708271738991e-06,0.00109636803683966,"12",30.4280417802143,0.389182135350836,10.971104232175,5.34599292891333,0,0,3.59768702927857,1.34085629979874,0.00889922078832583
271,0.00468842964244394,30.129057,12.5980837614286,0,2.99811148314286,3,1,0,475.668234471429,5.45195323652971e-06,0.00116352934885988,"12",30.5833050593571,0.457374142171944,11.2981269781429,2.79752158664655,0,0,3.59818106126429,1.33984794854816,0.00394947849378349
272,0.0047156700928975,30.0738531875,10.82993762875,0,2.998074051,3,1,0,489.269394625,3.269240369009e-05,0.00695685924312617,"12",30.7112635174643,0.477135407179138,12.6494379041321,3.32912333892998,0,0,3.85490093772857,0.882657064848654,0.00296972486549989
273,0.00479546095632703,29.9762954928571,11.5045791957143,0,2.99811148314286,3,1,0,502.8476906,0.00011248326711962,0.0237356699397715,"12",30.8129227422143,0.546214487944982,12.4002523097572,3.56473899412972,0,0,3.89761528292143,0.8209190741233,0.00409194492983674
274,0.00490927313756085,29.894821505,12.9276918375,0,2.998074051,3,1,0,516.3687383625,0.00022629544835344,0.047191726726215,"12",30.7281199847768,0.603518821791869,14.9739128252232,2.31538766199517,0,0,3.74762999603572,0.865491041955263,0.00167034762151959
275,0.00503278609365375,29.85844413,13.3317677571429,0,2.99811148314286,3,1,0,529.873337014286,0.000349808404446339,0.0720395586619462,"12",30.6087250887946,0.499219595128576,15.5462318351339,1.90952117549824,0,0,3.74760192197322,0.865458624820184,-0.000482058383760808
276,0.00515437867859846,29.84743945875,12.893575215,0,2.998074051,3,1,0,543.3563521875,0.000471400989391049,0.0959124143562891,"12",30.4767296114286,0.423032926822699,16.3588339735268,2.39223135351754,0,0,3.74762999603572,0.865491041955263,-0.00846033571947142
277,0.00525227977403269,29.8626273671429,13.29018156,0,2.99811148314286,3,1,0,556.850293985714,0.000569302084825279,0.114728056725116,"12",30.3561170158928,0.445221565156463,15.9961382652679,2.85766696369434,0,0,3.74808416681697,0.866015831254519,-0.0218555538503519
278,0.00523288353570778,29.85299122375,16.07045587125,0,2.998074051,3,1,0,570.3311629375,0.00054990584650037,0.111028303176816,"12",30.3540263641518,0.45974077603195,14.7143442792143,2.26174819712727,0,0,4.06186877132143,1.33122069454035,-0.0375731169747026
279,0.00515128788578995,29.9371512742857,15.2630942442857,0,2.99811148314286,3,1,0,583.837211271429,0.00046831019658254,0.0953125904008196,"12",30.4446876674107,0.558752995129481,12.0704612413438,6.27472352345932,0,0,3.96628719662947,1.17362512601217,-0.0510690687344353
280,0.00516254996110639,30.0395025775,14.780486545,0,2.998074051,3,1,0,597.380655275,0.000479572271898979,0.0974964679721504,"12",30.505762488125,0.593375577329866,13.2336220517634,1.5101312166782,0,0,3.2621835675,0.849360874228233,-0.0603228507837323
281,0.00526639374869089,30.1390569728571,14.7408814742857,0,2.99811148314286,3,1,0,610.9784399,0.00058341605948348,0.117411661807026,"12",30.5885369291071,0.531468670473519,11.9527822408321,5.50630588102514,0,0,3.59843645192857,0.822064030069778,-0.0638838732725262
282,0.00538382598123844,30.2397611125,14.03931198625,0,2.998074051,3,1,0,624.6125616875,0.00070084829203103,0.139465101595746,"12",30.5194053498571,0.403635732804102,9.7876840971107,5.81164466697306,0,0,3.59772629345714,0.821073479058012,-0.0629552424681666
283,0.00549241071096013,30.3252913742857,14.0420074157143,0,2.99811148314286,3,1,0,638.302738128571,0.000809433021752719,0.15943309947794,"12",30.4372748035714,0.255283834150133,9.54621385938214,3.71534357647341,0,0,3.59769634777857,0.821049559606399,-0.0628761683797603
284,0.00551545498709658,30.40218641875,14.98932923875,0,2.998074051,3,1,0,652.0188889375,0.00083247729788917,0.163619980025658,"12",30.3322353342143,0.289801823358648,11.5589353283214,2.67635635050539,0,0,3.59759887122143,0.820826525888078,-0.0665296654934751
285,0.00541841046061476,30.5073452742857,15.2804009442857,0,2.99879520214286,3,1,0,665.785455771429,0.00073543277140735,0.145868330610327,"12",30.2143527622143,0.403067334950014,13.2371806183214,2.05464575056779,0,0,3.49981302278571,0.709267796221115,-0.0720643832120765
286,0.00529675127842173,30.61624321125,14.3211802675,0,3.438279963875,3,1,0,679.591419575,0.000613773589214319,0.123159497826784,"12",30.1899598130714,0.498476524719228,14.6263523393214,2.24690457760159,0,0,3.0675994717,0.940055505621203,-0.0762200133545941
287,0.00517063473220202,30.7217489614286,14.45753409,0,4.50195386228571,3,1,0,693.453071457143,0.000487657042994609,0.0990612851759147,"12",30.3111183661786,0.498909023456564,13.4274258826893,4.95311717820107,0,0,2.85695167639286,1.21467099628909,-0.0799013169812468
288,0.00504351400306959,30.83425617375,16.23885584125,0,4.498064753125,3,1,0,707.354830975,0.00036053631386218,0.0741688944604739,"12",30.6755756406696,0.341263165317932,11.5333565863839,6.69988174149084,0,0,3.41369168491964,1.36809233808611,-0.0846630316906922
289,0.0049176660871697,30.9151096242857,10.7937823844286,0,4.43042126514286,3,1,0,721.3135155,0.000234688397962289,0.0488998784277426,"12",30.8945021802678,0.282548207677719,12.0226598229464,6.30067865466451,0,0,3.74840677962053,0.865090239569202,-0.0897462247571535
290,0.00479762082128439,30.75385581875,3.900673384625,0,1.838335941875,3,1,0,735.2498435125,0.00011464313207698,0.0241859663093624,"12",31.0130591442411,0.208894731145703,13.1478727655357,3.33317158944708,0,0,3.96459045761161,0.691791552179227,-0.0917134248177756
291,0.00471013913133718,30.4316407957143,11.7667116108571,0,1.49824880928571,3,1,0,749.078866871429,2.71614421297698e-05,0.00578328105027381,"12",30.9539295083036,0.165651197629219,12.7030819900848,6.04226166712136,0,0,3.72383676553572,1.6388828005484,-0.0878427637069387
292,0.00475326046999434,30.278246385,15.07970369375,0,1.498878136375,3,1,0,762.7740897125,7.02827807869295e-05,0.0148966310109486,"12",30.8083058529911,0.334346918987405,14.3629230599018,1.91614843980971,0,0,3.51085395114286,1.59740189732176,-0.0768070620236363
293,0.00486360700972584,30.2866386442857,16.8467246142857,0,1.50144187657143,3,1,0,776.460511985714,0.000180629320518429,0.0378461789281799,"12",30.7023709091518,0.427875035227895,15.7662178958036,1.15862059549796,0,0,3.70754354669196,1.87399336119393,-0.0621443435942377
294,0.00498326515474934,30.44896280375,15.4026067075,0,2.7841528915,3,1,0,790.1636536625,0.000300287465541929,0.0621511624863595,"12",30.7648189784821,0.426631530888011,14.3533347756637,3.80301389099315,0,0,3.96999943146726,1.77876371965582,-0.0469345511636724
295,0.00510069535010386,30.72162732,15.1228464657143,0,3.06297281,3,1,0,803.993677528571,0.000417717660896449,0.0854427058645886,"12",30.7904599017857,0.330144884442435,9.56717518786608,5.76726966924562,0,0,3.86040590862202,1.23155174180395,-0.0357101028650582
296,0.00518748976977324,30.964465935,15.83779721875,0,4.5115635335,3,1,0,817.9200870375,0.00050451208056583,0.102315745405516,"12",30.7976701267857,0.167545162571627,9.71248624334641,6.54260409915172,0,0,3.31047508794286,0.663988752266528,-0.0326988052468099
297,0.00514681160039587,31.1624441542857,14.8200099785714,0,4.50206295485714,3,1,0,831.965822228571,0.000463833911188459,0.0944432483256019,"12",30.7421096171786,0.295276442376134,8.59006038688214,6.13479841115453,0,0,3.60013489461071,0.825436380335189,-0.0377931796780395
298,0.00504037828909074,31.31529537375,15.0027080175,0,3.4793854815,3,1,0,846.074024675,0.00035740059988333,0.0735469691310717,"12",30.7013013077143,0.564330995716731,7.52408969451786,6.26782896371679,0,0,3.42442197446071,1.04224185313678,-0.0437541890926725
299,0.00496150661981938,31.4262080557143,14.2041476695714,0,1.80031907671429,3,1,0,860.2570535,0.00027852893061197,0.0577752814293442,"12",30.7365517508482,0.818428611357245,12.3257624839196,4.01328860067612,0,0,3.48809990119197,1.41024259999897,-0.0451789045615125
300,0.00495374612384413,31.3945422775,5.178528668625,0,1.49901195325,3,1,0,874.457258425,0.000270768434636719,0.0562099159053346,"12",30.6401929670982,1.0172872094621,13.3436561011652,0.867520336850702,0,0,3.0702818210625,1.65262966370348,-0.0426803773369824
301,0.00493065116740395,31.09783102,13.6175415777143,0,1.54639708714286,3,1,0,888.587859371429,0.00024767347819654,0.0515368949168726,"12",30.4887831879643,0.947018445481688,13.1397697545821,4.63918769639562,0,0,3.573683755,1.35521884391064,-0.0408114837552883
302,0.00484882847509209,30.9622612525,16.17977022875,0,4.456185934125,3,1,0,902.58178035,0.00016585078588468,0.0348029575326594,"12",30.3637943149643,0.863560165968468,14.77056439165,1.59376224644897,0,0,3.60731719800357,1.32222852489143,-0.0343721633806498
303,0.0047905458790485,31.0495858871429,14.8876646057143,0,4.49730984428571,3,1,0,916.596795542857,0.00010756818984109,0.0227102006925426,"12",30.2567420531786,0.809136688125082,14.2673704394286,1.69500169823443,0,0,4.19295182200357,0.658669697277169,-0.0253524591625703
304,0.00481963722516871,31.19212654875,14.5237671725,0,4.497269966,3,1,0,930.6497389375,0.0001366595359613,0.0287644941560279,"12",30.1760962953572,1.01966004378427,14.8986077641071,0.51387313942808,0,0,3.60219533764286,1.39961769729291,-0.0171471596463731
305,0.00485432199283322,31.29552088,14.6925475385714,0,4.49478109,3,1,0,944.776583114286,0.00017134430362581,0.0359352739350518,"12",30.1284599645982,1.09514916926181,14.0163918858482,1.11307689099705,0,0,3.48253393498661,1.04364647623506,-0.0104283282834227
306,0.00482795821631337,31.395553955,14.6563862725,0,3.350001269,3,1,0,958.93078965,0.00014498052710596,0.0304894821255068,"12",30.0228691088393,1.2182298717207,14.4536413109375,0.307389574846583,0,0,3.98389571344197,0.705523747687601,-0.0199561984766469
307,0.00479367234114331,31.4624846014286,9.79571065642857,0,2.27475598414286,3,1,0,973.148566928571,0.0001106946519359,0.0233626195061873,"12",29.9633294885268,1.28235877032734,14.8646877769643,0.524888718179651,0,0,3.95010276853125,1.06515092771,-0.0150319989147299
308,0.00479277278298916,31.25379671375,2.4932399105,0,1.500976500625,3,1,0,987.31264935,0.00010979509378175,0.0231749465729205,"12",29.9531778746875,1.30455750421493,12.9536500217098,2.8474845673094,0,0,3.29291521708482,1.12547865285531,-0.0124057926206062
309,0.00476159178739097,30.8362662357143,9.96155533171429,0,1.49905574157143,3,1,0,1001.35362815714,7.86140981835597e-05,0.0166478551235958,"12",29.9486696629018,1.18283091416327,9.78981736277678,6.71632260316181,0,0,3.07192985954911,1.23212443549166,-0.0114184000116518
310,0.00467859679554389,30.54592045,14.62182215625,0,1.4971136065,3,1,0,1015.199020625,-4.3808936635208e-06,-0.00093593100110656,"12",29.665838173,0.986726789487038,12.4129783065572,3.74002144028893,0,0,2.95140096918929,1.92991088865002,0.00988590821474824
311,0.00464911002829187,30.4521180142857,16.3419481542857,0,2.38346835142857,3,1,0,1028.985546,-3.38676609155401e-05,-0.00725835630876936,"12",29.6333283851786,0.807898883239986,14.7528658508214,1.19338032339389,0,0,2.99731183928929,2.11988733764001,0.00951252392594447
312,0.00468839796746884,30.55811443875,16.66265637625,0,2.99903717675,3,1,0,1042.749725375,5.42027826142943e-06,0.00115677333803355,"12",29.8018343895089,0.62008243338986,14.8191426822321,1.47406256717312,0,0,3.47216251025,1.85090777454286,0.00434850898008765
313,0.00470192391190371,30.8140314742857,16.2785804057143,0,2.99811148314286,3,1,0,1056.62098828571,1.89462226962995e-05,0.00403760184956958,"12",29.8032972075,0.604682734573294,15.1708305551339,1.73361197295844,0,0,3.37239659012947,1.43315836552311,-0.00418250922768494
314,0.00466760200768332,31.06399683,16.495650945,0,2.998074051,3,1,0,1070.591974875,-1.53756815240904e-05,-0.00328871482876902,"12",29.8730380277232,0.682379044209332,14.4108220336607,1.6023891278263,0,0,3.55357488111161,1.13468038087342,-0.0103545502892529
315,0.00464774270693672,31.29651979,16.4369869857143,0,2.99811148314286,3,1,0,1084.69371228571,-3.52349822706904e-05,-0.00755250345179448,"12",29.9488531900447,0.780605116024144,14.0035379901295,2.71851165697179,0,0,3.74712173225,0.866045879403692,-0.0118786946336751
316,0.00470928835640837,31.514609745,16.58393520625,0,2.998074051,3,1,0,1098.875360375,2.63106672009593e-05,0.00560263845513376,"12",30.0326431309822,0.87927653016862,14.2149794645982,2.67573899020335,0,0,3.74762531704018,0.865464027827489,-0.00996083610154959
317,0.00482415588788335,31.6293834357143,4.92241724185714,0,2.99811148314286,3,1,0,1113.16807842857,0.00014117819867594,0.0297016073642107,"12",30.1220502200446,0.983072419942485,14.3577208002857,2.39009757199355,0,0,3.74760660096875,0.865485639285238,-0.00672924046275942
318,0.00495085068620892,31.29633187625,7.468676853125,0,2.998074051,3,1,0,1127.37740225,0.00026787299700151,0.0556252504788164,"12",30.1231615311607,1.05392795085353,12.6089719489018,5.14570053436557,0,0,3.74762531704018,0.865464027827489,0.00697313693605954
319,0.00507981225886513,30.9107934857143,11.1971795285714,0,2.99811148314286,3,1,0,1141.44094442857,0.00039683456965772,0.0813401363423232,"12",30.0075369512947,0.928090895219414,13.4113247015848,3.99696062088752,0,0,3.74760660096875,0.865485639285238,0.00805727170941299
320,0.00520919871809291,30.634933955,12.68751643125,0,2.998074051,3,1,0,1155.327997625,0.000526221028885499,0.106491878888381,"12",29.9040884322321,0.798855449506668,13.9252581658482,2.16770233064818,0,0,3.74762531704018,0.865464027827489,0.0101682277999013
321,0.00533782142077315,30.4643016157143,13.69666492,0,2.99811148314286,3,1,0,1169.13771342857,0.00065484373156574,0.130883427489868,"12",29.8043858749554,0.740658577827338,14.1047801833036,0.989906874648468,0,0,3.74760660096875,0.865485639285238,0.0150308913183695
322,0.00546392924409266,30.40985957,13.359281461875,0,2.998074051,3,1,0,1182.873287125,0.00078095155488525,0.154234003681298,"12",29.4727273819643,0.813092660206439,14.91099452375,0.985732009449407,0,0,3.80694055450357,0.761302201992636,0.0161179035833941
323,0.00558315354091464,30.2519020357143,5.61997367885714,0,2.99811148314286,3,1,0,1196.60052557143,0.00090017585170723,0.175819598033681,"12",29.3728256270714,0.883062146671723,14.810433759375,0.968090956876228,0,0,3.50652963797143,0.715340610670383,0.0184552161317857
324,0.00565881466540074,29.8681057275,9.089275722625,0,2.998074051,3,1,0,1210.169658125,0.000975836976193329,0.189280277545891,"12",29.2356417828572,0.953143064470484,13.4080306074857,4.47586017465601,0,0,3.297657960225,0.670546774816883,0.014851350652353
325,0.00559948453606684,29.4913642785714,9.42499696928571,0,2.99811148314286,3,1,0,1223.59315785714,0.00091650684685943,0.178740376897775,"12",29.2401066171875,0.928614553559078,14.6145201078438,3.81664193459387,0,0,3.56567825925,0.719592630796974,0.00796281754145135
326,0.00548415428033955,29.17945422875,12.8185057025,0,2.998074051,1.875,0.625,0,1236.829326375,0.00080117659113214,0.157928725015837,"12",28.9867272646429,0.905845858873817,14.2802012941071,3.29035540820579,0,0,3.74778915746429,0.865653248714979,0.00589139566149521
327,0.00536263803191077,29.0182140842857,12.60999618,0,2.99811148314286,0,0,0,1249.98827114286,0.00067966034270336,0.135521855452263,"12",28.740139269375,0.864125163073601,12.8985004230312,3.30828972691479,0,0,3.8360304071875,0.978306945092698,-0.0110876369998463
328,0.00525038629900248,28.9438035925,11.513619987375,0,2.998074051,0,0,0,1263.067794375,0.00056740860979507,0.114367486370599,"12",28.4187521817857,0.683838859652652,13.0057705673214,3.77060117516303,0,0,4.12188311346429,1.43433118444534,-0.0099327458697375
329,0.00520261240404893,28.7261133342857,2.52917656014286,0.000780081571428571,2.99811148314286,0,0,0,1276.13054328571,0.00051963471484152,0.10522671671463,"12",28.23466955875,0.659690628861423,10.1730123261563,3.70470299765437,0,0,4.12620571596875,1.44204313817846,-0.00746282215126591
330,0.00519757394002635,28.18504959625,2.4014207265,7.357515924375,2.99886883825,0,0,0,1288.980611875,0.000514596250818939,0.104257798629285,"12",28.0893801,0.976337651039314,6.06433413671429,4.17977076950257,0.000195020392857143,0.000390040785714285,3.64969605785715,0.770256218478899,-0.00619553184076031
331,0.00513127716713386,27.1891781985714,2.44382607228571,18.9175481642857,2.93339884828571,0,0,0,1301.53599085714,0.000448299477926449,0.0914204208058385,"12",27.5480080853125,1.11996786988749,10.2517392922813,9.34573803502254,1.83937898109375,3.6787579621875,3.91101144625,1.08888726963632,-0.00316364960462952
332,0.00501255191371515,25.4493771975,2.5952950325,24.065434505,-0.900464859125,0,0,0,1313.42610325,0.00032957422450774,0.068010982045279,"12",26.4212386542857,0.967172275971054,13.6859196758571,12.956480480856,4.73008149653571,9.45831120248017,3.48954054446429,1.70729097266057,-0.00865156967435622
333,0.00488690408790455,23.2776052042857,2.35227610842857,25.9147868457143,-14.9170185988571,0,0,0,1324.46795242857,0.00020392639869714,0.0426248252577617,"12",24.840873805,0.70908745913275,14.7031451105312,14.2523060700556,7.27919925221875,11.4413640510502,-0.584467848125,0.627794995005831,-0.011227333424931
334,0.00476481713139846,20.81344289875,2.1267366085,26.9155110125,-32.1032030725,0,0,0,1334.3762315,8.18394421910496e-05,0.017324992561325,"12",22.6592646019048,1.26965033451767,15.6799073456369,14.5407600547851,11.1936271736607,12.5055833702428,-14.0459321006786,15.5437950892515,-0.0103983664496803
335,0.00467866711312302,18.1478288071429,1.92203786971429,28.2702085271429,-32.3653168857143,0,0,0,1343.09003771429,-4.31057608439069e-06,-0.00092090148429147,"12",20.1829346272024,1.27157447939873,15.7121790243036,14.6829772216365,12.4964201988393,13.7444467534686,-25.7145580724524,16.480954572658,0.0031436778713942
336,0.00468686102923366,15.00014313125,1.85772573675,29.8650566825,6.716403640375,0,0,0,1350.34201925,3.88334002624988e-06,0.000828902243122265,"12",18.2747936721429,1.40121402743728,20.2301059863333,14.1447310391641,8.88531788690477,13.8028846620101,-30.0824707808988,10.8941911437839,0.00612187685916258
337,0.00470207831571125,11.6593433657143,1.65805389757143,29.5969520042857,107.907650902857,0,0,0,1356.23625128571,1.91006265038395e-05,0.00407043974146504,"12",16.2471894552009,1.56534226415719,14.8541682323281,13.7706257523259,13.7950905970536,14.8070139384299,-23.1910704603772,16.3033111060632,0.00956014311787496
338,0.00463330876645398,8.641990898125,1.9126278155,24.2063555225,307.967505575,0,0,0,1360.76075625,-4.96689227534302e-05,-0.0106629165014462,"12",14.124420402875,2.06520771237914,17.0274648601768,13.035503779831,11.5247803957857,14.8949237216951,38.9014553888411,77.2227084534472,0.0106730447941348
339,0.00453293603182,7.04055412814286,3.57345772071429,3.63846672514286,556.301616714286,0,0,0,1364.117351,-0.00015004165738741,-0.0325643050802622,"12",12.2109107203247,2.55346016710736,12.5981538503182,12.2091603311164,14.4718670473734,14.1301888785345,141.615917955537,167.538950857476,0.024931240103224
340,0.0044739590811824,6.615910924875,16.08866223375,0.002274252625,628.1654238125,0,0,0,1365.849351,-0.000209018608025011,-0.0456604478705502,"12",10.5053469167418,2.51339706734929,13.9961256058668,11.3223821504589,8.14943423827198,12.313341087383,280.704517840997,221.168436900354,0.036419751923507
341,0.00443370084656297,7.18882704414286,18.1340773042857,0,627.738453157143,0,0,0,1365.65771514286,-0.00024927684264444,-0.0546995239353336,"12",10.7817235727917,2.41001820212788,13.6512962976652,11.7543280982421,8.82855375812797,12.604013453658,251.785023231319,203.7193103465,0.0136399329587968
342,0.00434403326841006,8.44839133875,23.48815271625,0,509.2230576875,0,0,0,1363.18993825,-0.00033894442079735,-0.0751309232384365,"12",12.5871626584821,2.34827078089487,11.509153963725,12.2935605414608,15.9190537521107,14.0089017255699,104.855203982341,121.12642176399,0.0124234696855164
343,0.00422569690022062,11.3696994557143,26.5808285557143,0,167.029729231429,0,0,0,1358.94262128571,-0.00045728078898679,-0.102749969665172,"12",14.7034383452009,1.87427886145772,14.8232295225424,13.8041839229913,14.4059754947321,15.4211235747238,11.1176833537299,56.3345416081451,0.0108515044284577
344,0.00411059826097079,14.32521305875,27.34318458375,0,-13.9529725895,0,0,0,1353.279980875,-0.00057237942823662,-0.130365582812258,"12",17.1197594293367,1.43805366486967,13.8794198423036,14.7216769062473,15.7658178252041,14.8168977138416,-23.2872451674668,17.6488346633372,0.00782977801200035
345,0.00404388965820418,17.1335009471429,32.3214404742857,0,-27.4406744185714,0,0,0,1346.39173785714,-0.000639088031003231,-0.146727147130496,"12",19.5943802131548,1.25770504620945,11.1817593456845,13.8968566175386,17.2081216200298,13.4461904013007,-31.0075453223572,10.9897944309986,0.00334690683917849
346,0.00411573043109104,20.5547004025,28.57900614,0,-24.11108695125,0,0,0,1337.878272625,-0.00056724725811637,-0.129117840142732,"12",22.0615766931548,1.12205779715142,11.1477857333036,13.6497518368512,15.6795456757441,12.5146924088889,-19.4209405548869,15.2271702650676,-0.00316806516303427
347,0.00423312529825073,23.1178413057143,28.4289255871429,0,-6.837745324,0,0,0,1328.04638571429,-0.000449852390956681,-0.100993602267965,"12",24.2213373990476,1.12149645866328,10.5936846500208,12.7439215286957,12.2095414440982,11.9496863760884,-6.39601170879762,9.2273148333541,-0.0118593837049851
348,0.00435810293823235,25.4389673325,24.53948198375,0,-0.311784262125,0,0,0,1317.014896625,-0.00032487475097506,-0.0718973076239457,"12",25.6041467909643,1.1537945602923,11.4506969614036,12.2837440226396,5.82391496614643,10.4291835863572,1.77036570928929,2.98355133966085,-0.0130628277423856
349,0.00448508676405664,26.9416704185714,25.5113403757143,0,2.14740672128571,0,0,0,1305.18811285714,-0.00019789092515077,-0.0431763243287486,"12",26.8452616684286,1.35612323327587,8.71057873435357,8.7966373619103,3.78406519722857,8.45987424817859,4.31432653895,1.34185940606597,-0.00510730470339086
350,0.0046119453510754,28.4694839925,20.94838817125,0,4.493253119,0,0,0,1292.636007125,-7.10323381320106e-05,-0.0152844126049736,"12",27.5561961838928,1.17866619286476,5.31153830666786,3.99122972327242,1.471503184875,3.29038115048794,3.95104512078214,0.947739545402123,-0.00192233197332632
351,0.00473629556874508,29.0387110242857,8.80485990842857,0,4.497167225,0,0,0,1279.59681042857,5.33178795376699e-05,0.0113211383544041,"12",27.9266235330714,0.761391985550669,6.83275305439286,5.03906311663333,0.000156016314285714,0.000348863084341828,3.90015352314643,1.34726178570732,-0.00196026621545089
352,0.00484979133450739,28.61379664375,9.63755299725,0,4.497111076875,0,0,0,1266.521899875,0.000166813645299979,0.0350015134957777,"12",28.4001495588393,0.662783760346046,12.7316765191652,3.8480153094402,0,0,4.12187375542857,1.43434096032852,-0.0197969100343046
353,0.00488928050793964,28.31787258,16.3538368028571,0,4.497167225,0,0,0,1253.69751742857,0.00020630281873223,0.0431109903889499,"12",28.6998292332589,0.840231171658764,12.8463730424062,3.3116113519615,0,0,3.83603976522321,0.978296257871582,-0.0248776503694558
354,0.00480640226158697,28.57013358125,15.97780283875,0,4.497111076875,1.5,0.375,0,1240.8313865,0.00012342457237956,0.0260146671550689,"12",28.9087497521875,0.860200239709505,15.1285784774107,1.64963488112633,0,0,3.74777979942857,0.865664054578309,-0.0272149878211839
355,0.00474245500816411,28.9676894785714,16.7319640285714,0,4.497167225,4,1,0,1227.86168785714,5.94773189566992e-05,0.0126207695887217,"12",29.2699116679643,0.794938899794079,14.84339668475,3.18178813983667,0,0,3.45217239045714,0.672887863075643,-0.00407161669100297
356,0.00469748619750606,29.402984295,16.861693485,0,4.497111076875,4,1,0,1214.656187625,1.45085082986496e-05,0.00309334799080663,"12",29.4503131564643,0.760497430096568,13.9519923274893,2.89749808985322,0,0,3.29803515757143,0.670335265740742,-0.00240242345841502
357,0.00460546335715089,29.6513780771429,14.3813585728571,0,4.497167225,4,1,0,1201.32498971429,-7.75143320565202e-05,-0.016690880530521,"12",29.5953223627857,0.726089534042377,13.0830914730571,4.21793169650824,0,0,3.29751174525714,0.670596943695781,-0.000420721095785935
358,0.00450023589821576,29.70345013625,15.23479512,0,4.497111076875,4,1,0,1187.904898375,-0.000182741790991651,-0.0398043478855179,"12",29.6889663318214,0.681849449452539,14.748774409375,1.11706085672067,0,0,3.5069330378,0.715010747423424,-0.0014551866952846
359,0.0044438569411768,29.8007162985714,16.33688558,0,4.497167225,4,1,0,1174.48667728571,-0.00023912074803061,-0.0524114850267603,"12",29.7510036049286,0.639779457743841,14.368676489,0.458682329414121,0,0,3.59789645930714,0.821306558833942,-0.00864932969258112
360,0.0044176716084673,29.92187624125,14.16348256125,0,4.497111076875,4,1,0,1160.983191625,-0.000265306080740111,-0.0583213928234541,"12",29.8080696808571,0.642355927620576,14.2505211621072,1.28799948113783,0,0,3.59771880702857,0.821080313201018,-0.0169499195540076
361,0.00440434810174927,29.9408800528571,13.1764273114286,0,4.497167225,4,1,0,1147.46949242857,-0.00027862958745814,-0.0613419067155965,"12",29.8632760727143,0.695582354501111,14.6804209378929,2.0058256240308,0,0,3.59770383420714,0.821042725463393,-0.0203073825368569
362,0.00440264740211187,29.91134165625,16.08191924375,0,4.497111076875,4,1,0,1133.940439625,-0.000280330287095541,-0.0617281223368424,"12",29.9519245260714,0.821333662559578,13.6090130525179,3.46128389286938,0,0,3.59771880702857,0.821080313201018,-0.0208189533625396
363,0.00437519214567465,30.0061240814286,15.8012299714286,0,4.497167225,4,1,0,1120.42826285714,-0.00030778554353276,-0.0679837266219439,"12",30.0226223853929,0.95247049691138,12.1131813843857,4.36646357328252,0,0,3.59770383420714,0.821042725463393,-0.0224041896410125
364,0.00433749666166003,30.10373561625,10.96631652775,0,4.497111076875,4,1,0,1106.8256055,-0.00034548102754738,-0.0766367886532455,"12",29.9509612530714,0.907079017454337,14.4216413429643,2.38090401518824,0,0,3.59771880702857,0.821080313201018,-0.0242822321289337
365,0.00432978244249288,29.9652062542857,10.3377521657143,0,4.497167225,4,1,0,1093.27338242857,-0.00035319524671453,-0.0784168677146058,"12",29.8664550776786,0.829158543948151,14.3482921082107,2.42374580639013,0,0,3.59731593923214,0.821397219862797,-0.0248544047897076
366,0.00435893818202844,29.874773325,10.161483988375,0,4.497111076875,4,1,0,1079.737111125,-0.000324039507178971,-0.0717056729240602,"12",29.9120206510714,0.810954566759268,14.4870184458929,1.68428468444429,0,0,3.55357956010714,1.13470205261563,-0.0404918476823556
367,0.00442140869685759,29.8272379928571,12.3970165442857,0,4.497167225,4,1,0,1066.26153442857,-0.000261568992349821,-0.0574758097086239,"12",29.8454499398214,0.720949524446416,14.5537715308036,1.43176584854645,0,0,3.37329870441072,1.43442162885987,-0.0354257679052012
368,0.00452074048014868,29.82925527625,12.8373131125,0,4.497111076875,4,1,0,1052.775698375,-0.00016223720905873,-0.0352583617459734,"12",29.7991542146875,0.658790549557637,15.2208413944196,1.74131722504369,0,0,3.37195926736607,1.43395901704437,-0.0261818434877112
369,0.0046265710829254,29.9332457585714,12.8015358157143,0,4.497167225,4,1,0,1039.28737757143,-5.640660628201e-05,-0.012118158833248,"12",29.7965446966964,0.687094678108792,14.8478157566964,1.50028221050572,0,0,3.47214379420089,1.85090406064352,-0.0163412966979333
370,0.00468586663272697,30.0365031425,12.77028031,0,4.497111076875,4,1,0,1025.728919,2.88894351955973e-06,0.000616712894393245,"12",29.8571616867857,0.78754463572561,14.6149491601339,1.35325793386844,0,0,3.37189457976786,2.24868712709108,-0.0111215540255526
371,0.00467669278227739,30.13350069,12.7352177014286,0,4.497167225,4,1,0,1012.14845585714,-6.2849069300203e-06,-0.00134297628521995,"12",29.9250614464286,0.972858606406105,11.8673558832411,3.9848263783178,0,0,3.31462719723661,2.02154291248533,-0.0108009754595898
372,0.00460644163210004,30.229468125,13.36965950875,0,4.497225408,4,1,0,998.49614135,-7.65360571073704e-05,-0.0164784869088486,"12",29.9719322087946,1.19108037286708,10.0414466116607,6.91117740085984,0,0,3.17310427194197,1.39413707253972,-0.0123404130716597
373,0.00451039022300006,30.3225183085714,14.3761765042857,0,4.90192305757143,4,1,0,984.8347539,-0.000172587466207351,-0.0375504914451623,"12",29.9889058491071,1.31991098031592,12.9195669887634,2.82551309706344,0,0,3.41969943847322,1.36930297471951,-0.0160672486650117
374,0.0044193386907502,30.46543020625,14.2398443725,0,5.409059943125,4,1,0,971.08951605,-0.00026363899845721,-0.0579440972883125,"12",29.9432211663929,1.13292847684897,14.7241793231072,0.558149883323684,0,0,3.76601246637857,0.593315846446421,-0.00415564827833334
375,0.00434834692248463,30.5967045128571,14.0831672814286,0,3.93876396014286,4,1,0,957.303975914286,-0.000334630766722781,-0.0741384092814554,"12",30.0256188415714,1.07442837012837,14.5743164069286,0.291224182809794,0,0,3.87414832717143,0.658613019934451,-0.0138172182283552
376,0.00429855261836977,30.7179282525,14.91557930375,0,3.434263452375,4,1,0,943.4437103875,-0.00038442507083764,-0.0856557984131827,"12",30.1318028137857,0.967382347885202,14.0469504365714,0.93165551186214,0,0,3.77096044139643,1.00358588391691,-0.0179510752963987
377,0.00426455314733794,30.8246539042857,14.4558271557143,0,4.50195386228571,4,1,0,929.5556287,-0.00041842454186947,-0.0935967604500512,"12",30.1942576913214,0.90578377239288,14.9574244392857,0.557328289094562,0,0,3.78063192491786,1.27608335743966,-0.0247921197267409
378,0.00426167802419757,30.94049577375,15.39546783,0,4.497111076875,4,1,0,915.5966900875,-0.000421299665009841,-0.0942711787537682,"12",30.3316708094643,0.981185650457592,14.7878439153572,2.53955763053011,0,0,4.11639854967857,0.734432837803788,-0.0253895801469531
379,0.00431874429790579,31.1345301514286,17.46304176,0,4.497167225,4,1,0,901.5881443,-0.000364233391301621,-0.0809694759579971,"12",30.4343645945982,1.04052379939446,14.7247346795625,1.16578472593048,0,0,3.38485469125447,1.41460969292645,-0.0340001408139427
380,0.00441739448842042,31.3077125375,16.25922322625,0,4.497111076875,4,1,0,887.4668455,-0.00026558320078699,-0.0583841246780112,"12",30.5605305059375,1.11851294340087,12.2724513173795,4.92700755181105,0,0,3.34283926160268,1.44691497876652,-0.039589033617404
381,0.00452044297079601,31.4292365885714,13.7110779871429,0,4.49721657328571,4,1,0,873.307355742857,-0.0001625347184114,-0.0353241737821541,"12",30.4612246121429,0.984749552802555,11.9948643333893,3.25272238735526,0,0,2.75196275147143,1.58998500883586,-0.0420116315592707
382,0.00459384186364804,31.46804598375,13.960917835,0,4.47923893325,4,1,0,859.0798797125,-8.91358255593706e-05,-0.0192174842584381,"12",30.5881851659286,0.754377021592082,8.31939132025357,5.8060198617378,0,0,2.92002908470714,1.16696366491064,-0.0428187754430512
383,0.00462408052520536,31.4066439,3.46615909471429,0,2.99182921814286,4,1,0,844.879897528571,-5.88971640020503e-05,-0.0126566198696967,"12",30.7860254099554,0.404411938446058,9.751798258875,5.72755722621297,0,0,3.74828899788393,0.867559383468734,-0.0589684193832518
384,0.0046082145703869,31.10035991125,7.6415690635,0,2.99803087125,4,1,0,830.7476404375,-7.47631188205101e-05,-0.0160936785706314,"12",30.7787938061607,0.171969527759956,11.9157374668705,6.06981210830721,0,0,3.75069963298661,0.870246219803333,-0.0564240642519429
385,0.00455333236966066,30.8695445271429,14.9745878928571,0,2.99604987057143,4,1,0,816.778593785714,-0.00012964531954675,-0.0280748115392919,"12",30.8007805613839,0.180955912537346,8.73449533499999,6.40546336974324,0,0,3.61352725116072,0.717025505208897,-0.053217412629569
386,0.00449050730181989,30.78737222125,4.233661422,0,3.8958574865,4,1,0,802.834950775,-0.000192470387387521,-0.041968484878419,"12",30.7247883298661,0.390333987858475,12.716705361442,3.89049924030997,0,0,4.06711662052232,1.49084681746739,-0.0567624718851025
387,0.00443467786071094,30.5046066657143,14.8735640671429,0,5.98912846271429,4,1,0,789.001351142857,-0.000248299828496471,-0.0544791873524835,"12",30.6969640087946,0.424779116451517,16.0634553892411,1.43362097538603,0,0,3.70819851877232,1.87299421517584,-0.0660142018725142
388,0.00437590478885723,30.51988580375,16.57596362125,0,5.836073490375,4,1,0,775.21490615,-0.00030707290035018,-0.0678208571729595,"12",30.7542159644197,0.395243091042094,15.2815151141072,0.678969157235398,0,0,3.51099724588393,1.5971260489412,-0.0786259902579537
389,0.00432709694288371,30.7631008114286,16.1279028514286,0,5.04992571928571,4,1,0,761.387503828571,-0.0003558807463237,-0.0790372990533648,"12",30.92967813275,0.323332939532826,14.9194147967786,2.05637592843998,0,0,3.51067802573571,1.56169571394227,-0.0765580782428043
390,0.00428208052049864,31.0693364575,16.30210987,0,5.56178856025,4,1,0,747.41263795,-0.000400897168708771,-0.0894951695772654,"12",30.9814272936786,0.228093830948149,12.4739728956107,5.59602926502558,0,0,3.25286636843929,1.0174665214115,-0.0861388618013679
391,0.00422085314787623,31.3158636114286,10.3283606727143,0,3.93265610942857,4,1,0,733.323476771429,-0.000462124541331181,-0.103896888284746,"12",30.9056770715714,0.2457432075421,14.0425404700679,3.55323588347125,0,0,3.5848314019,0.802735014626466,-0.0907997016034753
392,0.00417982682856022,31.23702685375,10.249462406625,0,2.994057539625,4,1,0,719.1809797375,-0.000503150860647191,-0.113664346305794,"12",30.7811058442857,0.366529072078429,12.3659205944598,6.30988700399233,0,0,3.41270537059822,1.36704727577384,-0.103139319554441
393,0.00419009298642893,31.0851761871429,11.3242114457143,0,2.99811148314286,4,1,0,705.111336971429,-0.00049288470277848,-0.111211237315843,"12",30.5644113700446,0.445630505678991,11.6099132833482,6.73163044636563,0,0,3.3739250075,1.43673086421908,-0.111521612988288
394,0.00421175551494001,30.96521883875,11.52713089625,0,2.998074051,4,1,0,691.08711555,-0.0004712221742674,-0.106054615890507,"12",30.3902984766071,0.497460270118536,12.3076665410848,4.84991957518585,0,0,3.19542515591964,1.09495865532884,-0.109115267834489
395,0.00423766059032844,30.8993720414286,11.7223785857143,0,2.99352118442857,4,1,0,677.122659714286,-0.000445317098878971,-0.0999227943255514,"12",30.2837635881696,0.466091998822296,14.0218133320982,1.83988054366218,0,0,3.62540236823661,0.752099011620834,-0.106315206659368
396,0.00426601960494522,30.82275256125,11.97880706125,0,4.009921697375,4,1,0,663.1744514875,-0.00041695808426219,-0.0932529482278408,"12",30.3101077303125,0.368302697890346,13.170476991875,2.47544326633837,0,0,3.74744732317411,0.865210041228213,-0.102049737020049
397,0.00428271206201913,30.79272885,11.4588158,0,4.49637122457143,4,1,0,649.266744285714,-0.00040026562718828,-0.0893476957182546,"12",30.3974044877679,0.231112203453188,11.7710591769643,3.0367685861659,0,0,3.74762531704018,0.865464027827489,-0.0972166359053482
398,0.00429464068494339,30.7298023225,11.401550205,0,4.497111076875,4,1,0,635.369157225,-0.00038833700426402,-0.086566271032031,"12",30.4455388938393,0.269386318424722,10.4512285915491,4.37091128549345,0,0,3.74760660096875,0.865485639285238,-0.095215971839192
399,0.00432753913319263,30.6659071528571,13.0891469185714,0,4.497167225,4,1,0,621.509361085714,-0.000355438556014781,-0.0789351132895275,"12",30.4774156931696,0.453252835438425,12.0971278947143,6.40902007074475,0,0,3.74762531704018,0.865464027827489,-0.080394066555457
400,0.00436588234365263,30.66847499125,16.869136295,0,4.497111076875,4,1,0,607.652998325,-0.00031709534555478,-0.070113854981015,"12",30.5229317225,0.571322497174749,13.1239871160045,1.30279836388069,0,0,3.74853173115625,0.866555164535206,-0.0766503833533488
401,0.0043639559564372,30.84527728,12.2472351601429,0,4.497167225,4,1,0,593.777062514286,-0.00031902173277021,-0.070555188975149,"12",30.4562927711607,0.538494971298141,11.7598777414777,6.06906695925494,0,0,3.26217888850447,0.849329781272974,-0.0684273422160508
402,0.00434575635762375,30.7442886175,2.758266351625,0,4.497111076875,4,1,0,579.8443039125,-0.00033722133158366,-0.0747343453531784,"12",30.3360225368303,0.472008192721289,14.8466355197946,2.1276237574309,0,0,3.966291875625,1.17364388480235,-0.0572512040607633
403,0.00435545005406913,30.4262341785714,12.3314190904286,0,4.497167225,4,1,0,566.036593214286,-0.000327527635138281,-0.0725062174880708,"12",30.3294355625893,0.449259034122494,15.586498278125,2.35623339922142,0,0,4.0618640923259,1.33120460417972,-0.0425903162845292
404,0.00441457653455022,30.3457550975,18.6289292625,0,4.497111076875,4,1,0,552.315875075,-0.00026840115465719,-0.0590222503907611,"12",30.407184379375,0.430150560632432,16.2648676724554,2.59517030372895,0,0,3.7480888458125,0.86604282486472,-0.0386917780833711
405,0.00449597338214891,30.68395684,18.3991747085714,0,4.497167225,4,1,0,538.547080228571,-0.0001870043070585,-0.0407519728591534,"12",30.5325177142857,0.492855849291302,15.8931758524554,2.0538102727454,0,0,3.74762531704018,0.865464027827489,-0.0247401632311682
406,0.00455196783906889,31.03718625,16.74124372125,0,4.497111076875,4,1,0,524.594737625,-0.00013100985013852,-0.0283745337979173,"12",30.6435260371428,0.597980494259455,15.5520314132589,1.82584008274819,0,0,3.74760660096875,0.865485639285238,-0.0150437262788473
407,0.004582375260416,31.3226350585714,16.1006110442857,0,4.497167225,4,1,0,510.516562185714,-0.00010060242879141,-0.0217166860091087,"12",30.7183570928572,0.640977515056523,13.4061732504688,3.36165669123924,0,0,3.74775069246875,0.8653192809734,-0.00802906288693803
408,0.00461333306029016,31.39025923,9.637112371875,0,4.497111076875,4,1,0,496.3237733875,-6.96446289172505e-05,-0.0149835633225424,"12",30.6707431262054,0.565676534333035,12.9618520211027,3.56570002334723,0,0,3.694325007875,0.931084246113436,-0.00316438953223974
409,0.00466136785497977,31.2103615485714,15.8278440642857,0,4.497167225,4,1,0,482.192444671429,-2.16098342276407e-05,-0.00462522970440205,"12",30.5920795941964,0.530317376787391,11.4746482276295,3.1827901285712,0,0,3.37345791539732,1.43418362766814,0.00140723234289809
410,0.0047282013551041,31.2350314625,8.265630458375,0,4.497111076875,4,1,0,468.082444175,4.52236658966898e-05,0.00961070080903248,"12",30.4466671085714,0.449666697818399,10.214657827942,5.87004485856191,0,0,3.3728076223125,1.43530249330137,0.0071125617483945
411,0.00477986806718082,31.0448837042857,1.99878456014286,0,4.497167225,4,1,0,454.008916314286,9.689037797341e-05,0.0204787787007357,"12",30.3003307258928,0.284054470577761,12.0276347430134,4.34226772103237,0,0,3.37273600625447,1.43544019861502,0.0156063154460977
412,0.00473943116615212,30.682222015,5.754348150625,0,4.497111076875,4,1,0,440.0619440875,5.645347694471e-05,0.0119829551296302,"12",30.2316314564286,0.10331654119593,13.0918716730357,1.16192411755276,0,0,3.46128518784375,1.28423950854395,0.020595995881738
413,0.00463305338570775,30.3694909357143,12.3456316471429,0,4.497167225,4,1,0,426.283211385714,-4.99243034996601e-05,-0.0107180364582513,"12",30.2369457045089,0.0786617161644742,14.9160072645089,1.71186616508315,0,0,3.74702878336161,0.866153393376929,0.017535428588746
414,0.00452069077307652,30.26391669375,15.84799531375,0,4.497111076875,4,1,0,412.58957765,-0.00016228691613089,-0.035269357144748,"12",30.3117572083482,0.21180182371743,12.8340904251161,3.31528413674482,0,0,3.74765711825,0.865427310885172,0.0095849635232343
415,0.00444074052074615,30.3086637271429,9.48538623671429,0,4.497167225,4,1,0,398.908376757143,-0.000242237168461261,-0.0531130183267585,"12",30.2808336506696,0.326846888841119,10.5032487689732,3.88593308892089,0,0,3.74919588346875,0.863654302062825,0.00389611757974261
416,0.00438660842530129,30.14956254125,10.02090811175,0,4.497111076875,4,1,0,385.2461959625,-0.00029636926390612,-0.0653778043040205,"12",30.1136191486161,0.310379037027059,11.3887514372723,6.05391607128899,0,0,3.41247163053125,1.36681358252865,0.0044175521445689
417,0.00437151516636923,29.9848855257143,11.1095358977143,0,4.497167225,4,1,0,371.667554242857,-0.00031146252283818,-0.0688244954522625,"12",29.946503669375,0.239245399222,13.2738469780268,4.01009498148081,0,0,3.37284904457589,1.43524341836086,0.00843354583174142
418,0.00441023855245737,29.9367390375,14.67614669625,0,4.497111076875,4,1,0,358.13082655,-0.00027273913675004,-0.0600053831365859,"12",29.8374787825893,0.24072639749126,14.5806512244241,1.76645877432146,0,0,3.37332958934375,1.43439394588121,0.0106923592068781
419,0.00446527294101525,30.0476205828571,15.8669217785714,0,4.497167225,4,1,0,344.593536971429,-0.00021770474819216,-0.0476038234726142,"12",29.8321167209375,0.375666179402131,14.69231590875,0.618531947823462,0,0,3.68684940621875,0.940876978620489,0.011419296746254
420,0.00447214086524917,30.33894771375,15.405441825,0,4.497111076875,4,1,0,330.95196125,-0.00021083682395824,-0.046066930232362,"12",29.9100896238393,0.498093659022757,14.6681732405714,3.09141311262466,0,0,3.7335840550625,0.881959876493824,0.0137119681293131
421,0.00442997015482729,30.6372184628571,16.9341079742857,0,4.497167225,4,1,0,317.187602228571,-0.00025300753438012,-0.0555413177860347,"12",30.0580458301786,0.580028287239041,14.4905536165893,3.01580397896532,0,0,3.29348992821875,1.47579762145715,0.0189031063616739
422,0.00436157627996285,30.904649015,15.9049313675,0,4.497111076875,4,1,0,303.283146275,-0.000321401409244561,-0.0711006402815757,"12",30.2499920366518,0.658565793672124,14.1779572754197,3.12247345527259,0,0,2.9985963129375,1.73037277479222,0.0242675828519947
423,0.00431559786855993,31.1717657528571,16.0917092914286,0,4.497167225,4,1,0,289.270147071429,-0.000367379820647481,-0.081698293359854,"12",30.4501779095089,0.713591135568371,11.9439040870089,4.92803851698682,0,0,3.23293026214732,1.50931199236849,0.028808516606052
424,0.00431588781008721,31.35562571375,13.22381712875,0,4.497111076875,4,1,0,275.13453645,-0.0003670898791202,-0.0816311110620518,"12",30.6202996734375,0.710654879492568,11.5826933212902,5.57679525163303,0,0,3.37331560425,1.43507061013611,0.0352530266523387
425,0.00432007542045259,31.38440408,15.6187418342857,0,4.497167225,4,1,0,260.969373085714,-0.00036290226875482,-0.0806613036451314,"12",30.7691825947322,0.729909037811118,11.9910160771964,3.69473609075272,0,0,3.37293773936161,1.43519536642535,0.0448342113427797
426,0.00428683431800023,31.4658958175,15.1790393175,0,4.497111076875,4,1,0,246.7695315625,-0.00039614337120718,-0.0883856246773735,"12",30.7973558676786,0.663797939811079,15.0457463248795,3.31662724950029,0,0,3.3764604588125,1.43399304184018,0.055090769117673
427,0.00422427976593786,31.5934380557143,14.9626123971429,0,4.497167225,4,1,0,232.538704714286,-0.00045869792326955,-0.103085386984886,"12",30.71679933825,0.61042891070227,13.453362235975,3.20594135672937,0,0,2.52805240293929,1.83874623390414,0.0642152893105254
428,0.00415304306108898,31.74006678875,14.95280420625,0,4.497111076875,4,1,0,218.2291869,-0.000529934628118431,-0.120092829990411,"12",30.7471548888571,0.640598421228883,12.4542821541107,3.05936141322257,0,0,2.65436213695357,1.77650108465969,0.0717264744955109
429,0.00408666229925237,31.8479913985714,13.8050714928571,0,4.497167225,4,1,0,203.873423885714,-0.000596315389955041,-0.136205589723808,"12",30.7931863158482,0.800984118865826,11.9156981827009,3.28684830109835,0,0,3.37329170058036,1.43507237867486,0.0775953188481889
430,0.00406189349581931,31.84415172125,10.338312537375,0,4.497111076875,4,1,0,189.4755413875,-0.000621084193388101,-0.142284919541827,"12",30.6737151769197,0.874794189717473,10.7951896269107,6.20768402828163,0,0,3.37166004334375,1.43564862615517,0.0747225447894135
431,0.00408580758429537,31.6869650271429,2.27288911442857,0,4.497167225,4,1,0,175.120613442857,-0.00059717010491204,-0.136414759032812,"12",30.4514941316071,0.744746632995946,13.0180444820178,6.18616050333079,0,0,3.80947869288929,1.30555424537506,0.0706060483334524
432,0.0041541126030087,31.3379060425,2.061503553125,0,4.497111076875,4,1,0,160.87993995,-0.00052886508619871,-0.119835331047782,"12",30.2802176698214,0.679687474967908,13.3380633937214,6.66713609895677,0,0,3.898749965075,1.34148293149889,0.0706288385246513
433,0.00426148022079022,30.9955134814286,1.886301358,0,4.497167225,4,1,0,146.796571614286,-0.00042149746841719,-0.0943175942718328,"12",29.8696954447321,0.785785592390599,12.6675453166458,6.5039050662749,0,0,3.19194616132441,1.49150720651719,0.078780776753862
434,0.00437754151368324,30.64756514875,1.963974390875,0,4.497111076875,4,1,0,132.8634059125,-0.000305436175524171,-0.0674468959350376,"12",29.5366740809226,0.854520265506229,12.0239435249226,6.95340639566858,4.19076904761905e-05,0.000102652457965161,2.99758444849107,1.64269149962748,0.0918092748178983
435,0.00446322049968589,30.2970161885714,1.96284214785714,0.000251446142857143,4.497167225,2.85714285714286,0.714285714285714,0,119.099216471429,-0.00021975718952152,-0.0480635743439493,"12",29.221947808125,0.843435002304389,12.4612138829687,7.66056664545104,0.01240540859375,0.0248108171875,3.035223150375,1.86967692039941,0.135097268964312
436,0.00448755774804846,29.92059548875,1.995836393125,0.049621634375,4.497111076875,0,0,0,105.48772519125,-0.000195419941158951,-0.0426255426732682,"12",28.9741288964286,0.646606827619557,11.9586282113929,6.76686759217544,0.00625108907142858,0.0125021781428572,3.27151553089286,1.61450055412946,0.147870989062948
437,0.00446351587443579,29.3991685214286,1.99479702985714,0.0250043562857143,4.497167225,0,0,0,92.0852392385714,-0.000219461814771621,-0.0479973968002181,"12",28.75301148375,0.567845169153087,10.6229905423125,7.46584187631213,0.00167367034375,0.00301633921895899,3.3718005969375,1.43701676222217,0.15841891905783
438,0.0044125201308819,28.9141015975,2.08083324475,0.000510950625,4.497111076875,0,0,0,78.90902842,-0.000270457558325511,-0.0594881801832789,"12",28.1185772671429,0.795094837000858,13.2552295544643,12.7426411234339,3.11355866467857,3.59899754692024,3.60800811178572,1.05250978627137,0.166903089350981
439,0.00437223567623058,28.4461896071429,2.026702653,6.02542474814286,4.49861396185714,0,0,0,65.9538187642857,-0.000310742012976831,-0.0686596897848846,"12",27.3019635788571,1.32359048655284,11.7342570505464,12.8461830039904,8.74548062036429,9.47958617540563,3.64974345905,0.645500981898999,0.165393427986639
440,0.00435235942605223,27.67241823125,2.10348139325,17.07683852875,3.863106985375,0,0,0,53.25593561625,-0.00033061826315518,-0.0732160695083177,"12",25.68923291925,1.56269892545856,12.1881887460321,13.3778435925876,13.7157466339286,12.6436758788017,-1.13920314264286,6.20164461104969,0.17559268804468
441,0.00434281690868139,26.16882809,2.39479770414286,23.1934408428571,-9.78129873642857,0,0,0,41.0592142028571,-0.00034016078052602,-0.0754109694424852,"12",23.4578754955,1.76784448974059,12.9103116841107,14.2860437776322,15.8837076721071,14.5643737428227,-9.58578838954643,13.2354346884755,0.188165610265229
442,0.00434760558646618,24.0723121025,2.34379099625,25.55609984375,-22.89619928375,0,0,0,29.7323978275,-0.00033537210274123,-0.0743089106733228,"12",19.6056585682143,2.56713477341535,17.3149997991454,13.9614282318768,12.5312642711735,15.8162987117942,-9.97670844971428,28.0848733421379,0.199645273993622
443,0.00437927336837937,21.8019301171429,2.38318291071429,25.3352998971429,-24.1646870928571,0,0,0,19.4691709242857,-0.00030370432082804,-0.0670513515042188,"12",15.0367079614881,2.50908898975455,17.8975378551587,12.046305973529,9.47094517380952,14.4265221189581,-9.07091625607534,59.8426550029451,0.2128211155098
444,0.00445465321759763,19.66860787875,2.274740821875,22.86902238,-5.853511734375,0,0,0,10.3435107425,-0.00022832447160978,-0.0499849481609287,"12",11.0440559408911,2.99383990860786,14.3127781517768,10.735689242568,7.09330519463393,11.720887104367,126.04758601725,240.242384985514,0.243003171788427
445,0.00454110252706408,18.0579471628571,2.284015521,22.5837091814286,7.20959996214286,0,0,0,2.06221684585714,-0.000141875162143331,-0.0307643353719635,"12",8.12859279541327,3.67137803332649,12.7012543928852,8.36320653206695,5.68397958111862,11.6068029510151,227.038974795362,248.961254137959,0.232437313932619
446,0.00458620658636928,15.633856135,2.426514508625,31.03042340875,18.58726818875,0,0,0,-5.4330616515,-9.67711028381302e-05,-0.0208809349285728,"12",4.27398444611748,3.82713079685006,5.81470927686748,6.07289850936008,11.9545540065376,14.4396804691703,179.863923785277,239.947916634215,0.254494561125801
447,0.00459426385306174,12.0775216614286,1.93596121528571,29.9036258842857,94.3214338842857,0,0,0,-11.608644552,-8.87138361456707e-05,-0.0191256286751829,"12",3.45952528005357,3.39896337097168,4.91107709474442,5.20899687134689,12.3272735174866,14.4747618941781,195.10322892307,260.368533835851,0.27644416978433
448,0.00459583997212685,9.3514063895,1.773278483625,20.534524987625,277.3640578375,0,0,0,-16.39994863,-8.713771708056e-05,-0.0187826251408936,"12",6.85131422142143,0.730789665652216,5.83607631541785,5.82009134102781,4.21770062445,8.07599178242401,525.813003208572,126.402713013097,0.274347380404998
449,0.00463850174144793,8.04414455328572,1.55253473814286,0.0294099351428571,473.867747714286,0,0,0,-20.1001748985714,-4.44759477594807e-05,-0.00954275223137113,"12",6.69921609765476,0.225258964434777,8.5227934116488,6.37287208601701,0.842083085702381,1.45552138748437,609.532217152381,15.8110505607973,0.263446845077875
452,0.00499680065093144,6.639944072125,2.1747457645,2.52277321725,593.5346396375,0,0,0,-20.2496216725,0.000313822961724029,0.0648636704945371,"12",6.72885211041964,0.31018291797076,11.6968172352232,4.55855611501739,0.00173801992857143,0.00245793135466043,617.531005909821,10.7747348067243,0.256827405925097
453,0.00512336958187872,6.11477826085714,2.059466604,18.53284393,326.600616871429,0,0,0,-17.5223738914286,0.000440391892671309,0.089878176228952,"12",7.0354482115625,0.697162729734089,6.78022874327231,6.26273041442144,0.6389147980625,1.25597415791875,575.616099792857,69.0497763467583,0.268582717774496
454,0.00524560970071181,4.772000261375,2.000782498375,19.82974042,-64.82710599625,0,0,0,-15.15885695125,0.000562632011504399,0.11345731099905,"12",7.26799624943452,1.21201745167052,5.15894334345238,5.46349933144156,6.93717135164583,9.82600838755363,484.404845646726,151.887885499986,0.284118380589861
455,0.00535012730217017,3.05282816442857,1.95096902242857,24.4158159271429,-144.272607517143,0,0,0,-13.1773215142857,0.000667149612962759,0.133186186779533,"12",6.91142539399745,1.45401330023427,4.70777750844132,5.12832413126554,8.77896693283929,10.2080447409819,405.943138269158,249.636972702901,0.290003245058509
1,0.0058224091248972,0,2.25803632357143,0.00515281771428571,-4.49867172942857,0,0,0,-13.8830120428571,0.000614460936059449,0.111528156576679,"13",5.63622181281378,2.53277971006145,5.21815518120918,6.50287090403854,6.8865962213801,9.42406754787801,352.64094664008,238.290217596063,0.123400794022737
2,0.00573998741744285,0,2.252293469125,9.90246382425,-4.497111076875,0,0,0,-13.88256138625,0.000532039228605098,0.0972710599892324,"13",4.93170101095685,3.03376783478928,4.86562060333333,6.13847099752226,7.57094285559896,9.51876501531558,307.998353440839,252.850017882351,0.12676608094406
3,0.00566733908170655,0,2.42351063328571,18.5831017414286,-4.49711787685714,0,0,0,-13.8827347157143,0.000459390892868798,0.0845337517926277,"13",5.38002991223133,2.74835451323574,5.08360432404383,6.37745514633405,6.57380333939529,9.31323374800038,336.407327623284,244.695689975887,0.123824816788668
4,0.00567930560043575,0.000166193875,2.51208871775,18.49585332625,-4.50360725525,0,0,0,-13.88260360625,0.000471357411597998,0.0866430137445207,"13",5.14611556822127,2.91008246390278,4.96794807661956,6.25546691449348,7.09594674817935,9.43739046136815,321.585395210234,249.413728285456,0.125280041418151
5,0.00575671052765933,0.171196274142857,2.51940891142857,7.71377930614286,-15.3604957485714,0,0,0,-13.8634419228571,0.000548762338821579,0.100180264319039,"13",4.73443297051857,3.12939687480712,4.761087517965,6.03191270753827,7.664203694345,9.3300075049373,295.498534860131,255.294707496862,0.127945881782253
6,0.00584089185785734,0.9009094065,2.405796212125,0.861597220125,-104.91657118875,0,0,0,-13.6157780075,0.000632943669019588,0.114697542009178,"13",4.55892386681181,3.19410228243135,4.67486911002129,5.92637208041177,7.66611044864492,9.1415082436658,283.542418298258,257.458810245718,0.129102782509887
7,0.0059133286411053,1.62914045471429,4.08032688471429,0.000204480142857143,-124.488953985714,0,0,0,-13.0466603471429,0.000705380452267548,0.127022935945936,"13",4.61182550304803,3.27601546497994,5.26928416905418,6.92638185839138,7.35241447016872,8.90479422386965,250.029263548506,264.434950228707,0.124833100803292
8,0.00590159573101406,2.2924669905,15.88976749425,0,-91.13207017,0,0,0,-12.15824925875,0.000693647542176309,0.125036818493136,"13",4.49632220874539,3.21114781521813,5.1480561025576,6.71031994882757,7.49305033661406,8.96452463518299,228.896130995514,268.519642890859,0.114025685647602
9,0.00582043313876142,4.01434958371429,21.3418695785714,0,-37.15086818,0,0,0,-10.8234112142857,0.000612484949923668,0.111188722944227,"13",4.42745173317522,3.18286392644102,5.48373458354799,6.86888829040561,7.25889251359487,8.91767419598261,218.895249709092,270.143417348596,0.113446152339942
10,0.00572790306981449,6.39546593425,22.51165806375,0,-10.279030106875,0,0,0,-8.469722528,0.000519954880976738,0.0951635491259468,"13",4.85652086382738,3.82334164880266,5.96058895469156,7.30446450636247,8.45774426184741,9.88063994006323,182.086552037853,259.220277105513,0.104860377644595
11,0.00563250062219106,8.64538175857143,24.8205186342857,0,31.5014058575714,0,0,0,-5.11113397128571,0.000424552433353309,0.0783675458644639,"13",5.23548345793269,4.54082444207116,7.94425637116758,9.22174089252539,9.86160743263187,10.531165001696,41.4501303313517,130.311077197372,0.104505974209109
12,0.00553584330184037,10.536881673625,24.1961744975,0,57.7807427275,0,0,0,-0.7834826385,0.000327895113002618,0.0610579549971053,"13",6.44396075570461,5.86433541022964,8.77873097757812,10.1511032350724,10.4212087959702,11.2193484989444,-1.08274923229315,69.35907101763,0.0879471401412169
13,0.00543869559804244,12.4674550871429,24.4332199842857,0,51.8875392914286,0,0,0,4.40788601542857,0.000230747409204688,0.0433532950528832,"13",12.9322747110554,3.47007974413703,14.0714360317089,12.2305398425554,12.6148133618929,13.4068244504329,33.7615952874982,20.3769182614024,0.0815718441089515
14,0.0053415211789468,14.35801000875,25.680479775,0,14.3189886895,0,0,0,10.465935535125,0.000133572990109049,0.0253245204199963,"13",15.387927213779,2.68761960725574,14.5809989971071,12.8046311499592,11.9173287620313,12.8613201283431,29.9679949916964,19.9473070817566,0.0799616897589088
15,0.00524485116832588,16.3803487157143,26.8117710757143,0,-8.17251228542857,0,0,0,17.3584175614286,3.69029794881287e-05,0.00706090891863109,"13",17.500157871317,2.7911286385741,14.7940463092187,12.7511024022995,11.4698199571652,12.4111301761009,8.100658789375,22.2545676899525,0.0656320337158935
16,0.00514995695890416,18.46660386625,26.7465467425,0,-11.92271274,0,0,0,25.22285904,-5.79912299335916e-05,-0.0111975991143334,"13",19.3964631687723,2.69189004390221,14.5223839411964,12.2950860617257,9.82158643828571,10.8007925195578,-10.7870949841049,15.284116599474,0.0557164669269252
17,0.00506372636487237,20.3435509442857,25.12427578,0,-7.691641797,0,0,0,33.9793941428571,-0.000144221823965381,-0.0280833079208946,"13",21.3397303306845,1.78147556029033,10.4864868423482,11.4649051827192,11.6425292040238,9.51355225413642,-20.4080509565327,9.52684631344766,0.0595171377567004
18,0.0050210411058801,21.9512813425,25.27538103,0,-1.81641318825,0,0,0,43.547032465,-0.000186907082957651,-0.0365486519516134,"13",22.2385482682857,1.46175009798451,11.7582582411,11.5565189067058,10.8807562306786,10.2447681018746,-14.8926237089357,9.9620974351453,0.0645874380533581
19,0.004995585649173,23.2521154057143,28.2242153628571,0,1.13180801528571,0,0,0,53.7579928514286,-0.000212362539664751,-0.0416313033513847,"13",23.6384039731786,1.516317614811,11.7439129579071,11.5191127088346,8.57178057096429,10.1625241011268,-2.77860463250357,4.78654629064274,0.0620799047722639
20,0.00495440793928463,24.89954384125,30.85104452875,0,2.99903161675,0,0,0,64.6221176,-0.000253540249553121,-0.049908282382412,"13",24.7006986009643,1.6587053329467,12.635507043725,12.4875224683934,3.59168624826429,6.17518171651145,1.4995686678,1.20730818160612,0.0515403550162297
21,0.00492246210837644,26.8614014185714,30.2499897857143,0,1.953668307,0,0,0,76.3067355557143,-0.000285486080461312,-0.0563771214999029,"13",26.0600293510268,2.16367991615593,18.3630569201875,11.3566884413492,4.54552762,9.09105524,2.9980215941875,1.22372280790522,0.0463715712002332
22,0.00492492290903995,28.72842734375,28.5053630875,0,1.938279812625,0,0,0,88.881415055,-0.000283025279797801,-0.0558773338587368,"13",26.8108332593304,2.69784516856088,18.6695123109911,11.2899672143545,1.36378478234375,2.7275695646875,2.7370231323125,1.3307921070496,0.0416986728313691
23,0.00494954320930469,29.87294262,16.7025953684286,0,3.00289812057143,0,0,0,102.160280608571,-0.000258404979533062,-0.0508906641005664,"13",27.5951897362946,2.89190046304298,12.3505640546964,11.5423317019615,0.83431731525,1.6686346305,2.73472413194196,1.33653310412417,0.0387489400912671
24,0.00496037704344725,29.82062123125,17.175882257375,0,2.998074051,0.625,0.625,0,115.665939575,-0.000247571145390501,-0.0487042008468501,"13",27.6648598949286,2.73206531032739,8.60672134203929,7.17446565871561,0.60132762045,1.34460943607439,2.70318930123571,0.673177787045051,0.0281902994080555
25,0.00493816357613233,29.8273044628571,18.9548563614286,0,2.99811148314286,1,1,0,129.119995542857,-0.000269784612705421,-0.0531924390648504,"13",28.1650276753572,2.39235314498971,9.52944005898215,8.31404276685972,0.0041447474,0.00926793693596551,2.91735561714286,0.923913294021867,0.0236298494797419
26,0.00491463162126281,29.9921319875,14.21212197625,0,2.998074051,1,1,0,142.6362231625,-0.000293316567574941,-0.0579691544363676,"13",29.3328996077678,1.87434668238704,11.54108079075,9.18081965639755,0,0,2.99953367182143,1.22151337182718,0.0175089768043408
27,0.00488992433149697,29.9852169585714,14.2220219014286,0,2.99811148314286,1,1,0,156.190375385714,-0.000318023857340781,-0.0630091259925836,"13",29.8151583269196,1.75006839756351,9.17077616381696,6.43178411468744,0,0,3.29786524435714,0.812310137538972,0.0110239876381475
28,0.00487071605926788,29.9865386775,13.16404307125,0,2.998074051,1,1,0,169.7367103625,-0.000337232129569871,-0.0669449941042792,"13",30.0558024964286,1.81500240841798,9.53261362395983,4.64672992783883,0,0,3.28426461688393,0.572730136556515,0.00610062272704912
29,0.00488563163883924,29.9763424457143,12.2546122428571,0,2.99811148314286,1,1,0,183.277454471429,-0.000322316549998512,-0.0638873763670595,"13",29.9141956655714,1.89364119199757,11.7962779054571,5.64112774551987,0,0,2.85364074609286,0.326033364788954,0.00525140064682707
30,0.00493013626767862,29.95459486625,11.1208680725,0,2.998074051,1,1,0,196.8210105875,-0.000277811921159132,-0.0548193272195698,"13",30.1059966009286,2.02266675866454,12.6304158526357,5.63337858899905,0,0,2.77192976416071,0.964223581936641,0.000528825974270619
31,0.0049676701667896,29.8234188914286,8.78392387642857,0,2.99742776442857,1,1,0,210.330353957143,-0.000240278022048152,-0.0472350046690195,"13",30.28586794225,1.92666069074067,12.3734919391179,6.28241444762473,0,0,2.69836611025,1.25394969330021,0.00578339320346465
32,0.004987093210269,29.43495023375,6.90780012875,0,2.557868138875,1,1,0,223.720555525,-0.000220854978568752,-0.0433327385877869,"13",30.4964613873571,1.84160704350127,14.1418896775429,6.79499453889328,0,0,2.74677088056071,1.19958474264057,0.00388962423092259
33,0.00499242836861765,29.0300083671429,10.7930684622857,0,1.49426910442857,1,1,0,236.930524142857,-0.000215519820220102,-0.0422635172412864,"13",30.5892115746071,1.69896537058146,16.1095037392393,5.40774897765951,0,0,2.95903364899643,1.00287895188084,0.00145520271144534
34,0.00497394925289653,28.68607549125,17.31272337625,0,1.4990370255,1,1,0,249.9525282625,-0.000233998935941221,-0.0459718127179949,"13",30.5277916736786,1.54174965269551,16.6191252644572,4.2566336838947,0,0,2.80763816793214,0.773543196330564,-0.000611195715357245
35,0.00496455493237143,28.6110981314286,19.1038664514286,0,1.49905574157143,1,1,0,262.8858986,-0.000243393256466321,-0.0478623030692251,"13",30.38101742775,1.50701524179739,18.0250315786786,2.75780136370997,0,0,2.99374460612857,1.0529873692088,-2.48660932802538e-06
36,0.00499153556368137,28.7567845525,19.032555255,0,1.4990370255,1,1,0,275.8369860625,-0.000216412625156382,-0.042442365026961,"13",30.4179147430357,1.72336407422875,18.4408808798214,0.75084819142647,0,0,2.80402837153572,0.934401744973362,0.00205893658175817
37,0.00506347566862606,29.0612928671429,23.0780413971429,0,1.49905574157143,1,1,0,288.884873942857,-0.000144472520211691,-0.0281328173985536,"13",30.4798978533928,1.65026055232545,18.0428850106697,0.749422156350375,0,0,2.63401147728572,0.757281693338099,0.00724217560435152
38,0.00515215207544322,29.66910350375,21.6112161125,0,1.4990370255,1,1,0,302.143983625,-5.57961133945311e-05,-0.0107714501535048,"13",30.6176836949286,1.30461761696685,17.5542127679072,4.38059294022777,0,0,3.28554889833214,1.24409707775116,0.0116548435578729
39,0.00524031828048669,30.3052186357143,21.4810055514286,0,1.49905574157143,1,1,0,315.6935669,3.23700916489388e-05,0.00619628044366927,"13",30.937297701,1.11395047278804,14.5967077044072,6.61447880339391,0,0,3.58840949547143,1.33333999009311,0.0205158608550469
40,0.00531382255229433,30.7924934825,18.8016787525,0,1.4990370255,1,1,0,329.5037496625,0.000105874363456579,0.0201254974279719,"13",31.2835980503571,0.885607193998603,13.1109478705786,7.89453740372023,0,0,3.59786192452857,1.34091427898173,0.0136375908893768
41,0.00530510779713891,31.0442830342857,18.4468171042857,0,1.49905574157143,1,1,0,343.478286385714,9.71596083011589e-05,0.0184841349439884,"13",31.4772310945535,0.78341220380597,14.6408572164821,6.96878391952661,0,0,3.25918952801786,1.33062012215172,0.0160749689224271
42,0.00522502223466353,31.1696203075,17.99593839375,0,1.4990370255,1,1,0,357.5275598,1.70740458257787e-05,0.00327309674013687,"13",31.8045688585714,0.855919860595554,13.5143316089777,5.43102913059795,0,0,2.87578973558036,1.03458229957735,0.0161072960521519
43,0.00513476655665934,31.3710641971429,17.6110268571429,0,1.49905574157143,1,1,0,371.652897685714,-7.31816321784115e-05,-0.0141515750714616,"13",32.0893293033036,1.13433425583435,12.7080615125089,6.56538470682434,0,0,2.62062472780357,0.747729845471549,0.0157199808605673
44,0.00504213859885012,31.5614652275,12.371662474375,0,1.504914975,1,1,0,385.8674758,-0.000165809589987631,-0.032355638594014,"13",32.3673600289732,1.49236770403805,12.4992101418795,6.39617001110176,0,0,2.95845444420536,1.16014714798521,0.012373349725109
45,0.00494956892398392,31.4359342828571,8.10622162442857,0,2.69764414885714,1,1,0,400.1145751,-0.000258379264853831,-0.0508854687500415,"13",32.6338936775893,1.88874520469171,11.6350571154866,5.85895605500162,0,0,2.99960096575,1.22160318317416,0.00445535142102591
46,0.00485952846504801,31.13400497125,7.0746272395,0,2.997475797125,1,1,0,414.249368525,-0.000348419723789742,-0.0692445455475958,"13",32.7680851735268,2.2764238350904,10.3999758349509,5.46781872512524,0,0,3.29325779612053,0.814280003237327,-0.00211607739015247
47,0.00478011782971848,30.8304514957143,8.43402097742857,0,2.99811148314286,1,1,0,428.251627414286,-0.000427830359119271,-0.0857207579901038,"13",32.7856744213839,2.56964561654358,11.1906027594107,4.62529509895626,0,0,2.99638199538839,1.22653972237193,-0.00668610453999552
48,0.00477398731362289,30.5362826675,11.41096256275,0,2.998074051,1,1,0,442.108651075,-0.000433960875214861,-0.0870040842078197,"13",32.7064466176786,2.66507070023645,14.9717851381071,5.08881637599125,0,0,2.99807261419196,1.22397623453364,-0.0174827691569788
49,0.00484895824748999,30.30853214,13.4296329185714,0,2.99811148314286,1,1,0,455.848759214286,-0.000358989941347762,-0.0714220675095429,"13",31.2527300572619,0.620908031571051,13.7558443499643,4.72634501918164,0,0,2.49841375857143,0.865469430400012,-0.0108183417744964
50,0.00493863628542138,30.2109843875,19.11231138875,0,2.998074051,1,1,0,469.50618425,-0.000269311903416372,-0.0530967179230917,"13",32.4054255364286,2.63797818984867,16.2233317556205,5.55172052699957,0,0,2.998173803875,1.22410622383109,-0.0141506078299647
51,0.00503093281589097,30.33630369,18.7421053471429,0,2.99811148314286,1,1,0,483.1746495,-0.000177015372946781,-0.0345805384081483,"13",32.22206762625,2.44494045555368,18.6064511347322,3.80991765158405,0,0,3.00121895758482,1.22906895491026,-0.0185184450116384
52,0.00512208218181296,30.61001389,18.36730746875,0,2.992196101875,1,1,0,496.9377811875,-8.58660070247918e-05,-0.0166249236386102,"13",32.1318021494196,2.16623853871648,19.2988048396429,3.17943513958976,0,0,2.325394739625,0.786831863412205,-0.024168422394415
53,0.00520973125086114,30.8429455128571,17.6381985328571,0,1.79952307628571,1,1,0,510.819286071429,1.78306202338815e-06,0.000342314623307693,"13",32.1401059658036,1.80869525228061,19.0807817629464,3.18077332748047,0,0,2.24789446352232,0.862865092557367,-0.0306972317645477
54,0.0052809244264886,30.91226094125,14.495430135,0,1.497762241125,1,1,0,524.766051825,7.29762376508484e-05,0.0139152064254002,"13",32.14002100625,1.48068519625118,19.6119526092857,2.72369232161874,0,0,2.53680135698214,1.0892348946231,-0.036298678191313
55,0.00526670637794043,30.9085377028571,15.6050928185714,0,2.05878022,1,1,0,538.737622442857,5.87581891026787e-05,0.0112192347605005,"13",32.136850828125,1.22066011720563,18.4670327991518,4.13970578717052,0,0,2.62295297024107,1.43545052529461,-0.0399442361531803
56,0.00518747156709178,30.96425466375,15.11225884,0,3.002090562875,1,1,0,552.7131619875,-2.04766217459717e-05,-0.00393955190189299,"13",32.1796937052679,1.05223333504858,17.9505732787053,4.86243816433961,0,0,2.762783775625,1.31161343981341,-0.0417889369640358
57,0.00509974030622268,30.9940112328571,11.4793118371429,0,2.99811148314286,1,1,0,566.718733785714,-0.000108207882615071,-0.0209963379842115,"13",32.264738088125,0.947340995923384,16.4192966861875,7.19481180068211,0,0,3.26037394000893,0.852044722454915,-0.0400345695683884
58,0.00501217767489032,30.87819228375,13.5434237175,0,2.998074051,1,1,0,580.69271155,-0.000195770513947431,-0.0383154694231491,"13",32.4253877094643,1.04041945815623,16.7126772521607,6.08818150295946,0,0,3.37323301047322,0.749252140998484,-0.0338915987168051
59,0.00493339598298646,30.7982724342857,20.1195083371429,0,2.99811148314286,1,1,0,594.621325028571,-0.000274552205851292,-0.0541583641330048,"13",32.4424312780803,1.20474634648539,17.607976246875,4.76675359344146,0,0,3.44798289432143,0.713655283643029,-0.0271157629244155
60,0.00492214924466569,31.04266112875,21.085036385,0,2.998074051,1,1,0,608.5703527125,-0.000285798944172061,-0.0564406818972172,"13",32.6480300088839,1.47647946304132,16.0571526917545,6.5720489515715,0,0,3.74613243462947,0.863765140302685,-0.0219220856059808
61,0.00499650295393648,31.3998130242857,19.5994707042857,0,2.99811148314286,1,1,0,622.675985214286,-0.000211445234901271,-0.0414476971436875,"13",32.9432749736161,1.69531240741446,15.0891029646786,7.82272234537229,0,0,3.74735481732143,0.865808899646263,-0.0176321688930722
62,0.00508794454247736,31.7139426375,19.36359229375,0,2.999947089625,1,1,0,636.920615675,-0.000120003646360391,-0.0233120297159628,"13",33.2754394104464,1.90287682581789,14.4583103996652,7.40318544968241,0,0,3.92998448644197,0.719400252456199,-0.0151406130602899
63,0.00518302738689808,32.0264945828571,19.3689316528571,0,2.43838700514286,1,1,0,651.323225514286,-2.49208019396712e-05,-0.00479663320526313,"13",33.5611568416072,1.98024096280401,13.5964538602589,6.81583020835954,0,0,3.93166812144643,0.719898414839222,-0.0152780866411881
64,0.00527970460912011,32.27824061625,17.9004215775,0,1.495020513875,1,1,0,665.84115785,7.17564202823585e-05,0.0136841941728729,"13",33.0881511930357,1.33170368599165,12.7462136027738,7.40194340507564,0,0,3.27152431210119,0.763541004141476,-0.0140306741841042
65,0.00537712450895061,32.4537327585714,17.4001678328571,0,1.49905574157143,1,1,0,680.473375585714,0.000169176320112858,0.0319677963181961,"13",33.9998846344197,1.65946610312972,10.8156592107098,8.21798256976381,0,0,2.81433177841072,1.27887763514992,-0.0103019195876772
66,0.00547491233441698,32.51609123,15.0994887475,0,1.498878136375,1,1,0,695.1455155,0.000266964145579229,0.049990306182516,"13",33.9563245514286,1.41670707738011,14.0608666364955,7.73881594110943,0,0,2.62349756339286,1.43506691165989,-0.00350015356161284
67,0.00557279606853084,32.4378289928571,14.4570956,0,1.50144187657143,1,1,0,709.828800957143,0.000364847879693089,0.0677109574206547,"13",33.71858550875,1.24650318483637,16.8280824072277,5.87212840834978,0,0,2.62328443047322,1.43526343249536,0.00354675562381739
68,0.00567055341629853,32.3644652425,16.14393414625,0,2.784947678625,1,1,0,724.462501025,0.000462605227460779,0.0851007592187365,"13",33.4950683366518,1.07699328269196,17.2961040519643,5.88089544474946,0,0,2.62278714878572,1.43581173572238,0.00870474283245502
69,0.00576794657306333,32.3548778385714,20.3947687742857,0,2.99792926614286,1,1,0,739.087907242857,0.000559998384225578,0.102130178953534,"13",33.29567168625,0.866609195011456,17.5702921545982,5.3517528010788,0,0,3.19776372756697,0.888891534555478,0.0119087780608725
70,0.00586458337241274,32.60157702375,17.018146655,0,2.557868138875,1,1,0,753.7482174875,0.000656635183574989,0.118745484708638,"13",33.1383190058482,0.653232303025193,17.8790922376518,5.37506327175784,0,0,3.37262150625,0.749697217945279,0.0137877180016553
71,0.00595982355059087,32.76302901,5.25059840257143,0,1.49426910442857,1,1,0,768.539638771429,0.000751875361753119,0.134854916134111,"13",33.0658410039286,0.427724552796151,18.4180580425447,4.24830730372654,0,0,3.26327204231696,0.848445058634326,0.0152681751087986
72,0.00605176218686989,32.4659172125,4.489246447,0,1.4990370255,1,1,0,783.262763775,0.000843813998032138,0.150163541034481,"13",33.0342480657589,0.435336050657301,15.5991853089018,8.02018105869835,0,0,2.73562374214286,1.33234142127863,0.0171115249278617
73,0.00613229646937968,32.1556687557143,4.28603651028571,0,1.49905574157143,1,1,0,797.869800185714,0.000924348280541928,0.163383348378872,"13",32.9058887977232,0.673312617672575,15.3141379801875,7.99797174977788,0,0,2.62308337137947,1.43547349028769,0.0206411546662614
74,0.00613713387699553,31.8206617425,4.29540111775,0,1.4990370255,1,1,0,812.30579385,0.000929185688157779,0.164171878514515,"13",32.8004564073214,0.871609460016746,15.3253176883304,7.87244702854634,0,0,2.62389232553571,1.43465488412527,0.0261790528611217
75,0.00606393724258819,31.5149501585714,5.65010239514286,0,1.49795502671429,1,1,0,826.6255805,0.000855989053750439,0.15217333992169,"13",32.7224790873214,1.01145745839995,14.5798514324732,7.04419477678486,0,0,2.83905378216072,1.26461074150895,0.0322751282255355
76,0.00598150819062804,31.2317607525,10.689561387,0,2.226694244625,1,1,0,840.7901775125,0.000773560001790289,0.138486782994486,"13",32.7530612379018,1.11551886789775,14.0419208345179,5.76555437462211,0,0,2.99834040507143,1.22442388098447,0.0385305423476709
77,0.00593214028866664,30.98574196,18.9793763471429,0,2.997473989,1,1,0,854.848536028571,0.000724192099828888,0.130199114646796,"13",32.8821577316964,1.24973558267513,11.7361695972634,4.54354364249882,0,0,3.17999771391072,0.950395345022456,0.0422174615164515
78,0.00596872128737458,31.02150202875,18.177959485,0,2.998074051,1,1,0,868.8359729,0.000760773098536828,0.136346755818769,"13",32.9950001824554,1.37913349771143,11.6463955629286,6.22802409786405,0,0,3.37270668703571,0.749640415549724,0.0411767877296579
79,0.00597313074450761,31.16681012,17.3462940642857,0,2.99811148314286,1,1,0,882.8905804,0.000765182555669859,0.137085243826794,"13",33.1929524647322,1.45878609148572,10.3854708861607,6.77428220909899,0,0,3.37284266550447,0.749512274454738,0.0376015529712045
80,0.00590047595342397,31.3326101375,18.37130641375,0,2.998074051,1,1,0,896.997491775,0.000692527764586218,0.124847058999309,"13",33.4081200485714,1.63683717470652,10.3423244257054,6.70480312175404,0,0,3.37286606057143,0.749534109826756,0.0390687453284105
81,0.00580819551985576,31.4538874428571,8.92850659471429,0,2.99811148314286,1,1,0,911.201226671429,0.000600247331018009,0.109083982381588,"13",33.3647773316667,2.24667801030654,8.80653847283333,8.28777320377639,0,0,3.497753059625,0.865469430414147,0.0353136711336701
82,0.00571225934858525,31.22495753875,11.803727905125,0,2.998074051,1,1,0,925.3477737125,0.000504311159747499,0.0924286699984833,"13",33.5417378367857,1.8880990992885,7.87790448139731,4.963895747063,0,0,3.37302075521875,0.74939360802686,0.0277367631720873
83,0.00561505657288172,30.9978725314286,15.5988346642857,0,2.99811148314286,1,1,0,939.407972128571,0.000407108384043968,0.0752657055834183,"13",33.608391228125,2.150951729253,10.5577380224152,4.7613216240674,0,0,3.56570165431696,0.719607015063387,0.0224494480715284
84,0.00551728066917434,30.86024607125,15.56201714375,0,2.998074051,1,1,0,953.3701649,0.000309332480336589,0.0576991489563623,"13",33.4325411467857,2.23860662723646,14.1785320452902,6.73116237611227,0,0,3.74789113771875,0.865792711212883,0.0173671771854974
85,0.00541940596918047,30.77973125,14.7654605542857,0,2.99811148314286,1,1,0,967.301585271429,0.000211457780342718,0.0398002524367111,"13",33.2190381419196,2.23898336062988,14.3151162897768,6.49943362381598,0,0,3.74713109025446,0.864915338890426,0.0107157898697449
86,0.00532223892408893,30.74365849125,14.14161732,0,2.998074051,1,1,0,981.1863709375,0.000114290735251179,0.0217081083242521,"13",33.0088084279464,2.2114016323282,14.2459645478973,6.83719849373924,0,0,3.55403378273214,0.71491786040282,0.00462014369275368
87,0.00523207558569514,30.71540836,14.3355697,0,2.99811148314286,1,1,0,995.081052942857,2.41273968573886e-05,0.0046221042922383,"13",32.8151994765178,2.1811126196165,15.1476203485536,5.90223505680378,0,0,3.23338162187946,0.882997668838701,0.000242620299326202
88,0.00515638527940178,30.6857747475,18.64858932625,0,2.998074051,1,1,0,1008.9341175,-5.15629094359716e-05,-0.00995014952303386,"13",32.7122269300447,2.22853323308927,17.6288041389286,2.88154286395752,0,0,2.99714580472768,1.22550549663559,-0.00375143600045167
89,0.00506326279022812,30.7699290171429,18.7937576414286,0,2.99811148314286,1,1,0,1022.818062,-0.000144685398609632,-0.0281748602329035,"13",32.0447813532143,2.13629986505265,16.1326804509167,4.14357933299229,0,0,2.71430016957143,0.49151078049531,-0.013962246280449
90,0.00496665248604583,30.9889600825,19.7064088375,0,2.997959720375,1,1,0,1036.757093875,-0.000241295702791922,-0.0474398864233985,"13",32.8129491464286,2.16781524426558,18.4778648409821,1.79892810573987,0,0,3.59994249504018,0.735598886365612,-0.0219066864379024
91,0.00487057649144728,31.2269196571429,20.66349482,0,2.58986606671429,1,1,0,1050.81641214286,-0.000337371697390471,-0.0669736489910955,"13",32.4794002067857,2.23178496286124,18.5516607685714,2.91858540638663,0,0,3.49714454670238,0.865996786139275,-0.0312433303635685
92,0.00477718968815631,31.504066,20.2490237775,0,2.512813650625,1,1,0,1064.97815275,-0.000430758500681441,-0.0863335124896398,"13",33.0350844515625,1.92855480324988,17.5596058341071,2.40370802712611,0,0,2.98495880408482,1.11428737336882,-0.0408862771756114
93,0.00469627725128025,31.80460621,20.0747345157143,0,2.99731548285714,1,1,0,1079.28471414286,-0.000511670937557502,-0.10341583372108,"13",33.1048826815179,1.85468973746425,19.9546531274107,2.60158108615034,0,0,3.07069804869643,1.33073909330277,-0.0454720904642405
94,0.00469500878851507,32.1234451325,22.0731530675,0,2.998074051,1,1,0,1093.7131085,-0.000512939400322682,-0.103685969832472,"13",33.3153790895089,1.5814916562346,18.4487269767009,5.85344178885747,0,0,3.37367115115179,1.43226610653304,-0.0440369315090252
95,0.00472962752738553,32.49783541,17.8108879828571,0,2.99811148314286,1,1,0,1108.320813,-0.000478320661452221,-0.0963395019848479,"13",33.5292304342411,1.28923073422338,19.4666052863303,5.09121609883003,0,0,3.67249912543303,0.960078773032559,-0.0405505189790415
96,0.00467289918738362,32.40882088375,10.44019959325,0,2.998074051,1,1,0,1122.9838335,-0.000535049001454131,-0.108406264218074,"13",33.5839153096875,1.02794398846076,16.8395457426652,5.27619697140447,0,0,3.74746639553572,0.865647573475388,-0.0388914130071389
97,0.00458644910271852,32.0896483185714,13.4916326657143,0,2.99811148314286,1,1,0,1137.565059,-0.000621499086119232,-0.127079845163257,"13",33.3164359085714,1.0248288383705,14.3379848454464,6.91369709630115,0,0,3.74761595900446,0.865474833691277,-0.0371836779057462
98,0.00450081685762628,31.81666247375,18.27219684,0,2.998074051,1,1,0,1151.977511625,-0.000707131331211471,-0.145927049240413,"13",32.9408822787946,1.09957049824689,14.6428580722545,7.40755856087128,0,0,3.74862008694197,0.866635808635668,-0.0355862724375302
99,0.00444247188607132,31.7506984071429,16.9238885457143,0,2.99811148314286,1,1,0,1166.34093857143,-0.000765476302766431,-0.158975000544348,"13",32.5499319919643,1.12977284503158,16.4506092671607,8.3156401641727,0,0,3.51302336764732,0.70704907969005,-0.0344080988356393
100,0.00444041973130465,31.79047917,14.61105629175,0,2.998074051,1,1,0,1180.680271375,-0.000767528457533102,-0.159437047104268,"13",32.2293394757589,1.09238277556588,15.5985489545982,8.00594642165063,0,0,3.29470063891072,0.814841670041542,-0.03206649701921
101,0.0045013299879508,31.64677011,6.05436627985714,0,2.99811148314286,1,1,0,1195.03500985714,-0.000706618200886951,-0.145813047475617,"13",31.9685106242857,1.13136982005807,14.2198535667589,7.28199763230127,0,0,2.99971467761161,1.22129619193519,-0.0265637834440218
102,0.00459125811930399,31.26589921875,9.186355889875,0,2.998074051,1,1,0,1209.232012625,-0.000616690069533761,-0.126031867317709,"13",31.6698431335714,1.2179008174816,12.2006557974866,8.47463721872988,0,0,2.99802355369197,1.22410219713451,-0.012861261217621
103,0.00468610435727325,30.9136414685714,7.650264551,0.00128960914285714,2.99811148314286,1,1,0,1223.28989271429,-0.000521843831564501,-0.105584344489673,"13",31.2575750316964,1.22915552176643,14.2385852790045,7.76912237036654,0,0,2.99689142886161,1.22395327491343,0.0018869487455305
104,0.00478291222639112,30.5448248725,3.828432239,1.209576446,2.998074051,0.625,0.625,0,1237.1593365,-0.000425035962446632,-0.0851363414030315,"13",30.7810998450893,1.17131584467041,16.6080506451161,7.18403963049194,0.000322402285714285,0.00064480457142857,3.26280522450446,1.33356480898695,0.0169768250630585
105,0.00488070900074912,30.0263216614286,3.792503777,9.57982062942857,2.99816083157143,0,0,0,1250.86263157143,-0.000327239188088631,-0.0648954588388575,"13",30.7237786299643,1.34449309782876,15.5684251765429,9.26117404816483,0.2419152892,0.540939031447721,3.50901261333571,1.27940821251393,0.0309255575194245
106,0.00497913499280761,28.7957071175,3.73978253425,14.316216622375,2.98020190775,0,0,0,1264.140316125,-0.000228813196030141,-0.0449297758682903,"13",29.9166757991964,1.41082335284215,13.1385949899286,10.9330958229044,2.39855689473214,4.7875139736315,3.09854324391072,1.23996102104339,0.0445963541046178
107,0.00507795158803534,27.9554830014286,3.51076859428571,9.90155117928571,1.49277347628571,0,0,0,1276.959964,-0.000129996600802412,-0.0252780064160483,"13",29.0663914758482,1.41530965772564,13.849046833125,11.8385475395771,5.55709658973661,6.92895370380536,2.53756298136161,0.926603786631881,0.0662819084045704
108,0.00517704152651816,27.1986309,3.292669696,12.0227564975,1.49899384575,0,0,0,1289.40125025,-3.09066623195913e-05,-0.00595219712679373,"13",28.2559334607589,1.2409061547456,13.3923602171875,11.5675123303447,3.86825754210268,4.80376339391449,1.87340533619643,0.749419429885286,0.0810887478765905
109,0.00527630465249406,26.3023568028571,3.318386697,17.1410315628571,1.49878901885714,0,0,0,1301.52181771429,6.8356463656309e-05,0.0130400195430598,"13",27.3215887751339,1.03995352678087,14.6642795266071,13.187026198586,6.19693250144642,7.16201398014744,2.10325075654911,0.700420366389777,0.0971955763255904
110,0.00537568061448073,24.6836000575,3.327169571,20.079298655,0.025866600625,0,0,0,1313.027761875,0.000167732425642979,0.0316992348711826,"13",26.0325685539732,0.943029883485788,15.6105087173705,14.4592584330483,7.50884370943302,8.84209847110986,1.30214612855804,0.383416702609929,0.111642467670093
111,0.00547511155207869,23.0012023842857,3.29159086157143,19.9737450871429,-12.3285297214286,0,0,0,1323.81677614286,0.000267163363240938,0.0500266928900075,"13",24.3152053177232,0.817206112838188,15.9452958972679,14.9790970800524,9.83654667410715,11.3631070778796,-0.306262282040179,0.302212884760282,0.137705583634385
112,0.00557455109119809,21.2356109475,3.2325307415,23.812954985,-37.21066985625,0,0,0,1333.772689875,0.000366602902360339,0.0680258346062512,"13",22.3076904492411,0.844018069364819,16.0606369510045,15.2755336740428,10.1911777311607,11.7724868382433,-11.3522847864732,2.91751587712713,0.154765058262117
113,0.00567395353616584,18.5552057328571,3.14140963271429,27.3504416657143,-43.4466457957143,0,0,0,1342.68444414286,0.000466005347328088,0.0857001893964293,"13",20.4134657814286,0.990994679193344,18.6368313020786,14.5302412365128,8.10220143814286,11.3759992073353,-26.5357070493857,10.6288812811482,0.166574061305392
114,0.00577326685827251,15.66054797375,2.936860996125,27.59789484,-20.70988753325,0,0,0,1350.0843795,0.000565318669434759,0.103052141886721,"13",18.8534086417602,1.48761540081909,17.8013317892015,14.2792460205999,8.74140716609694,11.4441564970479,-31.8680358748725,10.6887615656794,0.170847239513802
115,0.00587243926812662,12.4268353328571,3.00568883657143,31.0801579471429,98.4868289842857,0,0,0,1356.16045985714,0.000664491079288869,0.120084137106909,"13",16.8208004483928,1.8118463754907,15.4578915938304,13.7059397448574,11.9063400771205,13.1250158739243,-24.5477208761071,18.230448537378,0.17304586967268
116,0.00597139101799229,8.99197204225,2.884035773875,26.486199675,243.153858825,0,0,0,1360.856748,0.000763442829154539,0.13679394267082,"13",14.2368071331027,1.79903425927731,14.7975804532723,12.9398307150361,13.7084016883929,14.8087618523401,23.0119812487076,45.4183395496761,0.174352777485148
117,0.00607003688967144,7.61890592571429,3.14656663785714,2.46736684457143,396.897732271429,0,0,0,1364.501239,0.000862088700833688,0.153178723224805,"13",12.892436495564,2.49386837600017,14.3907255469926,12.2744995795259,13.3449573645833,14.0720682062947,77.3540119392575,95.3060678581381,0.175780471913374
118,0.00616821673014207,7.294149382375,6.132654579125,0.002055014625,477.6014120625,0,0,0,1367.235055625,0.000960268541304318,0.169223814008571,"13",10.8712344645018,2.06420205966037,13.4253827428071,11.3542315758241,11.1847932559571,14.0329915732788,183.011369307852,146.898494001566,0.173943340487871
119,0.00626572808962949,6.97727343942857,20.2471588185714,0,513.675140028571,0,0,0,1368.63823628571,0.00105777990079174,0.184908837300727,"13",10.1777733464464,2.12455853167963,13.0574133514094,10.458335711566,8.46503104326403,12.6018518945585,244.371309725889,168.287769233947,0.174868255514504
120,0.00636211948544489,7.81167077675,18.6236716975,0,517.0470992,0,0,0,1368.2063905,0.00115417129660714,0.200175614303894,"13",10.5460449115812,2.23563588882701,12.7624074551997,10.9937080078314,10.1681806885633,13.7332035403309,209.792282285547,165.259314669531,0.174533281297784
121,0.00645659677279532,8.72128329128572,19.15607316,0,449.078532,0,0,0,1365.81242057143,0.00124864858395757,0.214916403431465,"13",12.2222996582277,2.7497414290234,14.4082010171369,12.2568465873538,11.2507466982976,13.6208438821944,112.154646922981,127.162874355224,0.178040646782231
122,0.00654650974147863,10.238309493125,22.45172457,0,223.5570553,0,0,0,1361.7629585,0.00133856155264088,0.228746083325309,"13",13.6540476785635,2.42660997473637,13.4738532666726,12.738901033761,15.1281570202381,14.4923547420747,47.4721898682956,84.7920316005129,0.177035551400457
123,0.0066173082852344,11.8699489842857,25.1976600771429,0,60.8619511314286,0,0,0,1356.94199957143,0.00140936009639665,0.239502723257942,"13",16.3325821022222,2.24001188817599,14.0743135096905,13.4758962999744,14.0367642849008,13.8412843416095,-10.8772153360635,44.4156514375621,0.175988188148556
124,0.00659332089373288,13.8889864075,26.91210664625,0,9.033742907625,0,0,0,1351.28416925,0.00138537270489513,0.235871190319488,"13",17.7782968866071,1.49063807020344,15.7870204280119,14.2553342744592,12.0149487994941,13.692060374437,-31.5849301078929,11.1092141170006,0.173928834860487
125,0.00651069279816045,16.2833602414286,28.2292332128571,0,-24.4365098057143,0,0,0,1344.63826485714,0.0013027446093227,0.223259910847565,"13",19.5608730283418,1.21409743719224,14.2303742932934,14.3621486049492,12.1432578782398,11.9411302097246,-33.6929158820918,10.2916033064567,0.173031100819375
126,0.00641848274499429,18.7799122775,28.859647755,0,-28.30721164125,0,0,0,1336.745929875,0.00121053455615654,0.208995797117176,"13",21.6329999844133,1.07117521585463,14.3284484997117,14.3984120203543,11.6108168736225,11.0560620365412,-19.5566238588776,12.0354717201078,0.16619681754748
127,0.00632332838537871,21.0871785357143,28.2679170614286,0,-12.8840957394286,0,0,0,1327.76831314286,0.00111538019654096,0.194059752923103,"13",23.629200647449,1.04456266978877,14.2508306188087,14.1495204212092,11.4444139458674,10.71434932376,-4.82144179066072,5.95760481498941,0.153419851633748
128,0.00622664915537564,23.1039624675,26.6962340775,0,-0.3767422685,0,0,0,1317.73084225,0.00101870096653789,0.178652372204441,"13",25.3307960360714,0.986337894096853,16.0347662806756,14.3227741986055,8.70675499521727,9.85707667097602,0.476914772619048,0.90769576695805,0.133871286562929
129,0.00612913133234506,24.65183969,25.6354799757143,0,1.48321609457143,0,0,0,1306.94336885714,0.000921183143507308,0.162867072932899,"13",26.3718936049107,0.317010425158666,15.401797899067,14.2711203266219,7.50884370943302,8.84209847110986,1.58932841379018,0.78458264403179,0.117578381788283
130,0.00603107284874828,26.00913989375,24.8006367025,0,2.6319452355,0,0,0,1295.45584675,0.000823124659910529,0.146738954347966,"13",27.5429749816964,0.709033993028841,13.9344356427679,12.5020182198719,6.19693250144642,7.16201398014744,1.82133909095982,0.641117562311683,0.0907474386213173
131,0.00593269736069604,26.89468472,21.8812611671429,0,1.50429857314286,0,0,0,1283.484276,0.000724749171858288,0.130293017662899,"13",28.4090709591964,1.03815406058072,13.9587567488393,12.1619126422828,3.86825754210268,4.80376339391449,2.01880269434821,0.709280377323246,0.0746332397993676
132,0.00583414050647012,27.50723471375,24.14684729375,0,2.08588800575,0,0,0,1271.17833125,0.000626192317632369,0.113540996688628,"13",29.2701324824107,1.14979936076208,13.6710391568303,11.635708889546,5.55709658973661,6.92895370380536,2.86637325660268,0.946054105755071,0.0652155541808627
133,0.0057355331209759,28.32219874,23.4348165885714,0,3.40112910671429,0,0,0,1258.58383371429,0.000527584932138149,0.0964947472114179,"13",30.1023734516964,1.15705745199326,13.1520031462232,10.9499518560556,2.39855689473214,4.7875139736315,3.37205649170089,1.43437720495553,0.0523819290184771
134,0.00563700794429106,29.06498935,23.48844921375,0,4.495182097875,0.25,0.125,0,1245.59820425,0.000429059755453308,0.0791674604718766,"13",30.6444983178125,1.2058966895569,13.9600571968839,9.84146721816158,0.3023941115,0.604788223,3.26280054548661,1.33355903449551,0.0392259419417922
135,0.00553873278500184,29.7589425642857,23.2271072757143,0,4.497167225,2,1,0,1232.33175814286,0.000330784596164088,0.0615797778013727,"13",31.0844701766964,1.31920879486843,15.849006038375,6.36810821248839,0.000322402285714285,0.00064480457142857,2.99689610787946,1.22396092188618,0.0246777578877672
136,0.0054410364222926,30.35834255375,20.15201384,0,4.497111076875,2,1,0,1218.718901375,0.000233088233454849,0.0437836042257329,"13",31.4831546175893,1.32397351778768,13.548345936058,6.99137091405439,0,0,2.99809276714286,1.22397388792059,0.00955061418110128
137,0.0053446702111238,30.8542192042857,20.2472486057143,0,4.497167225,2,1,0,1204.91314414286,0.000136722022286049,0.025913885160767,"13",31.8363813242411,1.2395225607825,12.0589738040045,8.34125469331925,0,0,2.99801887469643,1.22407927672499,-0.00386179070982943
138,0.00525509889475984,31.30258479,20.33864049,0,4.497111076875,2,1,0,1190.849987875,4.71507059220883e-05,0.00901286667670842,"13",31.5717133161905,0.353431697380952,13.0405384880595,8.48184398284877,0,0,3.00026779180952,1.49580376928605,-0.0124963568339871
139,0.00518979070842032,31.7606927371429,20.6273631214286,0,4.497167225,2,1,0,1176.62502242857,-1.81574804174311e-05,-0.00349258597564361,"13",32.3432165517857,1.0501700313326,16.1856621173661,8.56430228007398,0,0,3.29468660187946,0.814814050685668,-0.018451021314536
140,0.00513380773613598,32.21620104125,22.9758157725,0,4.497111076875,2,1,0,1162.158633625,-7.41404527017714e-05,-0.0143383235878831,"13",32.6889031248661,1.10903621928097,16.2736659068929,8.13610442675015,0,0,3.51303740467857,0.70707512919904,-0.0197997961814467
141,0.00509730024013356,32.7720855728571,22.2680423314286,0,4.497167225,2,1,0,1147.49948785714,-0.000110647948704192,-0.0214749211724889,"13",33.0829671746428,1.10718194143538,14.4630124384598,7.16549733456594,0,0,3.74860604991072,0.866619643164694,-0.0202571473339992
142,0.00509691726816084,33.34042515625,21.54865979625,0,4.497111076875,2,1,0,1132.54854875,-0.000111030920676911,-0.0215500563096533,"13",33.3084394926786,1.25500102228284,11.9344265285119,6.08574200995029,0,0,3.49778425304762,0.865491042022718,-0.0219142396574468
143,0.00510705717550274,33.9073789,22.3117801614286,0,4.497167225,2,1,0,1117.37712542857,-0.000100891013335012,-0.019562612978274,"13",33.4760941129167,1.23095523975503,15.0154676030774,4.66838466341986,0,0,3.49756611904762,0.865631384056044,-0.0252729199537027
144,0.00510879395481269,34.39381396875,19.80906889125,0,4.497111076875,2,1,0,1101.925731125,-9.91542340250612e-05,-0.0192225964156734,"13",33.2410359227381,1.41238711773244,19.3524507513571,6.22916804239133,0,0,3.39762847495238,0.964003956769683,-0.0294434207192671
145,0.00511919718844878,34.8306634242857,19.6654775357143,0,4.497167225,2,1,0,1086.30265114286,-8.87510003889716e-05,-0.0171883285179915,"13",32.81028431125,1.49028499890554,18.0431434570298,7.09980163206983,0,0,2.99917245986905,1.49518683824132,-0.0356939793628588
146,0.00515467054595155,35.2047004875,17.547878425,0,4.497111076875,2,1,0,1070.4606365,-5.32776428862018e-05,-0.0102827504635821,"13",32.4049434128572,1.49007421107243,20.7569113615476,2.508112153848,0,0,2.59522703930357,1.14011565949602,-0.0379961832801532
147,0.00517715377002729,35.1677499828571,15.3896701414286,0,4.497167225,2,1,0,1054.57047542857,-3.07944188104618e-05,-0.00593051634837494,"13",32.324195941131,1.59587298934654,18.2829177316667,2.35109289748382,0,0,2.48088933044643,0.581324625445409,-0.0316290890723018
148,0.00515035069419865,35.045280945,15.2323789225,0,4.497111076875,2,1,0,1038.692785375,-5.75974946391018e-05,-0.0111211479440776,"13",31.9727757427679,1.60217236240495,19.8277521325,1.12297772361101,0,0,3.2247034588125,0.454451575059007,-0.0223265671289415
149,0.00510383407344361,34.9836842728571,16.2292965757143,0,4.497167225,2,1,0,1022.88410028571,-0.000104114115394141,-0.0201939196927343,"13",31.7260682691964,1.85710263456618,16.7979497485446,3.63545037274149,0,0,2.78525299796429,0.425667061199075,-0.00987169605601787
150,0.0050809956390051,34.96351271,20.827088915,0,4.497111076875,2,1,0,1007.07409635,-0.000126952549832651,-0.0246787216805533,"13",31.9617983367262,2.0175931488919,16.5627092135714,2.37393841032224,0,0,2.49715738067857,0.86767795772821,-0.00808764941857169
151,0.00510946132478461,35.13836999,21.3249746814286,0,4.497167225,2,1,0,991.258215042857,-9.84868640531416e-05,-0.0190919733412747,"13",32.0408093053571,1.88090339093575,13.0885022375952,5.17829736780202,0,0,2.81211975417262,0.323663339998082,0.000687202488577787
152,0.0051648698442678,35.45819552875,20.86128615875,0,4.497111076875,2,1,0,975.298287,-4.30783445699518e-05,-0.00830605362362391,"13",32.1923460610119,1.82641205358314,12.0408573442798,6.39890132659575,0,0,3.23967468468452,0.416811066950654,0.00701908974638066
153,0.00519277176294624,35.7800455685714,20.1790801628571,0,4.497167225,2,1,0,959.220682514286,-1.51764258915117e-05,-0.0029183434302924,"13",32.3653689997024,1.773996535375,12.3604616654167,6.35923800013731,0,0,3.49711904533929,0.864338868474568,0.0144573402620907
154,0.00519168137849305,36.06203565375,19.29762238125,0,4.497111076875,2,1,0,942.97831275,-1.62668103447011e-05,-0.00312834667674977,"13",32.5560429777976,1.7051525462033,12.4721685999702,7.10582600091216,0,0,3.498151158,0.86612654004164,0.0178687698670976
155,0.00517502901172438,36.2034843414286,10.2207661958571,0,4.497167225,2,1,0,926.658195985714,-3.2919177113371e-05,-0.0063410110887574,"13",31.9391838936607,1.01006859771901,8.08269125127678,5.26234050195955,0,0,2.99809276707143,2.64685220506535e-05,0.0196502748187878
156,0.00519238272566052,35.77738678,3.752869864875,0,4.497111076875,2,1,0,910.3625967125,-1.55654631772313e-05,-0.00299326523888688,"13",32.8278686483333,1.42348937396965,12.4873296332917,7.31623941364566,0,0,2.998074051,0,0.0310573448700527
157,0.00525744390301955,34.9679029028571,4.19619044957143,0,4.497167225,2,1,0,894.382587585714,4.94957141817989e-05,0.00945900198366534,"13",32.9542882313095,1.55908715037218,12.2724237349762,6.02363007141509,0,0,2.99809900576191,2.16114577565687e-05,0.0251660916142558
158,0.00529251592448438,34.05425325625,3.892946919,0,4.497111076875,2,1,0,878.7872857875,8.45677356466285e-05,0.0161077761161472,"13",32.9374181690476,1.65984669614695,13.4990597892381,5.22084230080562,0,0,2.99808652838095,2.16114577565687e-05,0.029280541718519
159,0.0052455429276283,33.2035062914286,5.28698602185714,0,4.497167225,2,1,0,863.609315971429,3.75947387905489e-05,0.00719279324707589,"13",32.8206530335714,1.35928515017337,13.8086233372991,5.66038172302985,0,0,3.37269265000447,0.749612341489355,0.0312197548751584
160,0.0051602383612504,32.62099290125,5.897049954625,0,4.497111076875,2,1,0,848.7414447625,-4.7709827587351e-05,-0.00920318383206986,"13",32.682263886384,1.22400083007909,15.3017855824822,3.37596959669604,0,0,3.18052520954911,0.950290801524943,0.0260360122668191
161,0.00506931146985461,32.1221479471429,15.5002877597143,0,4.497167225,2,1,0,834.134790414286,-0.000138636718983141,-0.0269809523334237,"13",32.6982430290625,1.1748195672649,15.0059697041875,6.40719185992405,0,0,2.99833572607589,1.22440096821122,0.0257526103831422
162,0.00497983717479471,31.87411887625,19.83624496875,0,4.497111076875,2,1,0,819.680251575,-0.000228111014043041,-0.0447887609196904,"13",32.4724175205357,1.01798105068742,14.3485529460952,9.37196600099401,0,0,2.78605326454167,1.54340219362018,0.0103841589231373
163,0.00491018512861719,31.9511258728571,22.8441849942857,0,4.497167225,2,1,0,805.282683942857,-0.000297763060220562,-0.0588743098142013,"13",32.8759545466071,0.781990149314443,15.5459071953839,8.16045034051932,0,0,2.62387828850447,1.43463044605588,0.00425004254904534
164,0.00488636449173509,32.25311843,23.7265430225,0,4.497111076875,2,1,0,790.780394725,-0.000321583697102661,-0.063737385951093,"13",33.0311090116518,0.545982449756647,15.5314647595625,8.30853686750938,0,0,2.62309740841072,1.43549792436914,-0.00334892598627009
165,0.0048784110076558,32.7539992857143,24.59585014,0,4.497167225,2,1,0,776.115576,-0.000329537181181952,-0.0653664015235913,"13",33.1673927837054,0.401153945437042,15.5754716292143,7.98477527301551,0,0,2.73560970511161,1.33231667609486,-0.00839272840970562
166,0.00490240440762154,33.2865781575,24.50099542125,0,4.497111076875,2,1,0,761.1908289625,-0.000305543781216212,-0.0604601750822873,"13",32.9922619527381,0.491873132984978,16.3904122496429,1.55051206106584,0,0,2.85199236413095,0.254720796459125,-0.00960332749799687
167,0.00495681702589018,33.8686963257143,23.7066368628571,0,4.497167225,2,1,0,746.036072185714,-0.000251131162947571,-0.0494221494144194,"13",32.8948598992262,0.533324144390822,15.9365773625833,4.54937067339288,0,0,2.99777293333333,0.000402723686094328,-0.00126622836380141
168,0.00501132595643788,34.44496396125,24.25139905375,0,4.497111076875,2,1,0,730.5910307,-0.000196622232399872,-0.0384854136799326,"13",32.91257426125,0.495918766601776,15.3432565215476,3.63369795119516,0,0,2.76464794446429,0.244246905549921,-0.000712644022988096
169,0.00505611660151768,34.99801338,24.4059239814286,0,4.497167225,2,1,0,714.915481871429,-0.000151831587320072,-0.0295872373126622,"13",32.9940866555357,0.483710582437536,14.9261640754762,4.26353185694372,0,0,1.99799379004762,0.866101936216387,-0.00257098588934823
170,0.00508946951670083,35.46616509,23.70476978375,0,4.497111076875,2,1,0,698.9836417125,-0.000118478672136922,-0.0230123515863223,"13",33.1360589816667,0.542800475475295,14.5358532817202,4.49410189952065,0,0,1.99867554833929,0.86553691264091,-0.00684203953069584
171,0.00511595790813866,35.8169248971429,22.6004657728571,0,4.497167225,2,1,0,682.889934985714,-9.19902806990917e-05,-0.0178212999433205,"13",33.36791168625,1.04859378268784,8.26618631356546,7.9111285631612,0,0,2.2547504214881,0.74993759907967,-0.0155856340759114
172,0.00513315792133096,36.07129562125,17.9638241575,0,4.497111076875,2,1,0,666.6388951375,-7.47902675067918e-05,-0.0144649071988363,"13",33.1720665375,1.23583664857278,12.2567102443214,6.76624553226932,0,0,2.9570688150119,1.29057950625446,-0.0174950327287263
173,0.00515241693610463,35.9447928314286,3.80022523414286,0,4.497167225,2,1,0,650.352479385714,-5.5531252733121e-05,-0.0107200437034081,"13",32.7666115116667,1.4471412226072,16.8618634022976,2.38870577517524,0,0,3.7431684202619,0.75112433554779,-0.0206140666438887
174,0.00516793655904318,35.34145135,3.504758645625,0,4.497111076875,2,1,0,634.23768285,-4.0011629794571e-05,-0.00771246565025674,"13",32.5293322557143,1.51008781855562,18.1334751686309,1.45540911796657,0,0,3.49741110943452,0.865765742893923,-0.0187409811828425
175,0.00514115070149047,34.4953610871429,3.66802399371429,0,4.497167225,2,1,0,618.4627957,-6.67974873472818e-05,-0.0129090299306478,"13",32.3643765114881,1.54297512143908,19.1697629644643,1.80124424778057,0,0,3.49777177566667,0.865501847549231,-0.0196021927663621
176,0.00506340155795317,33.5842770075,6.380298641125,0,4.4912331275,2,1,0,603.0830211625,-0.000144546630884581,-0.0281474538298578,"13",32.3769918948661,1.24725547750395,18.2992342265179,2.68427190251581,0,0,3.44797821532589,0.713619902214746,-0.0250068715626054
177,0.00497446101646069,32.7840517485714,14.4769018685714,0,3.29857881814286,2,1,0,588.110530128571,-0.000233487172377062,-0.0458689292340075,"13",32.2885257067857,1.06649324256169,17.1037632972054,5.34410471536271,0,0,3.37323768946875,0.749286462206135,-0.0339034707159094
178,0.00488920322291306,32.4790138675,12.309205284,0,2.998672305125,2,1,0,573.3768682,-0.000318744965924691,-0.0631566051141021,"13",32.2721772304018,0.93374392063081,15.5110599354732,7.63089066312567,0,0,3.2593791700759,0.852449013587452,-0.0408291379956824
179,0.00483074700452232,32.2015484685714,7.33146838742857,0,2.99811148314286,2,1,0,558.762326442857,-0.000377201184315432,-0.0751848399502695,"13",32.1936229454911,1.02992934392131,17.8273647840625,4.94718585452253,0,0,2.99861136134375,1.22476903643708,-0.0464477566676041
180,0.0048085299395413,31.7607483675,12.798568475,0,2.998074051,2,1,0,544.3124570125,-0.000399418249296451,-0.0797945433524028,"13",32.1359200185268,1.2219059759589,18.7444484700446,3.80879363778606,0,0,2.76320746495982,1.31086562415531,-0.0482082183614695
181,0.00481647776737026,31.48904218,16.4110787542857,0,2.99811148314286,2,1,0,530.038481914286,-0.000391470421467492,-0.0781430476420075,"13",32.1573498633482,1.46071611840303,18.8262605098214,3.74474513434245,0,0,2.46136114819197,1.16512604292112,-0.0461986833441652
182,0.00486036867254872,31.42225837625,18.1169355425,0,2.998074051,2,1,0,515.826203,-0.000347579516289031,-0.0690716615193754,"13",32.1983388715178,1.74566269573926,18.8985045289732,3.25530632094686,0,0,1.949726207125,0.712985095545021,-0.0426932489151401
183,0.00493258244157753,31.49327034,15.2561789214286,0,2.99811148314286,2,1,0,501.622813514286,-0.000275365747260221,-0.0543232826761582,"13",32.2002296994197,2.09372584087114,19.2051053700446,3.20671576981773,0,0,2.32391589430804,0.78514980218161,-0.0346427242487024
184,0.00500507743317415,31.4971315125,15.30478824125,0,2.998074051,2,1,0,487.3934325125,-0.000202870755663601,-0.0397330718874702,"13",32.253397451875,2.4111494556051,18.5138996243304,3.79801096522879,0,0,3.00122831562054,1.229068923126,-0.0251938882082183
185,0.00507424669756409,31.50781675,14.8558622514286,0,2.99811148314286,2,1,0,473.170170271429,-0.000133701491273661,-0.0260078760380766,"13",31.0853312591667,0.757207975114336,15.965727696125,5.05637288423348,0,0,2.4983950425,0.865469430197641,-0.0161374958821656
186,0.00515241482307553,31.52106296625,18.65168050625,0,2.998074051,2,1,0,458.9255515625,-5.55333657622217e-05,-0.0107204538079317,"13",32.449650065,2.61873634150564,16.4912564525,5.44592317419661,0,0,2.99818784092857,1.22409858253048,-0.0154758405650662
187,0.0052185793009519,31.5874136385714,19.1961282928571,0,2.99811148314286,2,1,0,444.683330528571,1.06311121141484e-05,0.00203924376639719,"13",32.632904410625,2.73717771679298,15.7160205344375,3.89057443134842,0,0,2.99806325615625,1.2239762342805,-0.00428385565456049
188,0.00524292513360224,31.700391775,17.319512325,0,2.998074051,2,1,0,430.382436125,3.49769447644888e-05,0.00669361757810005,"13",32.7097860525,2.63824969264952,11.5304511938929,4.25736871255232,0,0,2.99654091689286,1.22653995251821,0.00193461522431093
189,0.00523858950643066,31.8048806542857,15.8769619614286,0,2.99811148314286,2,1,0,416.048657671429,3.06413175929082e-05,0.00586632734667258,"13",32.692602845625,2.33945280037605,10.1420772387188,5.6338770839661,0,0,3.3682157081875,0.752642542604429,0.00701458300529376
190,0.00524166040640567,31.9096106275,15.74030733125,0,2.998074051,2,1,0,401.6524221625,3.37122175679185e-05,0.00645236299082885,"13",32.6025109414285,1.91338615819252,10.568696903,6.06475320246504,0,0,3.29778325921429,0.812072246212332,0.0121926395037298
191,0.00526059026016604,31.9778966128571,17.0191756028571,0,2.99811148314286,2,1,0,387.2284982,5.26420713282882e-05,0.0100572805463131,"13",32.4149602865625,1.45250152043481,11.1893690461875,5.46979085297715,0,0,2.9599192525625,1.15769138771505,0.0168650350970837
192,0.0052613358151362,32.02814011375,15.4271734475,0,2.998074051,2,1,0,372.76021025,5.33876262984482e-05,0.0101989950863883,"13",32.1396902757143,1.08321094090289,12.6118336283572,6.46408583592383,0,0,2.62062940682143,0.747720487494789,0.0186468003244195
193,0.00523404685099987,32.0450956428571,15.4719748842857,0,2.99352118442857,2,1,0,358.297929414286,2.6098662162119e-05,0.0049987987752802,"13",31.6775791483571,0.793776441022896,14.4106529659321,5.11263317065836,0,0,2.60043919356429,1.08713384911509,0.0163300760863223
194,0.00522607523195424,31.99862727,10.552673932375,0,4.009921697375,2,1,0,343.8208257375,1.81270431164884e-05,0.00347460615625028,"13",31.3906414825,0.705542213749137,15.4020491940429,6.27056840496166,0,0,2.90716277072857,1.39553811174914,0.0131235456428169
195,0.00525758048259367,31.6847810185714,4.38694744771429,0,4.49637122457143,2,1,0,329.432594514286,4.96322937559189e-05,0.00948497996840825,"13",31.1833023083036,0.989278472889343,15.2919479762947,7.16844134737533,0,0,3.37323459951786,1.43562480143421,0.0132600808056524
196,0.00530242779537258,31.22672263125,4.99318441625,0,4.497905864,2,1,0,315.21833695,9.44796065348282e-05,0.0179788334534674,"13",30.8649414684375,1.27263953203386,16.9975885264464,4.46171659526795,0,0,3.36103540333928,1.42328289074563,0.0185002509359157
197,0.00533216901626643,30.7681940157143,10.889090769,0,4.43280740028571,2,1,0,301.2186879,0.000124220827428679,0.0235721433643903,"13",31.0057497695357,1.6127688585917,18.9973620148572,2.35713359166452,0,0,3.0100425795,1.06635068382587,0.0127382344493745
198,0.00535758927448544,30.45780568375,17.2444378725,0,2.983621594375,2,1,0,287.395770925,0.000149641085647688,0.0283281546732361,"13",30.4629935563839,1.65090847268513,18.5012368004018,0.652732631532478,0,0,2.63755759179911,0.759494491622481,0.00915908279243194
199,0.00538844355203768,30.3901884957143,19.0778450314286,0,2.99780605242857,2,1,0,273.663486685714,0.000180495363199929,0.0340706202441803,"13",30.4392981437947,1.72343601982581,18.3953814154018,0.703398704584573,0,0,2.80362711158482,0.934291131172116,0.00496908964197837
200,0.00541678979518102,30.47572209875,18.89584717375,0,2.996201012625,2,1,0,259.919585325,0.000208841606343269,0.0393173940500811,"13",30.5369271319643,1.71687465238498,17.9361506715179,3.14281732991209,0,0,3.13307098214732,1.24841987086271,0.00254877388222262
201,0.0054424877211128,30.6460811828571,18.2826270314286,0,3.55783596157143,2,1,0,246.122267071429,0.000234539532275048,0.0440503007080499,"13",30.6870898673215,1.74985471733916,16.6378121143973,4.63792987988952,0,0,2.99584274589286,1.22754797031939,0.00547455012700739
202,0.00546429825561531,30.76886693375,15.999422543875,0,4.501127588625,2,1,0,232.1105245875,0.000256350066777559,0.048049748982141,"13",30.7377095809375,1.90621802162007,12.9427929757232,8.12022147965762,0,0,2.94876570224553,1.15600850152954,0.0132599104838869
203,0.00546771184154551,30.6370893757143,4.98737730057143,0,4.497167225,2,1,0,218.224082242857,0.000259763652707758,0.0486742610249129,"13",30.6624262220089,2.02819880698532,12.8115673757991,6.96521245471245,0,0,2.99792183748661,1.22386529984031,0.0153345527448507
204,0.00547218491848337,30.21793530125,5.116907294625,0,4.496996746,2,1,0,204.4739879875,0.000264236729645618,0.049492015927628,"13",30.4943024672321,2.10453288379524,10.8807917819554,5.24205012570031,0,0,2.89729863904018,1.06528664257437,0.0164221975519878
205,0.00551164377682512,29.7661164614286,6.28397776185714,0,4.09351210728571,2,1,0,190.925294257143,0.000303695587987369,0.0566769472420559,"13",30.2305690308036,2.02602928162587,10.9700838572232,6.24928027707709,0,0,2.81725724108036,0.364561722564819,0.0177582492459351
206,0.00558541173791279,29.27707896125,9.73379238875,0,3.00000303025,2,1,0,177.581873825,0.000377463549075039,0.0699721941264402,"13",30.0038362453125,1.86376988632961,9.93071726547768,4.93325154808631,0,0,3.28468935913839,0.572447140091643,0.0204319893725542
207,0.00567534914733078,28.7457068171429,9.04012385728571,0,2.99811148314286,2,1,0,164.4867847,0.000467400958493029,0.0859461271753927,"13",29.8070170316071,1.75447301476586,8.24802673890626,5.46367807590148,0,0,3.37283251445982,0.749890864631198,0.0256279304302928
208,0.0057678222039125,28.20040740875,3.815732235875,0,2.998074051,2,1,0,151.6160275625,0.000559874015074749,0.102108616602367,"13",29.5066358563839,1.81113940436085,9.16432447066071,6.44134212392898,0,0,3.29770660725,0.811974691319288,0.0375232784283368
209,0.00585454394649207,27.4365905757143,3.88720072857143,0,2.99811148314286,2,1,0,139.042198457143,0.000646595757654318,0.117032144127542,"13",29.0828694691518,2.24222973704514,11.4884512991697,9.2397356668686,0,0,2.99952431378571,1.22151338649778,0.0406123970362021
210,0.00589118537411606,26.43647002125,3.67668276225,0,2.998074051,2,1,0,126.86905175,0.000683237185278309,0.123271270683358,"13",28.5971670888839,2.52708823397621,10.9926293831652,8.82562119718542,0.00518093425,0.0103618685,2.89717600867857,1.0655700770833,0.0360295189737298
211,0.0058643928412762,25.4372076671429,3.62556438714286,0,2.99806213485714,0.857142857142857,0.428571428571429,0,115.1518727,0.000656444652438449,0.118712995746288,"13",28.221772951875,2.80794589095713,9.8520105807634,7.63493995153677,0.7516595255625,1.503319051125,2.62947109283036,0.753654617375355,0.036419635438804
212,0.00588120663260133,24.44531316875,3.3588184405,0,3.015946195,0,0,0,103.88618700875,0.000673258443763578,0.121575991808956,"13",27.8813185553572,3.09115495051764,9.39987212492857,6.39824394299365,0.83431731525,1.6686346305,3.00087870892857,1.22654024451719,0.0477129005104504
213,0.00595507585302512,23.52577323,5.03198999714286,0,4.50344949042857,0,0,0,93.0554304671429,0.000747127664187369,0.134057981543814,"13",27.277589740625,2.86579070782288,18.2333556364375,10.712386140659,1.36378478234375,2.7275695646875,2.73317600871875,1.33383029949113,0.0514562735003797
214,0.00603374030627682,23.15884843125,22.208367404875,0,4.49731314575,0,0,0,82.54427497,0.000825792117439069,0.147181142302891,"13",27.2375096948214,2.00260465026884,15.8451441651815,10.5916316090133,3.9395416015625,7.31064643167913,2.57397235725,1.16199944129999,0.059804607940688
215,0.00608329046614513,23.74090463,17.9135884414286,0,4.496219599,0,0,0,71.9784194471429,0.000875342277307379,0.155359785434606,"13",26.0901729610268,2.12102032493481,14.9501093298303,13.4036531215448,4.5456090153125,9.09100097775391,2.49804222921875,0.707036118867147,0.066223438533928
216,0.0060584525999911,23.86147907,4.26179808,0.00032558125,2.496302139125,0,0,0,61.18258916875,0.000850504411153349,0.151268461766135,"13",24.9105034837053,1.83710385750175,14.7289342846562,13.3679232659509,4.48952641501786,6.74312335215236,1.25038529996875,1.23673294953786,0.0581798369519486
217,0.00598188885240233,23.4862897028571,3.43833797814286,3.69768236857143,0.129075660714286,0,0,0,50.4798098157143,0.000773940663564578,0.13855042073328,"13",23.6764325407589,1.74813738942341,13.8203067028482,12.1728059037996,9.7903051215625,11.305036382305,-3.50552470580804,5.19858460578145,0.059320372370742
218,0.00590616832496844,22.48079865625,3.72436427425,19.50562583625,-10.366789841125,0,0,0,40.06097469375,0.000698220136130689,0.125811324840625,"13",21.4357093102857,2.20754279431895,16.36269473475,12.1275892057586,6.97963106342858,9.84542643096696,-15.2038082887107,9.80849836850992,0.062125066337193
219,0.00587015600819386,21.1805158771429,3.492714454,14.1050297321429,-31.0511363914286,0,0,0,30.2422982214286,0.000662207819356109,0.119695252048893,"13",19.8833452767857,2.43279582924662,16.6925633419607,12.477788595715,6.9914039814,9.87578752007036,-16.3420608681393,10.0134912487796,0.0644160993792366
220,0.00587454917056492,20.58741587625,3.422017012875,14.048732677,-25.213649847125,0,0,0,20.93165911875,0.000666600981727168,0.120443361504903,"13",18.1203863096429,2.63079716535246,17.2549145275964,12.9901918581726,8.72313431985714,11.9720464848137,-4.93633611151429,15.1396008634018,0.0757466115477896
221,0.00592319939212225,19.46717703,3.42120713514286,22.9527256242857,0.150153444857143,0,0,0,12.0738960314286,0.000715251203284499,0.128690781974871,"13",15.3007732338013,2.71115097962687,17.4843107947321,12.2847775237752,8.80376907131696,12.2683893176566,28.8607292464554,20.6128685939597,0.0841645489388251
222,0.0059961544688573,17.12316924375,2.828816347625,27.07589400375,14.89733224,0,0,0,4.014067414,0.000788206280019549,0.140932382891725,"13",11.6213927450518,4.12519032801031,15.9227413548036,11.730607335647,9.90722396151786,12.8857662033105,28.5567752454982,30.071737780948,0.0882307398782692
223,0.00608400457290781,15.0552418485714,2.453985394,24.9084775257143,23.1771146514286,0,0,0,-3.08939376957143,0.000876056384070059,0.155477166783455,"13",5.1952377682632,4.81396568807794,8.87136439973913,9.95864621001391,9.05229668477951,10.7188161425902,-0.757172800774826,80.151110682641,0.09923743626918
224,0.00617590840292693,12.7285181575,2.326365762625,28.50512330125,42.665064915,0,0,0,-9.308516906375,0.000967960214089178,0.170470021993791,"13",4.37398619768583,3.17471976680281,6.07327640673381,7.39211804366918,7.10110260463393,9.00230203579502,200.153775465576,266.307160609355,0.113571565084149
225,0.00626576738326398,9.981200205,2.379671979,28.7444661514286,129.277648812857,0,0,0,-14.4376243214286,0.00105781919442623,0.184915108481042,"13",5.7041819928468,2.07586494030325,5.52605524051691,6.77748939092856,6.09863444723966,8.29749797010949,383.190351349261,228.584837334909,0.125310357578264
226,0.00634151134108628,7.368639145125,2.643706325375,21.14414536375,316.1919502125,0,0,0,-18.29933260875,0.00113356315224853,0.196931162006255,"13",5.26496696605357,1.53554896114186,5.01881497405867,5.83648908422916,3.91529206416582,5.79201002152001,488.072089000344,132.608529448396,0.138882962920554
227,0.00633734409159972,6.21937806928571,2.61938304171429,0.959164118571429,485.184370528571,0,0,0,-21.0569460014286,0.00112939590276197,0.196273807784809,"13",5.09617493669445,1.34766278896059,4.45326973763293,5.21825929178631,2.28416306252381,3.90748228918475,555.986950961706,63.8422137243185,0.154209286589743
228,0.00626418059396136,5.441903200125,2.58875105225,0,545.7377756875,0,0,0,-22.683155215,0.00105623240512361,0.18466182901194,"13",5.38031904841518,1.07275022012127,2.47482277033482,0.118384645299487,4.12432632561608,5.42739765663491,566.434984710268,56.4650058421751,0.161876519881121
229,0.0062113359862615,4.50766021971429,2.58728486928571,0,588.974750257143,0,0,0,-23.1418715414286,0.00100338779742375,0.176190047892174,"13",5.67120532464881,1.10385714562571,2.43733540401786,0.112207711694584,5.4991017674881,5.73104902190014,558.921729527976,66.6614679296061,0.162209392625564
230,0.00624685877016013,3.8319914985,4.310846557125,0,601.3647632875,0,0,0,-22.68154612,0.00103891058132238,0.181892780959529,"13",5.39263587875714,0.929437086427067,2.49760842671786,0.114486347946133,3.29946106049286,5.04920761312788,562.295542905714,49.7684393550178,0.161320780634028
231,0.00624338517777339,3.71331825271429,18.2744435628571,0,534.031017314286,0,0,0,-21.6852395385714,0.00103543698893564,0.181336572059982,"13",5.26903202219196,1.32978144055491,2.72562300947991,0.647951568413768,2.56968344533929,4.07567289298198,558.731442667634,67.6802409714252,0.154923162523171
232,0.00616216024841948,5.377470593875,19.20800709125,0,321.4333620375,0,0,0,-20.0405682075,0.000954212059581729,0.168241446296384,"13",5.07279033410065,1.33006493645536,4.14339207923214,4.71835360835243,2.52356952396104,3.72749218415829,547.507402484253,61.1013194548712,0.149482526303664
233,0.00606889907679975,7.52619794628571,24.1572367285714,0,173.602902014286,0,0,0,-17.3695725,0.000860950887961998,0.152991258218083,"13",5.40521177799167,1.57623524088923,4.86047439747976,5.65751666757485,5.0638822841381,7.13722852763392,476.613413081155,135.271829602068,0.136815072616572
234,0.00597275931871725,10.2101109455,26.26228383875,0,70.180225925,0,0,0,-13.45325196125,0.000764811129879498,0.137023059128577,"13",4.42344184976323,3.21021632017462,4.59082937306217,5.82766990780783,7.41409144018122,9.05913448452279,269.155048317257,263.295494836971,0.129729097314265
235,0.00587553674674266,12.7903132314286,27.9156660742857,0,48.6231732157143,0,0,0,-8.29301469128571,0.000667588557904908,0.120611458346102,"13",4.91270710230249,3.83217850304715,6.57273655259307,7.81748316570076,8.11102280937987,9.97297464048996,162.875650125524,248.750943698833,0.10546642942701
236,0.00577782117302753,15.498907085,28.37872305125,0,32.6843741525,0,0,0,-1.879996995375,0.000569872984189778,0.103840693562514,"13",6.05026743703959,5.66256832424102,7.92655740915761,9.4608531807626,10.8743048305776,11.2447433292328,-2.55088503163198,70.5355692030279,0.0890067103693034
237,0.00567998887175878,18.0613210114286,28.83567554,0,7.53616135842857,0,0,0,5.69515948242857,0.000472040682921029,0.0867633154610568,"13",13.3808562578101,3.6513962736465,15.0557337798474,11.9677335959243,10.7918185792695,12.4867969931995,32.1665302680633,21.6212781131729,0.0771725462317968
238,0.0055823647834324,20.360557705,27.68414292,0,-3.510145849,0,0,0,14.38505680625,0.000374416594594649,0.0694265251661763,"13",17.091529323648,2.7441472658841,12.95260393625,12.571418155161,13.1083656653316,12.4358518782243,9.75934516628572,23.4974857294619,0.0633854916740171
239,0.00548538739451549,22.0754403142857,23.7142833114286,0,-7.49572555528571,0,0,0,23.9864547328571,0.000277439205677739,0.0519017617732924,"13",19.0137521479847,2.66213296171227,13.2092554597347,12.6597974573216,11.2246702151837,10.8501594811173,-11.2572906167934,16.4461182924535,0.0553985748307892
240,0.00539016505935342,23.366387425,23.67477573125,0,-7.494173222625,0,0,0,34.260485815,0.000182216870515669,0.0343900505826413,"13",21.1974189897704,1.66927537198906,12.577599547727,11.8383265484102,9.97931074630613,9.73586838500482,-18.5914210765995,9.93654917017842,0.0682771823244599
241,0.00530112249759836,24.6384410914286,23.39893771,0,-3.90023656871429,0,0,0,45.1056500814286,9.31743087606088e-05,0.0177326333185821,"13",22.6827473938265,1.76943918902168,12.4213165760918,11.4936642536649,10.5799108290561,10.1207392976967,-10.6025987082959,11.0042986523867,0.0667313478525905
242,0.0052560181143623,25.90636939,24.2113361925,0,0.7415086935,0,0,0,56.539466005,4.80699255245489e-05,0.00918777093978829,"13",24.3267626752679,1.81354871316162,14.3768772472113,12.4272118544425,6.26895005167857,8.57410659945471,0.100787254044641,2.56873210535469,0.0646863474318011
243,0.00525590735055854,27.0043401014286,21.2406588585714,0,1.49872367785714,0,0,0,68.5064438385714,4.79591617207889e-05,0.00916669700770534,"13",24.9833494286429,1.51414221029835,18.1180483538464,13.4227368721512,2.85214977455,6.37741877401098,2.07355985900714,1.06690918034038,0.0675489320520112
244,0.00524670819845871,27.60893141875,18.902856245,0,1.4990370255,0,0,0,80.864192925,3.87600096209582e-05,0.00741491351449675,"13",26.5504937453572,2.03123785104429,18.2127932344286,11.1382544832142,4.54552762,9.09105524,2.73668076675,1.33040960957308,0.0619423530414843
245,0.00522023266324156,27.85201674,12.7333769685714,0,1.49905574157143,0,0,0,93.41211672,1.22844744038083e-05,0.00235601588136181,"13",26.5272264385,2.99579583944945,15.5930825085786,10.9964368578375,1.091027825875,2.4396123840003,3.08723070506071,1.40039319153209,0.0486045902509775
246,0.00520144645108047,27.79995824625,16.2201074925,0,1.4990370255,0,0,0,105.9792821125,-6.50173775728138e-06,-0.00124920587657051,"13",27.1941174780357,3.08669010421211,8.19166138804286,6.16457704057389,0.6674538522,1.4924721853633,3.00389220614286,1.06223638348181,0.039505890366172
247,0.00519554866753043,27.86228807,19.9651022571429,0,1.49905574157143,2.57142857142857,0.857142857142857,0,118.533018942857,-1.23995213073217e-05,-0.00238372291767863,"13",27.6543956171786,2.72157369698363,8.70137871982857,7.30982852737089,0.60132762045,1.34460943607439,2.70222448732143,0.672644095493668,0.0367341327697117
248,0.00520095178398044,28.34322537875,20.00641839375,0,1.504914975,3,1,0,131.21960575,-6.9964048573113e-06,-0.00134431223179998,"13",28.8486534853125,2.12957033130734,11.4501525029554,9.26015351887646,0.00518093425,0.0103618685,2.89718834575,1.0655716347681,0.0321656593180299
249,0.00521463745717767,28.8733428485714,15.2421274985714,0,2.69764414885714,3,1,0,144.148819542857,6.68926833991869e-06,0.00128361029733259,"13",29.3741064889286,1.89058065144525,10.3553971944554,8.15290048857961,0,0,2.99952431378571,1.22151338649778,0.0258954358310862
250,0.0052041715868073,28.84769269625,11.54122987375,0,2.997475797125,3,1,0,157.2055087,-3.77660203045114e-06,-0.000725424256520668,"13",29.84917005325,1.51751063744303,10.1810253113393,6.0107322244305,0,0,3.23791449211429,0.71613984886603,0.0192498891526732
251,0.00517449261690504,28.6385059728571,14.19162327,0,2.99921219828571,3,1,0,170.187996914286,-3.34555719327112e-05,-0.0064446670505891,"13",30.0419497326429,1.57214337839932,10.2588995134179,4.33953110748546,0,0,3.22702650370714,0.512245902853528,0.0142168023749745
252,0.0051806730060278,28.53102555625,18.495167965,0,2.2704168325,3,1,0,183.0917809625,-2.72751828099514e-05,-0.00525098460024509,"13",30.2599881929018,1.99600086982025,10.1215553905714,4.87152881300431,0,0,2.99944672449107,0.00105721161857958,0.00420116212211985
253,0.00520968587095612,28.71351743,18.1463185457143,0,1.499693236,3,1,0,196.015527528571,1.73768211836865e-06,0.000333603981701458,"13",30.3528284058482,1.96309003082154,10.1076302005,6.69866604746598,0,0,3.09063451033929,0.751710423709826,0.00624497650634179
254,0.00522393776460351,29.0003110025,19.511363035,0,1.499151356375,3,1,0,209.0440160375,1.5989575765759e-05,0.00306552200672172,"13",30.6072571771875,2.06415962418179,10.5890241651473,5.60322586968461,0,0,2.99816979871875,1.22364405239996,0.00551160608379035
255,0.00522169031288767,29.4134479742857,19.5927088785714,0,1.74199657385714,3,1,0,222.236395957143,1.37421240499185e-05,0.0026352076798446,"13",30.767214740625,2.00830927603113,12.7791848772857,7.01304773693248,0,0,2.99796445723661,1.22393490565465,0.00376418257581479
256,0.00520311649746206,29.86344199125,17.76430155,0,2.996145072375,3,1,0,235.6287847875,-4.83169137569135e-06,-0.000928183961072193,"13",30.7706539704464,1.90503774779592,15.6958042865491,6.15229093585977,0,0,2.94975579315178,1.15777706494255,0.00121686404419359
257,0.00517822783615684,30.01338465,14.2611733771429,0,2.99811148314286,3,1,0,249.1698373,-2.97203526809118e-05,-0.00572307520260029,"13",30.6563934295982,1.74901874716793,17.2086132362857,4.67353541753481,0,0,2.76001983912946,0.884708276137398,-0.00112238366408155
258,0.00514964332192133,29.927737695,17.767335065,0,2.998074051,3,1,0,262.7043568125,-5.83048669164218e-05,-0.01125850186168,"13",30.4943373609375,1.71537669438194,18.0894557070982,3.18008721475107,0,0,2.99266224491071,1.21588187045959,-0.00112808813456322
259,0.00509503694995992,29.9964767885714,17.7897099114286,0,2.99811148314286,3,1,0,276.236189685714,-0.000112911238877832,-0.0219190372028395,"13",30.0856887049286,1.66714081625956,18.5592157548572,0.702029535115785,0,0,2.54303010232857,0.997712608120479,0.00700352564939364
260,0.00504186094280743,30.15321739375,18.85986930375,0,2.998074051,3,1,0,289.82105825,-0.000166087246030322,-0.0324107072274673,"13",30.1961768561429,1.56365211582493,19.0499162879643,2.34345581216504,0,0,2.40702033014286,0.829295831838623,0.0111727303824521
261,0.00502518401538572,30.37455984,17.7904227271429,0,2.99811148314286,3,1,0,303.491870357143,-0.000182764173452032,-0.0357238825266837,"13",30.4599432589286,1.37458554489086,18.4275684159072,4.72514399898667,0,0,2.98863198455714,1.48751272783991,0.0141466539702482
262,0.00501393934180989,30.64806693125,16.52648155625,0,2.998074051,3,1,0,317.27018105,-0.000194008847027862,-0.0379640538353154,"13",31.1149255354911,1.04640680899191,15.6079332690179,7.26816276996234,0,0,3.37324395755357,1.43562154093658,0.0141918597073355
263,0.00498922045215324,30.9362714028571,16.1586952714286,0,2.99811148314286,3,1,0,331.176427614286,-0.000218727736684511,-0.0429062800890243,"13",31.4051799766518,0.859324232661796,14.7328037876875,6.99785152869587,0,0,3.25918016998214,1.33062257044055,0.0135328876800355
264,0.00499835049477908,31.24453474875,17.6983142675,0,2.998074051,3,1,0,345.2211722875,-0.000209597694058671,-0.0410779987111587,"13",31.6186400453571,0.754668471159394,16.0935734255937,3.91551538734879,0,0,3.13758182523661,1.19518622660699,0.0141956500302132
265,0.00506363273777144,31.4426446528571,14.2182438271429,0,2.99811148314286,3,1,0,359.388778371429,-0.000144315451066312,-0.0281017978545757,"13",31.8475202700893,0.823759010692395,14.6314371693214,4.97704296854667,0,0,2.62168492832589,0.748434257467886,0.0175891068986603
266,0.00515081965546127,31.50508401375,13.7571180525,0,2.998074051,3,1,0,373.6053333125,-5.7128533376481e-05,-0.011030097852113,"13",32.1354513934375,1.08373755264704,12.6006332691607,6.45751359745053,0,0,2.62176762346429,0.748480412062089,0.0195854453508674
267,0.00523667551697957,31.5451710757143,13.8053332328571,0,2.99816083157143,3,1,0,387.849912757143,2.87273281418185e-05,0.00550089708184043,"13",32.4023994113393,1.45717142746131,11.5873695850268,5.92030057104864,0,0,2.95992861059822,1.15769179909154,0.0176214522693915
268,0.00528727281136775,31.557395725,13.939782065,0,2.98020190775,3,1,0,402.0978602375,7.93246225299984e-05,0.0151166195670607,"13",32.4639308786428,1.68576603115038,11.60301898865,5.73890533459338,0,0,3.23784141757143,0.715933741137365,0.0128304480051633
269,0.00530820742940711,31.5865197671429,14.4490092614286,0,1.49277347628571,3,1,0,416.360919885714,0.000100259240569359,0.0190682375041691,"13",32.5150584073571,2.06455556759554,11.2890541832607,5.51209658882017,0,0,3.29419486317857,0.672494256616905,0.00714216696736278
270,0.00533578013061357,31.63518225875,13.85310106875,0,1.49899384575,3,1,0,430.6347325,0.000127831941775819,0.0242491459199234,"13",32.507907197,2.32895823106897,12.6882634201143,4.505167812846,0,0,2.99684754371429,1.06221497892026,0.00140583718500103
271,0.00530204552423416,31.6344938657143,10.6604421942857,0,1.49905574157143,3,1,0,444.9344295,9.40973353964081e-05,0.0179067372503168,"13",32.4238062562143,2.41613670574967,16.4120420861214,3.71142251117264,0,0,2.99807290155357,1.05999451273475,-0.00498642225688912
272,0.00523154552285637,31.52394642375,10.133191193375,0,1.4990370255,3,1,0,459.19972165,2.35973340186185e-05,0.00452078892089691,"13",32.26393264525,2.30559966597298,16.92334126325,4.81425444205467,0,0,2.99816508294286,1.06010047042932,-0.016070263909708
273,0.00518590635820048,31.38645486,16.76763978,0,1.49905574157143,3,1,0,473.412868871429,-2.20418306372712e-05,-0.00424132609430572,"13",31.190952631875,0.653349913299914,15.6882613349509,4.165639785508,0,0,2.62332415266071,0.749524751648188,-0.0150407869759533
274,0.00512686249001019,31.41061634375,20.21220986875,0,1.4990370255,3,1,0,487.5799481,-8.10856988275616e-05,-0.0156920844822563,"13",32.102144264,2.11532950321228,17.8720773477143,3.58864105794963,0,0,3.00059746269643,1.06440584516557,-0.0235784233549681
275,0.00503993422920854,31.6980388057143,19.7816602028571,0,1.49905574157143,3,1,0,501.826200514286,-0.000168013959629211,-0.0327929235989073,"13",32.0588378275357,1.84057714582217,18.4153200803214,3.29105963796072,0,0,2.458755012075,0.74380985291957,-0.0324559955345406
276,0.00495008229458188,32.06348628875,19.0981687275,0,1.4990370255,3,1,0,516.2247920375,-0.000257865894255871,-0.050781753866211,"13",32.0431227724643,1.55111697576256,18.7421907316786,2.84076300463815,0,0,2.1593957759,0.775285399194051,-0.0397623141813362
277,0.00486853289543478,32.44145735,18.9073701385714,0,1.49905574157143,3,1,0,530.799988542857,-0.000339415293402971,-0.0673933169338916,"13",32.0236883266786,1.29984449679424,18.3432241587143,3.41818046237185,0,0,2.56871121518214,1.03718812485187,-0.0443289313892326
278,0.00485333166222787,32.798900485,19.37774963125,0,1.4971136065,3,1,0,545.529743775,-0.000354616526609881,-0.0705205452947615,"13",32.2038465654018,1.18082025289314,17.8413209002232,4.83621904595189,0,0,2.76319810692411,1.31086338836987,-0.0452407959421785
279,0.00489821412900438,33.1300313314286,18.7036250285714,0,2.54418263714286,3,1,0,560.427679542857,-0.000309734059833372,-0.0613152800476149,"13",32.3038229707589,0.991021290013408,16.4605897621696,7.09052646485706,0,0,2.99862071937947,1.22476903110622,-0.0428556212572709
280,0.00493868061652095,33.46540784875,18.53235739875,0,2.99903717675,3,1,0,575.462543175,-0.000269267572316802,-0.0530877415787838,"13",32.0787143297024,0.950060198067412,16.1061172032976,7.30694467354214,0,0,3.49796495504762,0.865285969031247,-0.0380382046058799
281,0.00501170071570669,33.7759922528571,18.3815126128571,0,2.99811148314286,3,1,0,590.654770828571,-0.000196247473131061,-0.0384106340203019,"13",31.9979109531548,0.995756357460579,17.3501307915476,5.80379221353441,0,0,3.59794003138095,0.793115967609331,-0.0297834833029894
282,0.0050666584628171,34.05991945,17.50978970125,0,2.998074051,3,1,0,605.9759703125,-0.000141289726020652,-0.0275044359395054,"13",32.1774001951786,1.39320955993136,15.572940355256,7.96121671680115,0,0,3.99548522917262,0.863756001150956,-0.0224524980401553
283,0.00507878088130662,34.2445287228571,16.6888886728571,0,2.99701076828571,3,1,0,621.409942971429,-0.000129167307531131,-0.0251147071937252,"13",32.5095237238691,1.78389611753531,14.5558410619524,9.49137860364792,0,0,3.99746950033333,0.865501847549231,-0.0177139099009911
284,0.00509528072705826,34.4168382475,16.61694612,0,3.727604308875,3,1,0,636.9111322625,-0.000112667461779492,-0.0218711923561274,"13",32.8949731314286,2.13609053753205,13.7387651595536,8.89405757167,0,0,3.99744454563095,0.865447818956391,-0.0158884552042719
285,0.00508251855807235,34.58235826,14.1139004627143,0,3.93790596728571,3,1,0,652.500874928571,-0.000125429630765402,-0.0243790381224551,"13",33.3801136880952,2.22222075930656,12.591402893381,7.97729536288226,0,0,3.81250269747619,1.19002150397027,-0.0167754371320346
286,0.00504699887547977,34.51257411875,3.581972063125,0,2.26640032075,3,1,0,668.117459025,-0.000160949313357982,-0.031392171316134,"13",33.66837899125,2.08952301090213,13.5400181425833,7.60741458813003,0,0,3.14347051820833,1.52260349206684,-0.0179279078044249
287,0.00504329554284755,34.1219041,4.58319699814286,0,1.499693236,3,1,0,683.641712314286,-0.000164652645990202,-0.0321262099024358,"13",33.9011313685714,1.72982967081876,17.2200898492797,5.47263742690728,0,0,2.99809900585714,1.49905574187007,-0.00602831856669228
288,0.00510012482227188,33.525807175,9.786520783375,0,1.4990370255,3,1,0,698.912366425,-0.000107823366565871,-0.0209209416849472,"13",32.941184885,0.601173212179751,16.9105195308928,2.56118429574934,0,0,2.24849480975893,1.06011806608056,-0.00911017753329968
289,0.00517106124662453,33.22852353,10.9165629514286,0,1.49446544257143,3,1,0,713.9870977,-3.68869422132214e-05,-0.00710801874451761,"13",32.8768682183035,0.620895227040149,16.9309646375,3.49857914436737,0,0,2.24975796378572,1.05827875948041,-0.00307510065103372
290,0.00519351181560878,33.04303977125,11.37599364125,0,2.510884671625,3,1,0,728.945474925,-1.44363732289716e-05,-0.00277583766411649,"13",33.480304980625,1.1006751225777,17.4940657140625,5.59440147413301,0,0,2.94367295733482,1.23040699603951,0.00529837113064957
291,0.00516948713622059,32.9084349128571,11.3012043397143,0,2.99731548285714,3,1,0,743.849229414286,-3.84610526171615e-05,-0.00741247269171197,"13",33.2809605236905,1.06516182497534,18.6740538230952,6.60792411363027,0,0,3.33530833821429,1.03520158033685,-0.00356661134841059
292,0.00510453619804619,32.83058460875,17.5286296825,0,2.999997470375,3,1,0,758.6862361,-0.000103411990791561,-0.0200563610871471,"13",33.1999938021429,0.559533763031778,17.0349367078303,5.10673151018683,0,0,3.26260622443304,0.848754593842061,-0.00551071578419125
293,0.00501803102175313,32.9463923185714,17.6933912042857,0,1.95298458814286,3,1,0,773.542592785714,-0.000189917167084622,-0.0371483257300138,"13",33.1062040004911,0.373489068828766,15.4761709794375,7.97804880802582,0,0,2.99737228370536,1.22590688244945,-0.00763227939749998
294,0.00492953930303821,33.18456311125,17.24349100125,0,1.4980739,3,1,0,788.4694316125,-0.000278408885799541,-0.0549404193639811,"13",32.9599701163839,0.515080498081454,15.4088473200089,8.3498999794443,0,0,2.73681572241072,1.33086196084834,0.000480022914534306
295,0.00484979667134402,33.4339349057143,16.26989136,0,1.50127228457143,3,1,0,803.524435757143,-0.000358151517493731,-0.0712491744225758,"13",32.7095812076191,0.876366183784551,14.6032836609286,9.77509736489618,0,0,2.99809276719643,1.49902766773941,0.00279838045218506
296,0.00483472904908346,33.64546494625,15.90607272625,0,2.361955543125,3,1,0,818.66790135,-0.000373219139754292,-0.0743608671460425,"13",32.4776279034524,1.02698731376353,15.0135813335952,9.60561916775891,0,0,2.99809276716667,1.49906509983763,0.00892994965444749
297,0.00490208526839931,33.8542322971429,16.2558445357143,0,3.00016531757143,3,1,0,833.921120042857,-0.000305862920438441,-0.0605252757099333,"13",32.3129132730357,1.08601445578072,14.5893447603453,7.78053360842469,0,0,2.99772586224405,1.49957806226669,0.0161661785950227
298,0.00498805525523196,34.02023721875,13.947360776,0,2.998074051,3,1,0,849.250107575,-0.000219892933605792,-0.0431398502413165,"13",32.4578894008333,1.15325987513985,11.7826866630417,6.50149064324112,0,0,3.2406264575,1.15447906021081,0.0291998822603462
299,0.00506489552490709,33.9405432871429,7.86748030271429,0,2.99811148314286,3,1,0,864.6208612,-0.000143052663930662,-0.0278524453159816,"13",32.6149627685714,1.42894246461866,13.5590228801429,7.27801221681414,0,0,3.49758423238095,0.865664323482048,0.0315030309672321
300,0.00508619187044335,33.6624356825,5.6152945035,0,2.998074051,3,1,0,879.881786125,-0.000121756318394402,-0.0236565645139573,"13",32.9753214920833,1.69513019163442,12.174215328,7.4098403182208,0,0,3.497753059625,0.865469430414147,0.0311623653760007
301,0.00511286263187561,33.3311064414286,5.03156984271429,0,2.99811148314286,3,1,0,895.027944157143,-9.50855569621413e-05,-0.0184265068261471,"13",33.3894439714286,1.98073157738242,11.7993890503333,6.81194272992631,0,0,3.49779673042857,0.865480236091474,0.0248539318539989
302,0.00518568990288786,32.9843350775,4.295439139875,0,2.998074051,3,1,0,909.9876003,-2.22582859498912e-05,-0.0042830661125306,"13",32.9434591029762,1.4562498187019,12.7327065342381,6.90490307838097,0,0,2.99808652838095,2.16114577565687e-05,0.0275233037717943
303,0.00524433098346126,32.6534102485714,4.36165459742857,0,2.99811148314286,3,1,0,924.819326428571,3.63827946235082e-05,0.00696172390161021,"13",33.6244690440179,1.84290972356927,7.86135061700892,4.97961616720687,0,0,3.37301139718304,0.749399850462641,0.0256592592450396
304,0.00525852306646661,32.29271568625,4.339152725625,0,2.998074051,3,1,0,939.476028475,5.05748776288588e-05,0.00966424481743555,"13",33.0862874887857,2.19838726782672,11.5659573507893,4.69948601193732,0,0,3.45218362008214,0.672909661528959,0.0165809750146518
305,0.00524431739081839,31.9145945028571,5.03670919,0,2.99811148314286,3,1,0,953.992203671429,3.63692019806384e-05,0.00695913202473086,"13",32.9180821316786,2.25429814238386,14.4552290649821,5.86209999946471,0,0,3.597927720375,0.821366481419284,0.0128858469887347
306,0.00521401442832461,31.54249324875,4.730586237125,0,2.999947089625,3,1,0,968.314834725,6.06623948685818e-06,0.00116412623578821,"13",32.7311767635357,2.22482100167102,14.4051851426786,5.63227663242028,0,0,3.59732716883214,0.820527258507284,0.00748418291785974
307,0.00520188745825149,31.1807935185714,7.46459488528571,0,2.43838700514286,3,1,0,982.498257071429,-6.0607305862612e-06,-0.00116442398517869,"13",32.9997902382589,2.22356211200892,14.0900037393259,6.82850805755903,0,0,3.55402442469643,0.714927563031292,0.00272148095592052
308,0.00522386034752938,30.88042119875,19.060284305,0,1.49524917575,3,1,0,996.4967212,1.59121586916283e-05,0.00305070221946746,"13",32.8081369437053,2.19008355550155,15.1961084435536,5.89200350130641,0,0,3.23339097991518,0.882994343968559,-0.000243989033219588
309,0.00529391206485067,30.9414209771429,18.39919783,0,2.14675240671429,3,1,0,1010.45693042857,8.5963876012919e-05,0.0163715365364547,"13",32.7048185269197,2.23741559406289,18.7070590454911,1.86671744111637,0,0,2.99713644669196,1.22550548694653,-0.00306269005349809
310,0.00534622843371795,31.13600594,20.6028574525,0,3.906379788875,3,1,0,1024.466504875,0.000138280244880199,0.0262053896690029,"13",32.8005456505357,2.25524096494672,16.1931265609107,3.41978330060063,0,0,3.16002629146429,0.977601618758595,-0.00858141810142832
311,0.00532228577437871,31.4039595928571,20.7161945457143,0,2.99636284285714,3,1,0,1038.59812714286,0.000114337585540959,0.0217169110261528,"13",32.1623811260714,1.9064976291659,19.5316046614286,1.16850267601654,0,0,3.30081699746429,0.524432766438021,-0.0174328473339311
312,0.00525314029089339,31.59072676875,15.9624622275,0,1.8527883985,3,1,0,1052.824571375,4.51921020556386e-05,0.00864009178697689,"13",32.957775398125,1.93227767078858,18.7087161089286,2.59307847458567,0,0,3.27083837814286,0.839871208485574,-0.027154735643493
313,0.005170713164503,31.5858798271429,23.4800988085714,0,1.49855424,3,1,0,1067.10556857143,-3.72350243347513e-05,-0.00717533448765639,"13",33.0968567907589,1.8394609308401,17.53569191125,2.26969198401781,0,0,3.15927062535268,1.19625069039289,-0.0361241783216291
314,0.00510802425222757,32.10382271875,23.905695225,0,1.504914975,3,1,0,1081.461843625,-9.99239366101818e-05,-0.0193732700512248,"13",33.1800177340179,1.77248844066433,19.9110808119643,2.59646193353796,0,0,3.19182350675446,1.28427205014246,-0.0338132738296102
315,0.00513396027921865,32.7712009228571,23.7584562142857,0,2.69764414885714,3,1,0,1096.12695428571,-7.39879096191016e-05,-0.0143086105909624,"13",33.3950888201339,1.48505946861902,18.9483316146473,6.11780154195757,0,0,3.3738607931875,1.43219971238866,-0.0304786496563131
316,0.005215836469865,33.07219029875,9.626136935125,0,2.997475797125,3,1,0,1111.019339375,7.88828102724851e-06,0.00151351599059346,"13",33.622828003616,1.16029436202842,18.4010390151696,4.80163259164759,0,0,3.67250848346875,0.960070008208171,-0.0260430129170452
317,0.00530433559885623,32.7743573728571,6.73496785657143,0,2.99811148314286,3,1,0,1125.91719785714,9.63874100184782e-05,0.0183385668419369,"13",33.561661678125,1.05976459573673,14.9968736452634,6.0536800653667,0,0,3.7474570375,0.865658374757352,-0.0220565979050117
318,0.0053892919340508,32.3660374875,4.917776266875,0,2.998074051,3,1,0,1140.61749825,0.000181343745213049,0.0342280525731189,"13",33.2366427672768,1.12643943763425,15.1008431135625,6.49598321552568,0,0,3.74762531704018,0.865464027827489,-0.0193731455027014
319,0.00543735662900767,31.9408792714286,4.31735585042857,0,2.99907238114286,3,1,0,1155.15925328571,0.000229408440169918,0.0431070717010709,"13",32.8726358175893,1.17584103786662,15.8379991158259,7.54429371548442,0,0,3.74861072890625,0.86664661421101,-0.0174032027834332
320,0.00538383477417583,31.54486070625,3.905240445,0,2.687322834875,3,1,0,1169.48875975,0.000175886585338078,0.0332149464641462,"13",32.5334409753125,1.14443033374043,16.1135321935893,8.24420892093115,0,0,3.51303272568304,0.707039992506256,-0.0165304711267397
321,0.00530105858938767,31.1639680414286,3.883196051,0,1.50556209942857,3,1,0,1183.67427214286,9.31104005499183e-05,0.0177205776464593,"13",32.2392846664732,1.0867391366209,15.0203408911071,7.96171783783032,0,0,3.294691280875,0.814846211808184,-0.0153922486761286
322,0.00521797609449244,30.77915990125,3.796367011875,0,1.498741455625,3,1,0,1197.650728375,1.00279056546885e-05,0.00192364883574925,"13",31.9325833592857,1.14114733135135,12.0806810637857,8.31264850736778,0,0,2.99972403564732,1.22129617531712,-0.0104902494837876
323,0.00515938375109837,30.4132767285714,6.05513795614286,0,1.49905574157143,3,1,0,1211.49070371429,-4.85644377393813e-05,-0.00936881201653517,"13",31.5746254107589,1.23507352906904,12.9836531999911,7.83826548279732,0,0,2.99801419565625,1.22410219638132,-0.000286749428722249
324,0.00520195603077422,30.07311505875,14.0329123325,0,1.4990370255,3,1,0,1225.13920775,-5.99215806353168e-06,-0.0011512418335089,"13",31.1695105941518,1.24092297816051,13.8545624442857,8.13160175450318,0.000322402285714285,0.00064480457142857,2.99690078689732,1.22395328711256,0.013828203549442
325,0.00528883538737068,29.8955255457143,7.26277085157143,0,1.49905574157143,1.28571428571429,0.428571428571429,0,1238.69694614286,8.08871985329288e-05,0.015412111246115,"13",30.6888956960714,1.17192072886924,15.6525925671161,8.83659796113444,0.3023941115,0.604788223,3.26279586646875,1.33356728569952,0.0283227324481796
326,0.00538271367535504,29.5833297025,3.586504437,0.0144069495,1.4990370255,0,0,0,1252.128227875,0.000174765486517289,0.0330066905297075,"13",30.2533029045,0.9838178496833,12.0225422476929,9.79080171984777,2.15787941508571,4.18192003212908,3.297263746775,1.2534090393793,0.0415723371147892
327,0.00547876742487915,29.0245191671429,3.454440612,7.91216973657143,1.49905574157143,0,0,0,1265.39785385714,0.000270819236041399,0.0506941957676901,"13",29.900085869881,1.28604078067323,13.3915465644107,10.636935384316,3.98507403355059,6.34731973219736,3.15991352562798,0.983937028759359,0.0545439143386098
328,0.00557582234588154,28.28190619875,3.34754782875,5.571478989125,1.4990370255,0,0,0,1278.3186345,0.000367874157043788,0.068253854712184,"13",28.8442097809643,1.32255419478601,11.7813911853571,11.2467508763132,6.42598750764643,6.30734942017956,2.32860508034643,0.928581151560677,0.0746055370246267
329,0.00567327809720016,27.5510949442857,3.26377770542857,12.7649735082857,1.49905574157143,0,0,0,1290.96561,0.000465329908362408,0.0855811402791824,"13",28.0444729486071,1.17407998222506,11.37242211295,10.9889151356838,5.49915733318214,5.53229407219553,1.79852303810714,0.67026778548044,0.0890015610587163
330,0.00577078201924766,26.39879871875,3.086775349625,12.894343274875,1.499448245375,0,0,0,1303.127085875,0.000562833830409909,0.102621644918709,"13",27.1177423806786,1.0094029255259,12.3951009606857,12.4967636527155,8.38575231372856,7.90098057471758,1.98235840901071,0.664090592996852,0.104846081487639
331,0.00586799998692655,24.8873892771429,2.79739380557143,19.2668880414286,-0.187596462285714,0,0,0,1314.76928214286,0.000660051798088798,0.11932789941604,"13",25.7627748546786,1.0153434009023,13.1538408880964,13.674015501754,10.0229346985464,9.499489277709,1.04689022297143,0.660328829118037,0.12791332982013
332,0.00596443560228001,22.68872103125,2.416690123875,20.7909658375,-13.18783816875,0,0,0,1325.49506175,0.000756487413442259,0.135628473934665,"13",24.0524047310357,0.919885924971982,13.4145548901286,14.1528535011957,11.8639863567143,10.8347916537684,-2.71071576991786,5.38288791891696,0.143550843017343
333,0.00605920697634534,20.7277653814286,2.26890671871429,16.6980522057143,-35.73207713,0,0,0,1335.27453914286,0.000851258787507588,0.151392970354284,"13",22.0932745488929,0.874154315708282,13.4950157091036,14.4193796175347,12.9155331819286,11.8766219051589,-16.5239618004286,11.8370241130673,0.159354519128532
334,0.00614921935259834,19.43747546125,2.262081671375,17.14135629125,-47.52320193,0,0,0,1344.196935,0.000941271163760589,0.166139179808574,"13",19.9070712208571,1.18799685339503,13.6115298163357,14.7104864489539,13.5722897712857,12.9700923639088,-32.6482170606429,9.5484545070172,0.169943805968265
335,0.00621356085499887,17.18326368,2.27889654257143,23.16102782,-34.08025688,0,0,0,1352.21156342857,0.00100561266616112,0.176548178628189,"13",16.7690199867347,1.95061370303971,17.3406051725816,13.6410612156168,10.2985275424235,13.2984890596547,-23.1859300184082,19.2466196775417,0.173220985120456
336,0.00617742688137154,14.0440118875,2.679895321625,27.8281329,51.422198011375,0,0,0,1358.820030625,0.000969478692533788,0.170715863038776,"13",15.3524560512857,2.47698906145796,17.5484952488786,12.8979883082035,9.89804368983929,13.2420484901601,3.56278163011428,46.4159024352213,0.17412547033225
337,0.0061009621827867,10.4611434815714,2.51752287885714,23.9860751928571,190.945327171429,0,0,0,1364.13015728571,0.000893013993948949,0.158260534335995,"13",13.1134631331997,2.48926912978633,15.4701076077322,12.2617620089588,12.3775830165584,14.3343182836581,67.0275287363328,92.6497310149698,0.174320477115259
338,0.00604509707149977,9.02846360425,2.44569118075,6.6604470315,327.88124775,0,0,0,1368.427948375,0.000837148882662018,0.149061582948994,"13",10.3181804003452,2.27305188033376,13.250846142058,10.6177711576685,9.3208322978497,13.4190661569611,235.396850361752,180.817538995213,0.17087009086834
339,0.00608347679914229,8.89120983871429,2.43354373271429,0.00603621142857143,413.671995628571,0,0,0,1372.07356214286,0.000875528610304538,0.155390415262571,"13",9.62840892096429,2.18091688134301,13.449815140353,10.0960642933801,6.72540589681181,11.2312841240821,290.424976621177,172.76294358474,0.172358110067948
340,0.00616456541681844,8.7392393435,5.35614947275,0,459.373066625,0,0,0,1374.2333925,0.000956617227980689,0.168631682674766,"13",8.87093976103434,1.25871557817295,12.7904470020989,9.44532503201364,4.58524461307555,9.37186385207877,350.876169856264,137.498383508363,0.1749411340205
341,0.00624284835279579,8.45722236714286,9.990145992,0,475.675036771429,0,0,0,1374.281812,0.00103490016395804,0.181250585366234,"13",8.86153258835331,1.2098469373066,12.2594257500025,9.28974202381312,4.25772714071301,9.08720446637726,358.625948196888,135.249176114879,0.181250585366234
342,0.00626103631335186,8.522281311125,18.43444624875,0,452.8298718375,0,0,0,1372.1100855,0.00105308812451411,0.18415975696822,"13",9.57575184366071,2.10459981684316,12.662938611236,10.1369695096349,6.24545091928444,10.9390825482016,299.228335121705,169.222033506854,0.178014008336407
343,0.00618962024513792,9.64219844185714,21.3479420342857,0,268.554884071429,0,0,0,1368.44695071429,0.000981672056300169,0.172687775556867,"13",10.2189714160302,2.20548239769128,12.4196803758036,10.5982632490649,9.11618727736126,12.8689481470643,242.511034776232,175.00957573633,0.174504842188231
344,0.00609879902214319,11.123355865,26.454779715,0,86.496051985,0,0,0,1363.84472125,0.000890850833305439,0.157905910897982,"13",13.3124738600196,2.52999842714569,14.3716403970054,12.3413431297176,13.6153413182143,14.4768082313562,65.0806764114661,97.4239309149168,0.173057818175469
345,0.00600422325299768,13.2165783414286,26.7598804571429,0,29.2141573985714,0,0,0,1358.52234471429,0.000796275064159928,0.14227713810008,"13",15.5897757968254,2.50375751993803,16.5250080035159,13.2426657477789,10.9978263220437,13.5522584303914,0.712628766952377,48.2944362336112,0.172252039024475
346,0.00590813038086942,15.6042844575,28.60965474875,0,-10.132884030375,0,0,0,1352.103743,0.000700182192031669,0.126143474202116,"13",16.9631425749405,2.06139043280723,15.4624302432202,13.9162824187165,12.0149487994941,13.692060374437,-25.3614376830804,20.118723632038,0.170979198886249
347,0.00581147243713885,17.9532796328571,29.2928893,0,-25.0861239414286,0,0,0,1344.63214028571,0.000603524248301099,0.109648011805782,"13",19.8288052609226,1.07973264368918,11.7199551255089,13.9494465165376,14.1671341912798,11.691949197916,-35.1273812055357,10.4793089429597,0.170495777258831
348,0.0057148053685815,20.236861765,30.55515423375,0,-18.54448088,0,0,0,1335.994562375,0.000506857179743749,0.0928742822456945,"13",21.8656896876488,0.960253002360292,11.6239975440387,13.6871860032542,13.5459530192262,10.7344256171456,-19.7253143553572,13.1751303966358,0.162530690782391
349,0.00561874997655362,22.4536598457143,30.2663497571429,0,-7.00867551628571,0,0,0,1326.37790971429,0.000410801787715869,0.07592325718411,"13",23.8251241144048,0.993423859259544,11.5815774290863,13.4313606167499,13.3518162701786,10.3535498865293,-4.45690283638989,6.44013986686491,0.142514553895493
350,0.00552471288835914,24.58586946875,30.960386135,0,-0.686576998,0,0,0,1315.719719125,0.000316764699521388,0.0590453225678278,"13",25.6168772584226,0.975937717769044,11.4277663743423,12.9405934684603,11.5635935890268,9.29698962733334,0.841142442095238,0.776414983152939,0.128526574848994
351,0.00543924970681536,26.7772790042857,30.4013928471429,0,0.727131155428571,0,0,0,1304.13291728571,0.000231301517977608,0.0434551725210408,"13",26.9979184370238,0.949348238364653,10.8437133588423,11.8057656414307,9.1371841405863,7.30262240405049,1.9018733817381,0.625843503006921,0.10170100782287
352,0.00539878698105901,28.5274893625,27.3000340025,0,2.783008203375,0,0,0,1291.57977725,0.000190838792221259,0.0359883380435315,"13",27.9622432812202,1.06927141218713,10.0209813783631,10.37127557449,6.7101266956994,5.76920297291858,1.74861182201786,0.611844670117629,0.0893436031366697
353,0.00540843540416464,29.8916599228571,24.8298632785714,0,2.99751226985714,0,0,0,1278.38712914286,0.000200487215326888,0.0377738894362158,"13",28.7504925172619,1.20499677659819,10.3757506259226,10.6323316592855,6.28356942122619,5.65224051457731,2.19034373787202,0.896943452489593,0.0752407052558709
354,0.00544545000919112,30.938104905,24.0551168925,0,3.585106270375,0,0,0,1264.603943875,0.000237501820353369,0.044594441971598,"13",29.6924820628571,1.3206555405413,11.2588324987929,10.3593905863236,4.78208884026071,6.75250621714366,3.07487497667857,1.07514112313179,0.0535489671019087
355,0.00544962139181781,31.7348530928571,21.7405551571429,0,4.49584601185714,0,0,0,1250.46150257143,0.000241673202980059,0.0453601795423593,"13",30.4710100142411,1.40864086960258,14.0253926813929,9.92401789229594,0.3023941115,0.604788223,3.26230426370536,1.33294677331163,0.0322377958851459
356,0.00542651222469906,32.37870028875,21.52191842125,0,4.056905164375,3,0.75,0,1235.955546625,0.000218564035861309,0.0411106544289446,"13",30.9346201793303,1.45612242765843,16.6177793973036,7.19293306970749,0.000322402285714285,0.00064480457142857,2.99691014491072,1.2239838623382,0.0191708095508663
357,0.00540302944367671,32.9927816257143,21.56083343,0,2.993324846,4,1,0,1221.20816714286,0.000195081254838959,0.0367738471820829,"13",30.6791728336905,0.508861797627409,11.7978358953393,7.40238801235271,0,0,2.99808028981548,1.49902766766152,0.00226366441076804
358,0.00541685285158086,33.39922331875,18.7046412925,0,2.998074051,4,1,0,1206.17936225,0.000208904662743109,0.0393290348990059,"13",31.0933830718452,0.480714452914959,10.0326606324821,8.91784703674189,0,0,2.99800672125595,1.4992128874327,-0.00217326079114303
359,0.0054683090274781,33.6170104957143,18.0465214342857,0,2.99811148314286,4,1,0,1191.058558,0.000260360838640348,0.0487834755060144,"13",31.5044311846429,0.318407784732233,14.8650639885446,7.82794298910047,0,0,3.37447861307589,1.43239457988537,-0.015185009772824
360,0.00547120498910688,33.8611060525,20.93770370625,0,2.996201012625,4,1,0,1175.806257375,0.000263256800269129,0.0493129252857933,"13",31.837253384881,0.343937907881506,14.6016482544048,9.74506597250111,0,0,3.39418179829762,0.967722657133983,-0.0173417001604485
361,0.00540024632475078,34.2259851814286,20.2370686057143,0,3.55783596157143,4,1,0,1160.44771642857,0.000192298135913029,0.036258611063773,"13",32.1765424393452,0.519481636933619,14.9525316739524,9.42453812639069,0,0,3.49810455238095,0.865213798451749,-0.0249669870939963
362,0.0053107563296185,34.53575773625,17.893981025,0,4.501127588625,4,1,0,1144.89180225,0.000102808140780748,0.0195483032187109,"13",32.5987036541071,0.657047055568369,13.3193562429464,8.31678009305828,0,0,3.49776553700595,0.865458624887642,-0.0260732952621789
363,0.0052199428467019,34.7421402214286,18.6281121357143,0,4.497167225,4,1,0,1129.25852457143,1.1994657864149e-05,0.00230049640586927,"13",33.030185718869,0.781348282767795,13.1623158704167,8.13736493989297,0,0,3.49778425304762,0.865491042022718,-0.0271059934983803
364,0.00513467724164018,34.85825663,17.60937789125,0,4.497111076875,4,1,0,1113.5110365,-7.32709471975715e-05,-0.0141689693956675,"13",33.3212798925,0.97222317041708,15.7486979364107,5.39559974854648,0,0,3.49756611904762,0.865631384056044,-0.0294875790305
365,0.00509385332208183,34.8284617128571,12.2257429722857,0,4.497167225,4,1,0,1097.77842857143,-0.000114094866755922,-0.0221513741558494,"13",33.2417698265476,1.41362443374651,21.8323622725,2.05708623325022,0,0,3.39762847495238,0.964003956769683,-0.0324999045394819
366,0.00513778795202005,34.522424005,10.149000630375,0,4.49528692175,4,1,0,1082.084359375,-7.01602368177014e-05,-0.0135633289080639,"13",32.6747523108482,1.6999407733084,21.2521017435714,3.00627084992958,0,0,2.62447394368303,1.43374661980926,-0.0356182743019083
367,0.00517183620185991,34.1248844114286,18.5416114985714,0,3.77431322728571,4,1,0,1066.59782071429,-3.61119869778416e-05,-0.00695816610879252,"13",32.7541809172024,2.09066119881347,17.2003853821429,2.65568630351945,0,0,2.95425642470833,1.37634975082759,-0.0328835102979806
368,0.00519359249856097,34.1549413975,18.2227961475,0,3.000013526125,4,1,0,1051.1738505,-1.43556902767817e-05,-0.00276030244887249,"13",32.166280069375,1.92685052926031,19.0796192814286,2.60647679472539,0,0,3.27032492670536,0.84009256382739,-0.0267770405351276
369,0.00522401991954576,34.3621773557143,18.2855476942857,0,2.99811148314286,4,1,0,1035.71181842857,1.60717307080083e-05,0.00308124851388492,"13",32.2965397433333,2.33432267912434,18.5419705565476,2.19762513587333,0,0,3.80055283233929,0.755110281909817,-0.0207911959242716
370,0.00527077006764911,34.507148335,11.3502541965,0,2.998074051,4,1,0,1020.128293875,6.2821878811359e-05,0.0119905180661357,"13",32.1969028115476,2.39936168518705,19.2916253570833,1.33558424776127,0,0,3.21397917819643,1.18996123363838,-0.0054919683772422
371,0.00533009765757255,34.2895654514286,16.2922736357143,0,2.99811148314286,4,1,0,1004.59960278571,0.000122149468734799,0.0231836033391879,"13",32.2447331829167,2.50732083860815,18.2402762288095,3.56612610999217,0,0,2.99684262796429,1.50095942686614,-0.000655825439805469
372,0.00537810782989364,34.19797590625,17.6592945075,0,2.999898206375,4,1,0,989.1206534,0.000170159641055889,0.0321506507459768,"13",32.4608825128571,2.60493488295934,14.1558327880119,6.69835694993755,0,0,3.31119071100595,1.06448002938632,0.00320721907355792
373,0.00538388569972821,34.2548136842857,16.6265252414286,0,3.72096548128571,4,1,0,973.673584342857,0.000175937510890459,0.0332244053930921,"13",32.7007566891071,2.69387573378553,13.2250423180893,7.83860047458411,0,0,3.49840859925595,0.864950829085903,0.00827419000311869
374,0.00534248754276008,34.321266425,16.4826586625,0,4.495171601875,4,1,0,958.171156225,0.000134539353922328,0.0255054195231326,"13",31.3874202870536,0.745536925722781,10.299363166875,7.44251662817333,0,0,2.99809276707143,2.64685220506535e-05,0.0136266863592351
375,0.00528392449924779,34.3775407157143,17.47851841,0,4.49826793985714,4,1,0,942.661514171429,7.5976310410039e-05,0.0144831412447477,"13",31.6452941088393,0.915592375347192,9.96899369495535,7.96179745283067,0,0,2.99809276707143,2.64685220506535e-05,0.0174455662893038
376,0.00522150743165369,34.35171278375,15.84480339125,0,3.769453858125,4,1,0,927.11809335,1.35592428159382e-05,0.00260018368911474,"13",33.36061737625,2.56350126240009,8.79538289947022,3.92044664999997,0,0,3.49778425304762,0.865491042022718,0.0233633156627228
377,0.00517082280688692,34.2822668757143,14.4685868685714,0,2.99874897771429,4,1,0,911.622524671429,-3.7125381950831e-05,-0.0071541302135314,"13",32.8870548594643,2.06831245941838,8.83703050330357,6.76721327484054,0,0,3.37284266550447,0.749512274454738,0.0247750552411105
378,0.00516023238452454,34.16666073,14.79524334625,0,2.998074051,4,1,0,896.1464195625,-4.77158043132118e-05,-0.00920434205942033,"13",33.1552731547619,1.90663698550539,8.85801811885714,7.3629196706828,0,0,3.49779673042857,0.865480236091474,0.0387108289570777
379,0.00519771248807508,34.0336188914286,13.8556826371429,0,2.99811148314286,4,1,0,880.758929414286,-1.02357007626718e-05,-0.00196733377823932,"13",32.9127303225,1.64952677974177,9.22873363583333,7.79795503802137,0,0,3.497753059625,0.865469430414147,0.0293145988493181
380,0.00524191961612322,33.85020919125,14.45173958,0,2.998074051,4,1,0,865.4127003875,3.3971427285469e-05,0.00650181360065893,"13",32.7099305128572,1.53799398815979,10.7112808905714,7.27569856045571,0,0,3.49758423238095,0.865664323482048,0.0326812732784614
381,0.00525105525230755,33.6556400542857,16.4107062714286,0,2.99811148314286,4,1,0,850.173712528571,4.31070634697986e-05,0.00824310021062047,"13",32.6243302908333,1.39424122888919,10.177990705875,4.04946348316995,0,0,3.2406264575,1.15447906021081,0.0316352929762661
382,0.0052143218146848,33.52091454875,18.7614486475,0,2.998074051,4,1,0,834.99150275,6.37362584704829e-06,0.00122307837296987,"13",32.4971101342857,1.21388125955553,12.4687448968572,5.91718942447158,0,0,2.99842918976191,1.49960685287554,0.0256436737603225
383,0.00513663506394598,33.5496707842857,18.2816869171429,0,2.99811148314286,4,1,0,819.857847757143,-7.13131248917713e-05,-0.0137877479444759,"13",32.3228428594643,0.883372663891617,15.7204759517589,8.12923871485325,0,0,3.213817717625,1.52315131557388,0.0172807739034908
384,0.00504949703502631,33.661096095,17.90115788875,0,2.998074051,4,1,0,804.6651417,-0.000158451153811441,-0.0308973145717388,"13",32.6142406971429,0.711546243352292,14.7608236309286,9.80771570861713,0,0,2.49914636767262,1.73028854896498,0.00068110999963326
385,0.00498368469559026,33.7199564371429,15.79727145,0,2.99811148314286,4,1,0,789.454647085714,-0.000224263493247491,-0.0440164394535225,"13",32.8014932031548,0.361669374004669,15.4428625294167,10.1735232435486,0,0,2.49809271683333,1.73124937510574,-0.00194753305822337
386,0.004974907104786,33.67357164875,14.85690148875,0,2.998074051,4,1,0,774.213980975,-0.000233041084051751,-0.0457792575460756,"13",32.9986664953571,0.265660252260223,15.814995009369,9.76169685776993,0,0,2.64812158981548,1.61761446772471,-0.00394277360593576
387,0.00494967538964999,33.5446242257143,14.6244604114286,0,2.99811148314286,4,1,0,759.039453957143,-0.000258272799187761,-0.0508639588932178,"13",33.1002859860714,0.675242146233063,19.417804400119,3.72299760279513,0,0,3.35167761141667,1.01635595514742,-0.00369251012132177
388,0.00490301094612632,33.42126694625,16.11375897375,0,2.998074051,4,1,0,743.9042648875,-0.000304937242711432,-0.0603364600796477,"13",33.1878291209821,0.889423207255628,16.83084145225,6.53448555260054,0,0,3.250810124375,0.86196751709257,-0.00308587868049792
389,0.00485973811783851,33.33021777,18.5098417771429,0,2.99811148314286,4,1,0,728.8322668,-0.000348210070999241,-0.069201403858985,"13",33.5303340508333,1.34246457718507,17.1554736930357,6.80133254887998,0,0,2.92552678206548,1.50627897873967,-0.00297938164597649
390,0.00482747120851229,33.31590744375,19.404833675,0,2.998074051,4,1,0,713.771041825,-0.000380476980325462,-0.0758631837183543,"13",33.809933752619,1.5340309036642,15.9827953890417,7.08344786765748,0,0,2.49919665964881,1.73024505771505,-0.00447376960078727
392,0.00485249057521936,33.43273645,11.659635942125,0,2.998074051,4,1,0,683.6245019375,-0.000355457613618391,-0.070693861263817,"13",34.1353288278572,2.37813596761719,20.0003168028571,3.67716593756443,0,0,2.99811148328572,2.1199849606856,-0.0152662532377101
393,0.00492717617845515,33.1374281814286,3.81641904471429,0,2.99879520214286,4,1,0,668.5772453,-0.000280772010382601,-0.0554199147059791,"13",33.879427773125,1.75752779837192,11.0505066227187,7.96068516150565,0,0,2.92420296884375,1.31827941987027,-0.0156838638858067
394,0.00501664777466822,32.65560073625,4.75580869275,0,3.438279963875,4,1,0,653.7093889625,-0.000191300414169531,-0.0374240190719064,"13",33.6806748310714,1.91141956097137,12.9720272857143,6.55776846571543,0,0,3.84385351492857,0.973669493014699,-0.0237433769901511
395,0.00510629212076771,32.16905365,14.6050517931429,0,4.50195386228571,4,1,0,639.075119528571,-0.000101656068070041,-0.0197124276373604,"13",33.35397181375,1.80355659006397,14.3993407970313,7.3493268610955,0,0,3.9304433880625,0.718607818989775,-0.0205138845320522
396,0.00518333133218079,31.94365502,18.11206612875,0,4.497111076875,4,1,0,624.5958429,-2.46168566569614e-05,-0.00473799250312901,"13",33.0325629475,1.56634446071239,14.7177115445,7.47050707551576,0,0,3.74736417535714,0.865798101715313,-0.0171850935517632
397,0.00518843952464127,31.9905489557143,18.9144628071429,0,4.497167225,4,1,0,610.167591614286,-1.95086641964813e-05,-0.00375297406307329,"13",32.7091271825,1.37606316623085,16.2985347037188,6.78526104155032,0,0,3.74612307659375,0.863775945854684,-0.0178411684659967
398,0.0051204466088512,32.14965114375,20.2190140875,0,4.497111076875,4,1,0,595.672016325,-8.75015799865512e-05,-0.0169442926103072,"13",32.1135995093214,1.27640588382107,18.1102826649286,4.27820214033061,0,0,3.35800861208572,0.649965195393468,-0.0241110294567945
399,0.0050572011805091,32.3314888271429,24.0300667885714,0,4.497167225,4,1,0,581.122159814286,-0.000150747008328652,-0.0293727520176272,"13",32.1159486243214,1.13605335427207,16.0788265452286,5.45969771169844,0,0,3.29820121857857,0.670211106344646,-0.0334000575272114
400,0.00505033259350712,32.76311788875,24.52983448875,0,4.497111076875,4,1,0,566.4213644625,-0.000157615595330632,-0.0307318546586712,"13",32.3866056823661,1.05774543133792,16.2920586115,7.00558042220819,0,0,3.26038797704018,0.852071888691908,-0.0391042980774166
401,0.00506296129852527,33.2505882657143,24.02088219,0,4.497167225,4,1,0,551.5126448,-0.000144986890312481,-0.0282344069492986,"13",31.8227288517857,0.946704308299047,15.9271369749405,3.3013922064301,0,0,2.18465595916667,0.758356176391724,-0.0404334839625621
402,0.00508547696323321,33.70464284125,24.05425216875,0,4.496882415125,4,1,0,536.377347375,-0.000122471225604542,-0.0237971328334625,"13",31.6142534904167,0.772249194448054,16.604626342619,2.21232889744962,0,0,1.99830982194643,0.865853878887314,-0.0414458831961503
403,0.00514292008120995,34.2313938471429,23.5945076342857,0,3.85057127514286,4,1,0,521.041874142857,-6.50281076278016e-05,-0.0125649288951895,"13",31.4428967259524,0.610532065098254,18.284434267619,0.744258093337777,0,0,2.09887805092857,0.793087669547032,-0.0383848842207268
404,0.00523084120896321,34.7591008275,22.91798045875,0,1.5022145275,4,1,0,505.4452499375,2.2893020125459e-05,0.00438615159600886,"13",31.2671076785714,0.578196952925313,17.8017155310119,2.31514921488134,0,0,2.49645444219643,0.863777676222426,-0.0324138795264948
405,0.00532566885493846,35.2831570514286,22.9361159014286,0,1.80635639885714,4,1,0,489.632167942857,0.000117720666100708,0.0223523533674888,"13",31.0813505154167,0.646677893277287,18.0863678190476,2.51856914473835,0,0,2.49840751988095,0.865480236128887,-0.0245642157140571
406,0.00542194535081562,35.7830145075,23.68999111875,0,4.509634554625,4,1,0,473.5680851625,0.000213997161977868,0.040268714634788,"13",31.2300530775,0.572532799188939,15.9041370239607,3.6397015925049,0,0,2.39847047044286,0.821058102106425,-0.0163907195861592
407,0.00551846839885014,36.2681606157143,22.6788224042857,0,4.49747265585714,4,1,0,457.297153785714,0.000310520210012388,0.057914400254945,"13",31.1768132147619,0.752321843056027,14.4287344685714,4.3546684401623,0,0,2.49842623595238,0.865480235926519,-0.00324287605761553
408,0.00561451260408794,36.65976094125,20.28050618125,0,4.497111076875,4,1,0,440.8054228,0.000406564415250188,0.0751688240778243,"13",31.3886751764881,0.484534135623979,13.2022114570595,4.47836265692012,0,0,2.49839312663095,0.865505165969168,-0.00718814768644509
409,0.00570911772072432,36.6172922928571,7.36181257528571,0,4.497167225,4,1,0,424.241229157143,0.000501169531886569,0.0918785388074577,"13",31.5084684642262,0.342180580888805,12.4668661541191,4.72408113950306,0,0,2.49612025218452,0.868923854865365,0.00565140815026199
410,0.00579939039255129,36.16940005875,3.813592319125,0,4.497111076875,4,1,0,407.7832306875,0.000591442203713538,0.107566848860785,"13",31.634313545119,0.246027606494603,12.5954370068929,3.99064704919097,0,0,2.89197336920238,0.168531118153529,0.0125446765599261
411,0.00586696667589166,35.4510417942857,3.34405715185714,0,4.49721657328571,4,1,0,391.600048885714,0.000659018487053908,0.119151791370804,"13",31.6948443053571,0.245265838288572,14.3987237700297,2.37990100992833,0,0,2.5003957632381,0.862111651946645,0.0191365216678354
412,0.0058383441480735,34.56515179125,3.201522210375,0,4.33861393325,4,1,0,375.78926845,0.000630395959235749,0.114261261797128,"13",31.634762774881,0.347202571797231,15.598439452381,1.93265421168582,0,0,2.49840128119048,0.865458624468763,0.0234123882512399
413,0.00577829464666465,33.69995661,3.14608894485714,0,2.99182921814286,4,1,0,360.3774323,0.000570346457826898,0.103922636948437,"13",31.5524535344047,0.44794838827114,15.8953857017262,1.92411059970248,0,0,2.49688989769048,0.864168984409102,0.0233004699928148
414,0.00575411211997524,32.93083038125,7.35952113175,0,2.996107452375,4,1,0,345.330702675,0.000546163931137489,0.0997287922109855,"13",31.5438189860357,0.674636443287378,16.414521593975,3.46604734465071,0,0,3.10968027038929,1.03694024467072,0.0211048561228847
415,0.00574633935161592,32.4953784742857,19.2161073942857,0,4.04323837885714,4,1,0,330.580999514286,0.000538391162778169,0.0983770592939139,"13",31.1967522206071,0.913432852047021,15.8726467378286,6.66420127581173,0,0,2.99808815682857,1.49904539757859,0.0220173048414233
416,0.0057083922109621,32.553201035,18.16712038125,0,4.4979027415,4,1,0,315.8852734375,0.000500444022124348,0.0917514515958269,"13",30.831951190119,1.02922099123002,15.7440906789107,6.5498083951763,0,0,3.24018386982143,1.46622063193136,0.0219478188961847
417,0.00563001392915798,32.6479085142857,17.6996244971429,0,4.51418570442857,4,1,0,301.156256657143,0.000422065740320229,0.0779259583276861,"13",30.5952100833482,1.53114737874076,19.3217963942857,2.589669331833,0,0,2.63400679826786,0.757266344215879,0.0237229833963482
418,0.00554196608407081,32.70852438875,18.10483700375,0,3.055275806125,4,1,0,286.3884465,0.000334017895233059,0.062163368988279,"13",30.4715211216964,1.66638933772657,18.4286467923214,0.723788341900962,0,0,2.80403305055357,0.93441304922837,0.0182615757763951
419,0.00546502482365523,32.74263465,17.8144769714286,0,3.72117764114286,4,1,0,271.609770142857,0.000257076634817478,0.0481827065353988,"13",30.4541812822322,1.75000954718692,19.4137818978571,1.75092706842167,0,0,2.99265756589286,1.21587415095134,0.0149338025277349
420,0.00543341850552131,32.80216720375,21.88807890125,0,4.477299458375,4,1,0,256.8093683,0.000225470316683559,0.0423825376108251,"13",30.6078958753125,1.84295997393764,17.9627449215625,3.18753707937715,0,0,2.76170342208929,0.882609785964039,0.0114038244742287
421,0.00542279713752929,33.0860421771429,21.9944559014286,0,2.99182921814286,4,1,0,241.943900157143,0.000214848948691539,0.0404258021268387,"13",29.887439097381,0.869677626763343,14.8522641853869,3.6244312540587,0,0,2.99718058847619,1.50342950956013,0.011504783131077
422,0.00542428477060307,33.46535074,20.283285595,0,2.99803087125,4,1,0,226.903650675,0.000216336581765318,0.0407000939720144,"13",29.82849586125,0.70034505103971,10.4959621026309,7.93631573142946,0,0,2.93234397924405,1.41524395264379,0.0134135438085461
423,0.00545174984144314,33.6080396928571,17.8340752971429,0,2.99811148314286,4,1,0,211.749661485714,0.000243801652605388,0.045750671631434,"13",29.7490650153572,0.52543408570369,11.1332655696384,6.10760848237153,0,0,2.99791247945089,1.22386529804997,0.0124106929375252
424,0.00551830921006536,33.54298111125,7.97200274775,0,2.997915161875,4,1,0,196.5694759875,0.000310361021227609,0.0578855532875515,"13",29.2467504733482,0.729987468200516,13.7950191288571,5.76812509943679,0,0,2.71543341473214,1.10379220778125,0.00690179567574627
425,0.00560506826532338,33.13782916,3.39676283228571,0,3.00049761842857,4,1,0,181.500443128571,0.000397120076485629,0.073485277974485,"13",30.1366792813393,1.76026626495307,10.1041343983437,4.90361231782452,0,0,3.28516224591518,0.57213218663625,0.00697462275642495
426,0.00568189502103685,32.64459351375,3.327078863375,0,4.143359704125,4,1,0,166.6418420875,0.000473946832199099,0.0870988494764342,"13",29.9433418837054,1.60264091512472,9.55412464425893,4.60846867846348,0,0,3.37284187249554,0.749884629259321,0.0202924403966495
427,0.00571978883943396,32.1947510628571,3.41312294457143,0,4.49766872657143,4,1,0,151.997321714286,0.000511840650596208,0.0937459303322221,"13",29.2453901668571,1.67374311290683,8.09460602370357,6.06956786327729,0,0,3.237780096,0.715844332421702,0.0303471297423335
428,0.00574629102582932,31.72447801375,3.31584767925,0,4.496996746,4,1,0,137.560894575,0.000538342836991569,0.0983686494200775,"13",28.9688878125,2.06800427567217,11.4604815371071,9.27283163334932,0.00518093425,0.0103618685,2.89865315410714,1.06300995665538,0.0463880222745896
429,0.00578765445907892,31.2685513871429,3.203968631,0.020723737,4.09351210728571,4,1,0,123.333055542857,0.000579706270241169,0.105541149049792,"13",28.4722486852232,2.35769234782361,10.9732674808214,8.84845925305173,0.7516595255625,1.503319051125,2.62379873941964,0.749829220038522,0.0528845464779673
430,0.00584208315181944,30.7688777725,3.126521021625,3.00663810225,3.00000303025,0,0,0,109.32226945,0.000634134962981689,0.114901478753859,"13",28.0981889166071,2.66575221460672,9.85326186675001,7.63347057138514,0.83431731525,1.6686346305,2.62899820605357,0.753345156199503,0.0572203012719738
431,0.00590838201828536,30.2745416314286,3.13152616557143,3.337269261,2.99811148314286,0,0,0,95.5353326628571,0.000700433829447609,0.126186065011184,"13",26.7480248220833,2.7335591682801,15.1164649185774,9.90455878963403,0.909189854895833,2.22705122380987,2.8225348778125,1.41041276174291,0.0537433207364904
432,0.00596491888752367,29.61415176875,3.316835808375,5.455139129375,2.998074051,0,0,0,82.00121052625,0.000756970698685918,0.135709498475639,"13",26.7621812800357,1.82167600503704,18.3508058365429,9.65094669404733,3.636422096,8.13128700153827,2.4891520185,1.27821934854092,0.067395096994183
433,0.00597776389666004,28.5953288314286,3.446935852,18.18211048,2.99811148314286,0,0,0,68.8220949814286,0.000769815707822289,0.137860608759065,"13",25.7337943677857,1.36399235297936,16.7213370529893,12.4352476153123,2.85214977455,6.37741877401098,2.14694299152143,0.996217279976702,0.0733871555564417
434,0.00598892928230009,26.99723943625,3.041847605125,14.2604232915,2.999148830375,0,0,0,56.306839575,0.000780981093462339,0.13972668630054,"13",23.7926673230714,1.40419543849102,16.6438831756286,12.4297877696243,4.67065540371429,8.5284838400903,-0.478885061221431,2.39328870765846,0.0715081964198683
435,0.00601628758656487,25.6352090728571,2.88254379714286,19.65559465,2.06134077485714,0,0,0,44.3884285142857,0.000808339397727119,0.144284430066005,"13",22.1906704473214,1.3126783283074,14.01111203925,11.7172780460256,9.06729685889882,10.1831246740637,-12.7132552888214,10.3871357221041,0.07378162805381
436,0.00605003372310343,23.82148843875,2.775160966,20.793125585,-17.8593772925,0,0,0,33.23086678625,0.000842085534265679,0.149877886944378,"13",20.8433787090714,1.45579255830117,12.0287520176179,12.1023014145887,9.81240992782858,9.38160814450113,-20.9177856893393,10.5594639833821,0.0670472001890068
437,0.00609844820733707,21.9069176114286,2.76819856728571,20.90828723,-28.9057039128571,0,0,0,22.9420100814286,0.000890500018499318,0.157848387295506,"13",18.5315579040774,2.55954047840627,14.9494316084762,12.918497457206,9.61073404604762,10.9266150875389,-8.31588840078274,15.8711768151543,0.0720218823846968
438,0.00616235963385002,20.03583808875,2.676971732125,20.662945975,-27.4681645575,0,0,0,13.634280519625,0.000954411445012269,0.168273802190037,"13",15.7345355500587,3.33132837123395,16.026775759875,12.2672929746449,10.1565162403316,12.7910524273058,21.9377604927143,23.0751004262686,0.0714538232521725
439,0.00624365983898144,18.1277347957143,2.79185703957143,21.0669940542857,6.99340569728571,0,0,0,5.27912512814286,0.00103571165014369,0.181380563445186,"13",12.8900183816088,3.29498856731922,15.0134163910341,12.0161595914502,11.4680121471753,13.2753655673623,35.4094083787646,20.088929435635,0.0841197473793561
440,0.0063385152552552,16.232706965,2.729540122625,22.2872645125,44.787289815,0,0,0,-2.241084187625,0.00113056706641745,0.196458594253055,"13",5.52258750314518,5.21865325190085,7.92774477649689,9.4601729803506,10.1352739685062,11.0168167098984,-7.29742442524689,70.8776166381531,0.0957224531120379
441,0.00643544538278552,14.3161612128571,2.55291236914286,23.3713742757143,51.7784854071429,0,0,0,-9.08285113914286,0.00122749719394777,0.21163509106768,"13",4.5609071029202,3.4803268674708,6.06707884798995,7.39527162004821,7.99169332391407,9.66319687393804,186.158679120063,262.293485140946,0.11022459703064
442,0.00653275578205675,11.47384920375,2.553639614625,27.81726275125,138.1162558925,0,0,0,-14.9442206775,0.001324807593219,0.226642912584311,"13",5.3836449255744,1.57978819457755,5.69118944195535,6.93453599898581,4.89204398590576,6.60377878009271,396.805578874637,227.146033570466,0.128476999922203
443,0.0066298436326924,8.56136990514286,2.57570367114286,19.68179829,299.212685314286,0,0,0,-19.3935073642857,0.00142189544385465,0.241395258511994,"13",5.09818035574851,1.27121350664291,5.39877666356696,6.25706399156412,2.31327206363095,3.62791804445396,528.667899113691,87.4819781483276,0.145399185564339
444,0.00672613399734915,7.47380650025,2.58817600875,0.53822231175,432.462175125,0,0,0,-22.467257125,0.0015181858085114,0.255814574602615,"13",5.13252848204762,1.04738616805783,2.79981478178571,0.747300331428559,2.74955088374405,4.71274922219783,568.807079636012,47.2855020932141,0.16080648062589
447,0.00698139554486269,4.54132006457143,2.310787333,11.4418079314286,623.680733,0,0,0,-23.3683094214286,0.00177344735602494,0.293062870229496,"13",6.2361479546875,0.722523456012106,2.50060943952679,0.0340517211012755,2.52774868551786,3.56597966293144,526.542227791964,50.959884389836,0.165183335298381
448,0.00695562326880393,3.883278785,2.417919376375,3.5219399485,624.5468884,0,0,0,-21.87413679875,0.00174767507996618,0.289364474552506,"13",5.46699677036225,1.30279113396937,2.76958067135204,0.686862575651324,2.43364680203062,4.38256835824318,549.329236134439,67.2232869062144,0.158370375652128
449,0.00687414544239289,3.71574117557143,2.87850219114286,6.24263308228571,533.514498142857,0,0,0,-20.2916563628571,0.00166619725355514,0.27758137540744,"13",5.20849524995357,1.31930060138565,4.26988106804107,4.95388362424017,2.15166316812857,3.70776067044468,548.906692918393,64.220393855123,0.153040827667658
450,0.00678439024257908,3.970003350625,2.902386002875,7.37302584475,189.78177132625,0,0,0,-18.660086935,0.00157644205374133,0.264438459861603,"13",5.36457955185577,1.55045457090529,5.18161720261126,6.04163355290529,3.64931254258242,5.93885743702672,511.017498052198,105.191801050395,0.142575771654114
451,0.00669318220941448,4.09606848542857,2.75684957142857,5.28955468485714,-64.3831162381429,0,0,0,-16.9513589514286,0.00148523402057673,0.250903466888019,"13",5.53777341351005,1.61246532604393,6.06652204317299,7.29016300457058,4.74738964137947,7.01047148714113,457.675256139475,151.053072257825,0.136309566816525
452,0.00660366608090603,4.20516555875,2.620207693,6.809002799375,-115.92056225,0,0,0,-15.12294909125,0.00139571789206828,0.237439001086493,"13",5.45296724126996,1.59993972618138,5.87183542718802,7.10416573407297,4.77928170276051,6.78913336357174,426.965940117263,193.450308252549,0.131778878745364
453,0.0065236694883177,4.09989869928571,2.59456399114286,13.03955075,-86.5178875842857,0,0,0,-13.2258106085714,0.00131572129947995,0.225251062230394,"13",4.6301086031824,3.33462384179169,5.36480988969388,7.03400156264386,7.14930246017475,8.9995296996435,262.048804660391,261.095588712194,0.129397553595433
454,0.00649612169924999,4.013908428,2.700171392,19.06433632,-30.57962806,0,0,0,-12.21030955,0.00128817351041224,0.221019376889789,"13",4.51240266810357,3.26477346863907,5.22965225957619,6.8093747166672,7.10734080383453,8.85228052328397,237.545322964032,268.682098614339,0.119120623325801
1,0.00719464646505979,0.003803796,0.976871781,32.3301572414286,-7.49778621585714,0,0,0,-9.23734265242857,0.000700147710720775,0.10238172837356,"15",7.59704844079545,3.30539153928442,1.63287369878896,0.230342567034372,12.055560482138,9.96145571634406,-235.854038539198,179.522087270603,0.0399467257439218
2,0.00710456868796149,0.003507645125,0.910086835625,45.18284603125,-7.49823096225,0,0,0,-9.23637870125,0.000610069933622475,0.0897825798973413,"15",6.4289150268489,4.15151009842936,1.51863359651374,0.351033484210767,15.4663022206003,12.3533417721354,-200.656322985332,185.036489075654,0.0359977093034953
3,0.00703671628675834,0.00455870428571429,0.803754287,36.1206063228571,-6.63998866228571,0,0,0,-9.23702322528571,0.000542217532419325,0.0801861505653712,"15",6.96427805372916,3.83890036530904,1.57820687230655,0.289992782827237,13.7451102120789,11.1563692943838,-216.824350845586,183.422717932327,0.0376343182391204
4,0.00704872563707396,0.354856368875,3.878399938875,1.79983216825,49.2962087045,0,0,0,-9.192702378875,0.000554226882734945,0.0818913655128419,"15",5.96995735672576,4.34260913407823,1.47516597073597,0.374429942277734,17.5889124927895,14.2808558517878,-186.859316412255,185.120973445442,0.0338463144797415
5,0.00704637666600427,1.28307083085714,14.5376297871429,0,141.2645351,0,0,0,-8.84610023585714,0.000551877911665255,0.0815580623543974,"15",5.59561729086905,4.42867849539561,1.6353815686119,0.71778772729326,16.5363071378202,14.3525317755867,-171.115614737805,188.520279778559,0.0318444373533623
6,0.00696805998474411,3.464772911375,19.00421106875,0,126.65669614125,0,0,0,-7.8308363805,0.000473561230405094,0.0703813740067316,"15",4.97489834704464,4.39768269103871,2.45935163398661,3.29565840102816,17.1583930990904,14.0874498098128,-120.245749394395,176.755411791799,0.0295391456869496
7,0.00686740090739182,6.20306842971429,18.3595288042857,0,36.1885858268571,0,0,0,-5.70147128585714,0.000372902153052804,0.0558302357731169,"15",4.42993387198928,4.35527704040379,3.66756639198572,5.43474552872953,18.2913011674964,13.8068522577349,-63.7921307479381,146.105600601839,0.0238586028330874
8,0.00676339342892595,8.2520151385,21.279391985,0,-111.1878220975,0,0,0,-2.496046121875,0.000268894674586934,0.0405692769543862,"15",5.26848102448512,4.69611645088814,5.78133893439683,6.95625863579169,16.3760021347341,14.105953437323,-100.469388635037,206.750889488908,0.0305120104345018
9,0.00665895930990105,10.0856987662857,24.2535451371429,0,-120.86286472,0,0,0,1.56886055671429,0.000164460555562035,0.0250077391248276,"15",5.46555530988722,4.62334828280485,7.66062614894831,8.32958494601742,14.9694639364126,14.7128335025727,-120.356472121614,217.17055143122,0.0346913250108426
10,0.00655600250298778,12.67917833,25.6469160175,0,-22.937634571375,0,0,0,6.684232151875,6.15037486487646e-05,0.00942556946013529,"15",9.71237241075,3.51264825687818,12.9819595046099,9.78905358512083,7.55569584785852,10.7992675399423,-205.034423225938,225.066689920988,0.0363386301079899
11,0.00646009556806074,15.4217823828571,26.7136275942857,0,19.5354119442857,0,0,0,12.9931034514286,-3.44031862782755e-05,-0.00531136147820188,"15",12.8305117945696,2.95490781868062,13.0985072868696,12.1766619102226,10.9774793718036,12.2039602301944,-122.984656544636,150.58375291853,0.0286817658581867
12,0.00642501048312141,17.93852089,25.08040796875,0,20.4402690125,0,0,0,20.54389142,-6.94882712176052e-05,-0.0107572105020273,"15",16.0453830772321,2.20260167007781,13.9615046750201,13.1461548731431,10.5538411345982,11.8134807268624,2.01622933367858,24.2782375507117,0.0306646132942192
13,0.00646803000648599,19.9018837728571,22.5792849628571,0,14.9978350085714,0,0,0,29.10235802,-2.64687478530251e-05,-0.00408389207392101,"15",18.6459727964286,1.28627044423777,11.9563024855536,12.7236229758784,10.6529175315051,10.4186467061368,31.994288706199,17.7186055903763,0.0285872677727243
14,0.00642944709784895,21.37339372,22.7234606775,0,5.1499151055,0,0,0,38.4259416375,-6.50516564900654e-05,-0.0100669262474433,"15",20.5588109790476,0.67195606656384,9.00718158786607,11.2520373181562,11.0357624324702,8.79857661053047,39.7454643898512,17.7431599128312,0.03424132360045
15,0.00633830301756023,22.8341913214286,23.9420943142857,0,6.93129380914286,0,0,0,48.39067727,-0.000156195736778785,-0.0243444029076381,"15",21.8786165628572,0.675181882363917,8.94358535931845,11.3438644835446,9.83221459249108,7.75400599185538,22.8918433485536,17.6225663876233,0.0370831061263988
16,0.00624914690815449,24.33170790625,23.70161601,0,5.974555017125,0,0,0,59.044021285,-0.000245351846184526,-0.0385105127214205,"15",23.0869147129762,0.826987309274043,8.9238176008363,11.3818278334777,6.55976522522916,7.03603906607433,8.46904647939881,4.36446970353704,0.0411956143207531
17,0.00622245844103451,25.84731038,24.7796537642857,0,4.491222754,0,0,0,70.3625155357143,-0.000272040313304505,-0.0427903959735509,"15",24.3886642293929,0.949996302046932,10.0531896870286,11.5284993327922,2.42177814290714,4.60751511467863,5.01871976633214,0.727262939624943,0.0493319785599518
18,0.00629679550501191,27.37124141875,23.83435325,0,4.509680513625,0,0,0,82.390093555,-0.000197703249327105,-0.0309146185862064,"15",25.3055818704286,1.19124635766726,11.4458830247607,10.9435839522341,0.306332717510714,0.684303180416417,4.01081051694643,1.08417524910101,0.0561051778785245
19,0.00638728580211172,28.7313026157143,22.2641443728571,0,3.11820552342857,0,0,0,95.0623722057143,-0.000107212952227295,-0.0166460517527067,"15",26.3336532396875,1.63024417312543,14.7094958801875,9.99502232346797,0,0,3.79122311321875,1.42016791274738,0.0631229182953245
20,0.00646312197964613,29.55979642,16.83172653875,0,2.997347596375,0,0,0,108.25120205,-3.1376774692885e-05,-0.00484299335196603,"15",27.1462730467857,1.85675928913263,13.6673966621071,9.50279057977593,0,0,4.50117697542857,1.1324748745078,0.0666496718388221
21,0.00644996758547687,29.7598550814286,16.17397934,0,3.24215303028571,1,1,0,121.663291957143,-4.45311688621452e-05,-0.00688036766883915,"15",27.7901776378125,1.96658793691744,11.9360045877812,8.1678563625826,0,0,3.84655540384375,0.768508528663523,0.0646932801789509
22,0.0063846710865729,29.90047454875,16.21101636125,0,3.767524878875,1,1,0,135.1297637125,-0.000109827667766116,-0.0170554980978821,"15",27.9970524138571,1.72486110811132,10.1332845505607,5.76410306751154,0,0,3.64621416686786,1.3178437574152,0.0454453208907283
23,0.00629172268695108,30.0161860642857,17.0647925985714,0,2.99764826314286,1,1,0,148.660581485714,-0.000202776067387936,-0.0317205622528824,"15",28.3133888702143,1.52112020308803,7.89407202172143,5.55458508768178,0,0,3.84134832076429,1.37638042158465,0.0364095572698664
24,0.00619046203413193,30.210433025,18.56388608125,0,3.7256169395,1,1,0,162.2590478875,-0.000304036720207086,-0.0479457463710293,"15",28.8098176777678,1.23452427899543,9.68246287520981,5.19116046929595,0,0,3.98341503744643,2.10572387943728,0.0255311529803342
25,0.00609065108003892,30.5430032257143,18.3738779042857,0,4.09287461285714,1,1,0,175.978550914286,-0.000403847674300096,-0.0642004863400025,"15",28.6967025298571,1.01790753444697,12.855179679975,3.54598021275653,0,0,4.64843860337143,1.41140507397327,0.00754631933999741
26,0.00601417862215681,30.90910794375,15.9329286775,0,3.00000303025,1,1,0,189.860839225,-0.000480320132182206,-0.076835686650738,"15",28.7492673118214,1.06837610613476,13.3298833742393,3.05005230830797,0,0,4.4782889911,1.06324867026231,-0.0110575829744614
27,0.00599864689689296,30.9265558671429,11.8902686428571,0,2.99811148314286,1,1,0,203.841855728571,-0.000495851857446055,-0.0794215451792333,"15",29.0866252509821,1.22560920259134,12.5626564955268,3.35010088699142,0,0,4.13931172022321,1.6308971568505,-0.0224405027437278
28,0.0059796897278398,30.78116264,11.23715404225,0,2.998074051,1,1,0,217.7762792375,-0.000514809026499215,-0.0825867900972623,"15",29.2091991359375,1.16054948784558,12.7822885243482,3.55617404983154,0,0,3.92390768987054,2.46151581967218,-0.0296607762546583
29,0.00591941757597936,30.5831161185714,9.37538571914286,0,2.99811148314286,1,1,0,231.640549085714,-0.000575081178359655,-0.0927174099467036,"15",29.2857216358482,1.04053595699461,12.9019945775893,2.93898937698361,0,0,3.44189867790625,0.871967349434322,-0.0292087350756702
30,0.00592360634829247,30.32379470875,11.0214671135,0,2.998074051,1,1,0,245.393438675,-0.000570892406046545,-0.0920100277031448,"15",29.22647517275,0.828485971268528,12.4502961458036,2.81725366845593,0,0,3.50311823315714,0.926684284203345,-0.0157025191648895
31,0.00598976212893551,30.1281576885714,14.6707097114286,0,2.99811148314286,1,1,0,259.048675085714,-0.000504736625403505,-0.0809037717894094,"15",29.2330603020714,0.688333685928865,13.17583382495,1.80200157789912,0,0,3.11277329542143,1.45508823940297,-0.00124517663131467
32,0.0059959995815289,30.04465756125,12.8418180345,0,2.998074051,1,1,0,272.632582075,-0.000498499172810116,-0.0798629613339603,"15",29.2305052271786,0.573263218572129,13.8564515715714,0.942881410601315,0,0,3.02754599740357,1.5150462935531,1.64529874187025e-05
33,0.00591554533849145,29.8758760871429,4.713863736,0,2.99811148314286,1,1,0,286.1782744,-0.000578953415847566,-0.0933717825186555,"15",29.2314162112857,0.510473535399735,13.8246483603286,0.658958045611206,0,0,3.12843493858571,0.865608198291135,-0.000230347876495784
34,0.0058203400146976,29.46731473625,7.276380081625,0,2.998074051,1,1,0,299.5817276,-0.000674158739641415,-0.109596789473049,"15",29.2664416820982,0.45836861819929,11.7408318211875,4.77456097663742,0,0,3.54772290684822,0.713672690711808,-0.00400830533972378
35,0.00575090157638531,28.9533659042857,13.3327696422857,0,2.99811148314286,1,1,0,312.776683585714,-0.000743597177953705,-0.121598832660641,"15",29.1638344512054,0.256960947187681,12.4887310836205,3.51612129234145,0,0,4.12278559882143,1.43592823338216,-0.0126250927731262
36,0.00571786047613577,28.78887731,14.02453675875,0,2.998074051,1,1,0,325.8011703,-0.000776638278203246,-0.127360778184619,"15",29.0514874432589,0.106663689866531,14.0128227796339,0.576855932501124,0,0,3.92955594900446,1.11584837403519,-0.0243636365930744
37,0.00564470324188969,28.7624962757143,13.63767408,0,2.99811148314286,1,1,0,338.801386571429,-0.000849795512449326,-0.140237844606434,"15",29.0301115828571,0.163082539675872,13.7737760793304,0.417387647523433,0,0,3.74735481739286,0.865173409726695,-0.0369571209873747
38,0.00555496334083749,28.7260543725,14.78136441625,0,2.998074051,1,1,0,351.782087,-0.000939535413501526,-0.15626364669783,"15",29.0052575346786,0.13611783074317,13.7627903284286,0.805194711771766,0,0,3.59770383420714,0.821042725463393,-0.0476882992302822
39,0.00551551277746472,28.7364119014286,16.0709026257143,0,2.99811148314286,1,1,0,364.755406385714,-0.000978985976874295,-0.163390843258416,"15",28.9586607063928,0.135761826113367,14.3948493569643,1.24755963280378,0,0,3.59771880702857,0.821080313201018,-0.0559870787401903
40,0.00557063250959771,28.8677777925,15.353288485,0,2.998074051,1,1,0,377.7577060125,-0.000923866244741305,-0.153446866536219,"15",28.9254625431071,0.14154497772888,14.9880397446786,0.971518035758571,0,0,3.59636928693214,0.822265557986879,-0.0613186666973508
41,0.00561633808373354,28.96123103,12.0765788857143,0,2.99811148314286,1,1,0,390.8359024,-0.000878160670605475,-0.145275605648628,"15",28.9450770395357,0.169459094741514,15.4936488155357,0.495699118868327,0,0,3.36953854338214,1.1281694722718,-0.0622805635375602
42,0.00562214714742239,28.86910035625,12.7346357525,0,2.998074051,1,1,0,403.8919012,-0.000872351606916625,-0.144241825030806,"15",28.9849442176786,0.212177839241086,14.5103907225357,1.48466513805008,0,0,3.37352330983571,1.12592849765403,-0.0586567633229552
43,0.00564046551771823,28.7513549657143,12.9972094042857,0,2.99811148314286,1,1,0,416.907712542857,-0.000854033236620785,-0.140988870024984,"15",29.0007633970714,0.23435569030227,14.17839127725,0.89714272842922,0,0,3.64763893635,0.88245059533198,-0.0583467707359581
44,0.00566566625613945,28.6578766775,12.5786506575,0,2.998074051,1,1,0,429.8666896125,-0.000828832498199566,-0.136530974041873,"15",28.9993608647857,0.301512294203278,14.5116398886429,0.928349228631881,0,0,4.41644616332857,1.9787843079788,-0.0543780698236697
45,0.00564479273259934,28.56314282,12.7355731385714,0,2.99811148314286,1,1,0,442.797000514286,-0.000849706021739676,-0.140221990806004,"15",28.9963835428571,0.407129697751117,14.5532075422143,1.23979688397733,0,0,3.64352549194286,0.888481173074389,-0.0538835906961373
46,0.00557637578295812,28.46787941625,13.32381736125,0,2.998074051,1,1,0,455.6703302,-0.000918122971380895,-0.152416406413676,"15",29.02449357325,0.463482486858722,14.4419133651071,1.00027897115431,0,0,3.59772921478214,0.821077480035227,-0.0538508602574537
47,0.00550956440098778,28.4143111528571,15.5988753714286,0,2.99811148314286,1,1,0,468.516811142857,-0.000984934353351235,-0.164469906352475,"15",28.9394925149107,0.489168245000783,13.9569319860268,1.01341201401422,0,0,3.747620638,0.865501847549231,-0.0475937843022261
48,0.00546855196913761,28.41186921625,15.8528863375,0,2.998074051,1,1,0,481.3428452,-0.00102594678520141,-0.171941611063561,"15",28.952928840625,0.489704251203091,14.2411653720089,1.43722448338965,0,0,3.74737049869643,0.865169877992822,-0.0437785880819578
49,0.00544136160262499,28.5111319714286,15.2766996442857,0,2.99879520214286,1,1,0,494.198753228571,-0.00105313715171403,-0.176926145933066,"15",28.9816331399107,0.456393561584707,14.3309677220536,1.47100476718199,0,0,3.86110284964286,1.01362394868159,-0.0406214006354536
50,0.00543512646701612,28.588622905,15.20313608125,0,3.439074751,1,1,0,507.089073125,-0.00105937228732289,-0.178072680758889,"15",29.0484451338393,0.39359745807184,13.5027970173705,2.16747530706488,0,0,4.12402644882143,1.43760649722232,-0.0380072755027983
51,0.00549511945750218,28.6660812371429,15.40163847,0,4.43759403728571,1,1,0,520.023231842857,-0.000999379296836835,-0.16709514333427,"15",29.0774160505804,0.357735123445852,14.0693138210268,1.14824718158605,0,0,3.99780193257143,0.945633603874839,-0.0351102133784676
52,0.0055897292886401,28.73409991,15.22430291,0,2.983621594375,1,1,0,532.9840218625,-0.000904769465698915,-0.150024612368554,"15",29.0628391741072,0.317344519520087,14.6336898637053,0.52121551837301,0,0,4.10807962973661,0.738962566964358,-0.0317716721489039
53,0.00568567470912968,28.8131633285714,15.1337103571429,0,2.99780605242857,1,1,0,545.982084928571,-0.000808824045209335,-0.133005668367304,"15",29.0515844048215,0.276249179046991,14.021746763125,1.46403454187737,0,0,3.47374695775893,1.82265634073554,-0.0286162808521341
54,0.00576097812271413,28.77521920125,12.533334498625,0,2.998074051,1,1,0,558.9876359875,-0.000733520631624886,-0.119848197839808,"15",29.0193260186607,0.205312457157139,12.8090115435447,3.6285984047357,0,0,3.80635035433929,1.83406163788084,-0.0267085319158919
55,0.00578922693090736,28.5886118471429,14.9238993242857,0,2.99811148314286,1,1,0,571.942977614286,-0.000705271823431656,-0.114956706494339,"15",28.8781880965178,0.205450652517263,13.2433390061116,1.52811706306186,0,0,4.54832568304018,1.48366370760859,-0.0269527389259076
56,0.00575210928625722,28.560536535,16.271042075,0,2.998074051,1,1,0,584.8353914875,-0.000742389468081795,-0.12138885114019,"15",28.7566682391518,0.3002409328448,14.8236164290625,0.359533196622443,0,0,3.74519131303125,0.867221273312491,-0.0289837648748803
57,0.00567295906236973,28.6929610371429,12.6379971028571,0,2.99811148314286,1,1,0,597.777278857143,-0.000821539691969285,-0.135244608737011,"15",28.7645543275446,0.324380137495972,14.6238938904464,1.28838067517429,0,0,3.38658893502232,0.740830513740368,-0.0325505435756392
58,0.0056006113082829,28.63132823125,12.70184312875,0,2.998074051,1,1,0,610.722783125,-0.000893887446056115,-0.14807971662847,"15",28.8429427705357,0.294399283782173,13.3666034235268,0.60850890553256,0,0,3.22439334825,1.30912476739864,-0.0372965162276826
59,0.00557189554516792,28.5538129185714,15.1011254942857,0,2.99811148314286,1,1,0,623.642170685714,-0.000922603209171096,-0.153220161151815,"15",28.8722029109375,0.311397864971904,13.2852834890625,0.854114680636277,0,0,3.37308604312053,1.43562343410604,-0.0408604375601189
60,0.00556727401437448,28.586251495,14.51526817625,0,2.998074051,1,1,0,636.5362128125,-0.000927224739964535,-0.154049941316473,"15",28.9080684569196,0.334933583679676,13.7742411704018,1.17436582961052,0,0,3.37344387836607,1.43416896350429,-0.0412078371050037
61,0.0055755843156748,28.6278661571429,12.5509531185714,0,2.99811148314286,1,1,0,649.4713417,-0.000918914438664215,-0.152558348684534,"15",28.9525183892857,0.29977087662855,13.5075262659464,2.34195663858806,0,0,3.69433904490625,0.931100383473131,-0.0388670142294213
62,0.00559802159571788,28.58527032375,14.76106674375,0,2.998074051,1,1,0,662.3851896625,-0.000896477158621135,-0.148542221755147,"15",28.9611429275893,0.264867970442105,13.5722752938036,1.16080291263404,0,0,3.7477366554375,0.865303072102705,-0.0359599163350542
63,0.00561463942204868,28.6081858442857,15.6985766871429,0,2.99811148314286,1,1,0,675.304012228571,-0.000879859332290335,-0.145578101431687,"15",28.9202895075,0.268575171396965,14.786590815625,0.755365498430461,0,0,3.747620638,0.865501847549231,-0.0340459945719252
64,0.00560407171029046,28.71553850375,15.193761225,0,2.998074051,1,1,0,688.239987625,-0.000890427044048556,-0.147462045954508,"15",28.8978778934375,0.26465952376922,15.1490535269643,0.817241319931511,0,0,3.74761128000893,0.865447818956391,-0.0321154187793401
65,0.00561092529912412,28.8598753814286,15.6076991928571,0,2.99777368914286,1,1,0,701.244660314286,-0.000883573455214896,-0.146239827248814,"15",28.8824576338393,0.257035526425418,15.1426046482143,0.917187137994613,0,0,3.747620638,0.865501847549231,-0.0313129848496998
66,0.00568061204295448,29.0014354375,15.17939012625,0,2.985289973875,1,1,0,714.303458875,-0.000813886711384535,-0.133896489887356,"15",28.8921136633036,0.324912843734927,15.1241088054018,1.1070404337747,0,0,3.74752683150893,0.865545342670634,-0.0295242489897534
67,0.00577714572375806,29.1289348571429,14.19717225,0,4.39409166442857,1,1,0,727.439125957143,-0.000717353030580956,-0.117045729854498,"15",28.8817248364732,0.42333642481842,15.1472029645982,1.18866859988982,0,0,3.74442461871875,0.869207961606106,-0.0276376071016214
68,0.00587385384874296,29.1390018025,15.1755404975,0,3.05429243625,1,1,0,740.5935699875,-0.000620644905596056,-0.100444520013677,"15",28.8659602913839,0.520702137973171,14.7361872806697,1.13132929091893,0,0,4.09616095864286,0.733614786685818,-0.0275754894558774
69,0.00594204499098924,29.1380246557143,15.6029395485714,0,2.99827429485714,1,1,0,753.759269057143,-0.000552453763349775,-0.0889021229281886,"15",28.8065075973214,0.560301031178112,14.6894696184375,0.528679108049966,0,0,4.18877252313393,1.512980759702,-0.0280266301050997
70,0.00592150378699448,29.2520329825,16.299947345,0,2.998074051,1,1,0,766.937455,-0.000572994967344535,-0.0923650368606044,"15",28.7560962185714,0.602075514798615,14.9026614624554,0.928092833521523,0,0,3.9725949313125,1.18309613117422,-0.0260435620010532
71,0.00588871936930651,29.40983708,14.8465327328571,0,2.99811148314286,1,1,0,780.192836514286,-0.000605779385032506,-0.0979169220213727,"15",28.781486374375,0.606455009052703,15.1486622478571,1.22901414639073,0,0,3.94128104621428,1.13457702769395,-0.0195828594434057
72,0.00590309257240878,29.56625643875,14.90870229625,0,2.998074051,1,1,0,793.5049604125,-0.000591406181930236,-0.0954790931197804,"15",28.7946669734822,0.642777848123886,14.4961301928125,1.04616497884013,0,0,4.03347665441518,1.28344279833715,-0.00896920413925413
73,0.0059471429593458,29.69621004,14.8416698785714,0,2.99811148314286,1,1,0,806.897532014286,-0.000547355794993216,-0.0880445423087997,"15",28.8011456213393,0.734500515889892,14.5101175232589,0.945609301586634,0,0,3.74821717185714,0.866191213281516,0.00225349172191541
74,0.00598249147015296,29.8130459275,14.41059287375,0,2.998074051,1,1,0,820.32742605,-0.000512007284186055,-0.0821183567453216,"15",28.763998475,0.845568187859808,15.3436457918304,0.885162713759552,0,0,3.74764545019643,0.865487295176295,0.00817054159974214
75,0.00602111956842908,29.8797181485714,14.48493568,0,2.99811148314286,1,1,0,833.820020414286,-0.000473379185909935,-0.0756822550005145,"15",28.6977225484822,0.965390200921074,15.6358540622321,1.21342815357797,0,0,3.74599404860714,0.863627708685306,0.0124548792555745
76,0.00608491264430432,29.910438455,15.26206840125,0,2.998074051,1,1,0,847.3156534625,-0.000409586110034696,-0.0651431015971111,"15",28.670051415,1.03607506355613,15.0092167971428,0.485254461310063,0,0,3.45053982763393,0.712922906099777,0.0193608537616519
77,0.00617703899481226,29.9416345271429,15.5018332871429,0,2.99811148314286,1,1,0,860.841349571429,-0.000317459759526756,-0.0501164426728735,"15",28.6533650700447,1.07839457619595,14.8708761896429,0.327118364782831,0,0,3.37273296810714,0.750153846277596,0.0188169132527788
78,0.00627208744153133,29.9779827375,14.846842605,0,3.0000570955,1,1,0,874.3705988375,-0.000222411312807686,-0.0348462479951213,"15",28.4260250828214,1.05914640910344,14.2724808255071,1.26235364899824,0,0,3.76365896412857,0.923389600795252,0.0183189688315518
79,0.00633368948628091,30.01256049,14.8624334471429,0,3.71857934614286,1,1,0,887.9299988,-0.000160809268058106,-0.0250725490786445,"15",28.4222606509643,1.02629866657352,14.1956943877143,0.860017483463515,0,0,3.72762545286786,0.78080677758278,0.0143904393402382
80,0.00630162879708213,29.9514965075,14.4042954075,0,3.349885949125,1,1,0,901.4652669125,-0.000192869957256885,-0.0301473333901026,"15",28.6760141636607,1.00838459655474,13.9791287409375,1.56347633275834,0,0,4.06097423982143,0.352545334098164,0.00978127704225162
81,0.00623298571961452,29.7689513171429,9.563430566,0,2.99760998157143,1,1,0,914.966306985714,-0.000261513034724496,-0.0411000056860704,"15",28.6459611238214,0.823855337065522,12.68108114505,2.68095634141559,0,0,4.71383996885714,1.28328160041312,0.000359374317351602
82,0.00623126393422789,29.189449065,5.385056452625,0,2.998074051,1,1,0,928.2937902875,-0.000263234820111125,-0.0413762815017469,"15",28.7985173469643,0.683718674877587,10.7418120266857,3.16661430354527,0,0,3.98239836498571,1.59629475060619,0.000390304475289049
83,0.00630348485829167,28.1961493185714,9.24723999985714,0,2.99811148314286,1,1,0,941.268350285714,-0.000191013896047345,-0.0298528400211016,"15",28.8688853127143,0.494124453442179,9.319529251425,3.82446735866601,0,0,4.50349695953214,1.49954167389445,0.00326014290203362
84,0.00636682982147535,27.614108545,9.803465616375,0,2.998074051,1,1,0,953.8354720875,-0.000127668932863666,-0.0198538002881161,"15",28.6472588883482,0.613030063881941,11.3080480749732,3.79721172540109,0,0,4.12229269058929,1.4350060237053,0.00791673307051085
85,0.00632954533399397,27.26247011,13.5823549814286,0,2.99811148314286,1,1,0,966.238337671429,-0.000164953420345045,-0.0257270662582192,"15",28.6257989775,0.932602678275497,11.2723278157455,3.42101153838352,0,0,4.17586232601786,1.45768530817166,0.00848067937082352
86,0.00623991329841603,27.12972479125,16.23535623,0,2.988256638625,1,1,0,978.5010010875,-0.000254585455922985,-0.0399891846343241,"15",28.7475233225893,1.11693036003818,10.8270963272143,3.86090848537654,0,0,4.46652846502232,1.69631809720955,0.00849089825795685
87,0.00616252017122107,27.2151974457143,18.0758847671429,0,1.72744378514286,1,1,0,990.777833771429,-0.000331978583117946,-0.0524696596493479,"15",28.8425683654911,1.19629748537703,12.7407915340223,3.06596711922658,0,0,4.11728762023661,1.43691072504487,0.00446381750434395
88,0.00611130987274153,27.5631969575,19.1474155675,0,2.995402105125,1,1,0,1003.12615095,-0.000383188881597486,-0.0608143400995109,"15",28.90721639375,1.1889253971663,14.3090967763393,2.98966652256692,0,0,3.99868363641518,1.98103517029026,0.00751891628760464
89,0.00605120630530991,28.0485659685714,18.3099840442857,0,2.99811148314286,1,1,0,1015.69391114286,-0.000443292449029105,-0.0706978304599861,"15",29.0309284204643,0.959116332441724,13.7865313279857,4.9298517663435,0,0,4.65163812008929,1.53926018467798,0.0127755333988674
90,0.00598336586915593,28.4187490175,16.7940798075,0,2.998074051,1,1,0,1028.441647,-0.000511132885183085,-0.0819722077540508,"15",29.1399874070714,0.858193069325877,14.6866902687214,3.56161476994309,0,0,4.77166758115357,1.61985295407913,0.018813860681557
91,0.00591533126584907,28.7420229528571,17.2981057771429,0,2.99811148314286,1,1,0,1041.361064,-0.000579167488489945,-0.0934079713229083,"15",29.1688154225,0.697356737788617,15.4405461621786,1.11612653919438,0,0,4.20851407176786,1.52710971819144,0.0250204442986417
92,0.00587409039447096,29.046486555,17.3851071775,0,2.998074051,1,1,0,1054.394141375,-0.000620408359868056,-0.100404249866133,"15",29.1750872522143,0.457976830852879,13.5045815327071,3.71419292950626,0,0,2.91377744085714,0.379421249070434,0.0316768706576194
93,0.00590514160736871,29.3744804771429,17.3687192971429,0,2.99811148314286,1,1,0,1067.59583942857,-0.000589357146970305,-0.0951320412380863,"15",29.2003110243571,0.179656135196766,12.6652385926357,4.66114917405902,0,0,2.72154785276429,0.684347099710014,0.0387164218678954
94,0.00599460310531688,29.50482624625,14.72096744625,0,2.998074051,1,1,0,1080.89590675,-0.000499895649022136,-0.0800958897749258,"15",29.3230991158572,0.266437509056175,11.1795332102286,6.34659716419079,0,0,3.18687493856429,1.1428270159298,0.0442373792039545
95,0.00609488660116903,29.4721445157143,15.7391946571429,0,2.99811148314286,1,1,0,1094.21825828571,-0.000399612153169985,-0.0635053145155045,"15",29.431678078,0.42686473936126,9.46273337062857,6.07301761186876,0,0,3.67393875308929,1.50398577433433,0.0465333559321002
96,0.00619700252327721,29.45549235125,15.19801632375,0,2.998074051,1,1,0,1107.51418275,-0.000297496231061805,-0.0468897611664465,"15",29.5077323790357,0.57102692256944,9.38331836601429,6.4816436156935,0,0,3.99206355496786,1.55148040284635,0.0462522479020825
97,0.0062981629615771,29.3826916785714,14.8689967914286,0,2.99811148314286,1,1,0,1120.81582842857,-0.000196335792761916,-0.0306974751073339,"15",29.5754080136429,0.741768936516574,9.25543544553571,6.55494593045794,0,0,4.37534513349286,0.859550370471069,0.0438280998570242
98,0.00639342351195243,29.31302493,15.09114397,0,2.999947089625,1,1,0,1134.059000625,-0.000101075242386586,-0.0156855870295569,"15",29.3685954971875,0.782800288802848,11.1075089281964,6.18466497589631,0,0,3.82208283547322,0.787421833885433,0.0407787989518756
99,0.00644808824736591,29.1953958585714,11.8521156885714,0,2.43742610728571,1,1,0,1147.29157385714,-4.64105069731052e-05,-0.00717178183535783,"15",29.4390763445536,0.947022443417723,10.6006897009196,6.00754237448187,0,0,3.86120721429464,1.01249365986203,0.0290000224766362
100,0.00638880910627455,28.90070035,13.0311185875,0,1.80577173025,1,1,0,1160.391594,-0.000105689648064465,-0.0164075901324496,"15",29.5852336037946,1.20668949915297,9.35599673905802,5.61376573864068,0,0,4.14122742951339,1.69650929512925,0.0146472745959878
101,0.00629615667291683,28.6282960085714,13.2506895757143,0,2.99160512571429,1,1,0,1173.39809057143,-0.000198342081422186,-0.0310160772555408,"15",29.6079689021875,1.33970040810097,10.9037530912857,3.83347779098067,0,0,3.88440704966964,1.85180486527204,-0.000336200604506626
102,0.00620050990948639,28.41562565,13.11253891,0,2.998369620875,1,1,0,1186.26822725,-0.000293988844852626,-0.0463239401978939,"15",29.5331174835714,1.32828367787377,13.2064285800089,4.30730729702602,0,0,3.93224439158929,1.12282757108354,-0.0130925251902904
103,0.00611419747179434,28.1783854657143,10.7813280854286,0,2.99811148314286,1,1,0,1199.06697485714,-0.000380301282544676,-0.0603419508598835,"15",29.4816721146429,1.2787030230731,13.7790838283839,3.19445055605792,0,0,3.67959183566072,0.649709420903859,-0.0197092582011682
104,0.00609272104969475,27.80754051625,8.989059388875,0,2.998074051,1,1,0,1211.697845375,-0.000401777704644266,-0.0638606839240996,"15",29.4201764506697,1.2501602625306,13.1097560825581,3.4048611943712,0,0,4.12123282702679,0.748757000033026,-0.0184758986305964
105,0.00613923181472446,27.2806090971429,10.8601880648571,0,2.99811148314286,1,1,0,1224.16008842857,-0.000355266939614555,-0.0562558494481546,"15",29.286747576875,1.26100891025616,11.5686049331741,5.89347451808457,0,0,4.11783823384822,0.746556521770705,-0.0126127719192888
106,0.00619844620742055,26.87722504875,12.3563056125,0,2.998074051,0.625,0.625,0,1236.36315175,-0.000296052546918465,-0.046656823390987,"15",28.9388681280357,1.24042889145444,15.0234756234464,2.99835229102301,0,0,3.53528364257143,0.712535821698292,-0.00625874969307086
107,0.00624525379875006,26.5825842171429,10.3925382521429,0,2.99806213485714,0,0,0,1248.44976714286,-0.000249244955588955,-0.0391336893842196,"15",28.8114311991071,1.17005302021795,15.93999116025,2.41141462670315,0,0,3.70439333788214,0.755743007107086,0.00178946287839279
108,0.00630464258710728,26.28961915875,9.29750237875,0,3.156571195,0,0,0,1260.3799425,-0.000189856167231735,-0.0296691920042953,"15",28.4530311437857,1.10928035427613,15.5383484573929,3.54735957590213,0,0,3.70471840480714,0.756135367156289,0.0171820021785137
109,0.00640045814699568,25.90577437,4.924499455,0,4.50455020528571,0,0,0,1272.18547657143,-9.40406073433354e-05,-0.0145858995649188,"15",27.98526620325,1.02013204730456,13.1263641648321,7.36543583567165,0,0,3.928261799725,0.778821684810962,0.0274078443855502
110,0.0065051647328835,25.2765996725,2.195346691,6.8324875e-05,3.910122037875,0,0,0,1283.738208625,1.0665978544485e-05,0.00164096259634494,"15",27.5775780588928,1.01077497225363,9.22358712066785,8.74005670213436,3.59318571428572e-05,8.03460751292401e-05,3.8978578852,0.82138362907139,0.0350917435580101
111,0.00661140268470943,24.4359670842857,2.00337114414286,0.0135895084285714,2.99874897771429,0,0,0,1294.98752242857,0.000116903930370415,0.0178403644773235,"15",26.7859837255714,0.955409833513194,8.98207718206429,10.1641098053648,0.0482458960321429,0.107742500830016,3.97746364700357,1.16304426731688,0.0411232448632212
112,0.00671814481909344,23.4150638525,1.836158211875,9.681178193625,2.992590230375,0,0,0,1305.785366875,0.000223646064754425,0.0338565742585031,"15",25.8542869593214,1.05809008459208,10.0065771531786,11.2348326180814,1.73332476757143,3.73493024965543,3.5980358984,1.34021163267942,0.0501281729603185
113,0.00682490639106805,21.9275166728571,1.71459085485714,16.6288086057143,8.64278668442857,0,0,0,1316.072148,0.000330407636729035,0.0496231515743704,"15",24.6725798392857,1.21827106723555,13.6557196052009,13.6750232957756,4.52330775676339,5.24870116757566,3.27111104757143,1.63104381646737,0.0654307575582303
114,0.00693130865709645,20.3368338975,1.4799943465,13.62657432375,33.733985485,0,0,0,1325.571830375,0.000436809902757435,0.065093160748658,"15",22.9006202145982,1.07472655540438,15.1278978981027,15.3719564273157,8.47219055361608,9.78623562483816,5.20773015466072,3.50813002644236,0.0752635549756309
115,0.00703691440971622,19.0113414957143,1.43668050371429,16.1216060542857,53.3160018542857,0,0,0,1334.44639157143,0.000542415655377205,0.0802143057670177,"15",21.6394048229464,1.260706235762,18.7886893520595,13.3415676129225,5.28969882229167,8.31659515296324,20.0194815761696,14.8258621646604,0.0956357787008866
116,0.00714083365203166,17.28459796,1.418282730125,21.12787982,41.54343278,0,0,0,1342.42871075,0.000646334897692644,0.09487405306702,"15",19.6649769452381,1.20066345543745,18.1212673693601,12.8204564687848,6.00775513508928,9.3845626188188,48.0409392201042,22.6774741357827,0.11276044107329
117,0.00724108828564243,15.43607727,1.25746524357143,21.9425635757143,-23.208735977,0,0,0,1349.48414057143,0.000746589531303415,0.108816036147516,"15",17.8015633146939,1.53393025269381,15.640418374301,13.0425030995284,9.42378278130101,11.8492429823846,52.1771495145357,18.3614522827641,0.119201468205235
118,0.00732605195575398,13.10129439875,1.227686925125,25.34298596375,-133.24745839125,0,0,0,1355.68755475,0.000831553201414965,0.120481281488518,"15",15.6966205145089,1.52028283430869,13.0887424526674,12.3274641273027,11.9608464579464,12.9366413101947,14.8932694611786,35.126531878727,0.125192340150182
119,0.00732312400120916,10.81909004,1.23002217128571,17.60778845,-278.5886726,0,0,0,1361.01356785714,0.000828625246870144,0.120081538246654,"15",13.7432012506944,1.58161505357829,13.693084155629,11.6546661642648,11.0420237381151,13.1753371260969,-65.7221179119246,83.6873019461663,0.130499819232706
120,0.00723596200015891,9.61105304725,3.715411571375,1.922024575875,-446.962061075,0,0,0,1365.07786075,0.000741463245819894,0.108107841380522,"15",12.1820399394545,1.67138120702349,12.6689118625682,10.703580844311,10.163518991461,12.0792448589573,-177.21432043011,140.780596119651,0.135824574833413
121,0.00713649549730377,8.843688958,13.8520124242857,0.000269613,-497.989173657143,0,0,0,1367.10638228571,0.000641996742964755,0.0942663547005749,"15",11.5718425541429,1.91260224124786,12.9534460472946,10.0369527930657,8.12290953442474,11.3520611921093,-236.26686292723,171.267703618554,0.147784317474301
122,0.00703356203044887,8.753882013375,19.92626315125,0,-500.828308775,0,0,0,1366.4366135,0.000539063276109855,0.0797377932199996,"15",11.9677910317708,1.75795061101574,11.9227868383021,10.5276742046397,9.4767277901622,11.7602705904955,-199.693298817185,155.180818984923,0.140444030408895
123,0.00692936142033588,9.83149660814286,21.37624237,0,-420.232122714286,0,0,0,1363.50141185714,0.000434862665996865,0.0648121877892844,"15",12.6915472723506,1.73618205966709,10.839932123802,10.7855139077681,12.1582974983442,12.0447489905259,-141.121285272175,121.869623449703,0.126948026452897
124,0.00682484975182418,11.66273131375,22.44754208125,0,-203.00174831125,0,0,0,1358.829716625,0.000330350997485165,0.049614852635921,"15",14.5943738854643,1.87470157242408,12.7289059521946,11.8230948272915,12.4291888535893,13.1736121017797,-30.5720970800035,73.4006113139501,0.123759405349641
125,0.00672089890610775,13.6768670257143,24.3786800514286,0,3.59909345771429,0,0,0,1353.36574971429,0.000226400151768735,0.0342664377976343,"15",16.5467268651191,1.64720221713385,14.7881317098313,12.6144188073568,10.6318635181746,12.7409914538821,27.9164426786032,40.4030403938922,0.119509471253148
126,0.00661906971631633,16.14909722375,26.7889693,0,53.62643583125,0,0,0,1346.817198125,0.000124570961977315,0.0189993604854557,"15",18.2104553535459,1.39524324583406,12.0186628319745,12.9504022582445,11.7268693604847,11.2646279394248,52.1328018035408,18.3577429911786,0.114191362819246
127,0.00652419723782663,18.8697736957143,28.5386988042857,0,52.5666425171429,0,0,0,1339.01163157143,2.96984834876144e-05,0.00456244382170556,"15",20.2249223486225,1.34457391811984,11.9477700811148,12.8092040172855,9.68353196346939,9.25767722644161,43.2221963899872,21.6601427374085,0.102499525657032
128,0.00648286121565966,21.4462598725,27.9733872875,0,16.55978377675,0,0,0,1329.87333475,-1.16375386793556e-05,-0.00179351449700693,"15",22.047074359898,1.4409295193364,12.6425401122627,13.6245321698529,9.37527930688776,8.87756062704687,16.9690451914566,14.8990051754709,0.0838938865761677
129,0.00654757681508961,23.6296392171429,30.0751204428571,0,5.21659632271429,0,0,0,1319.73803357143,5.30780607505945e-05,0.00813955611580131,"15",24.1049451352083,1.4485340213853,9.72698506363095,12.2170884517271,8.66366554025298,7.59679557116805,4.71844247503571,2.65475491555367,0.0672995976463566
130,0.00663570566202317,25.90247879375,24.81927966375,0,5.506816062375,0,0,0,1308.514298375,0.000141206907684155,0.021509543225827,"15",25.4477497748512,1.37378258681336,8.6448406629613,10.5878764999305,3.05796700524702,4.65701895238125,3.4971282870625,1.22393948071399,0.0579155542186573
131,0.00670063482166724,27.2205301542857,20.22108635,0,5.99547631457143,0,0,0,1296.50883914286,0.000206136067328225,0.0312467978746183,"15",26.1911836578571,1.3243412284011,9.01924144137857,10.1316520453012,0.0509278658607143,0.106405501756702,3.97759114591786,1.16291009247256,0.0454189536151607
132,0.0067087006977895,27.70124015125,15.0503047225,0,5.837650958875,0,0,0,1284.052463625,0.000214201943450485,0.0324498219861473,"15",26.9841020416428,1.33940337202401,9.26284680014285,8.69983994519009,4.95968321428572e-05,7.84960487765138e-05,4.080267482575,0.656288316882638,0.0384368216541766
133,0.00664316384250613,27.90759583,19.3452201042857,0,4.49088496,0,0,0,1271.52005585714,0.000148665088167114,0.0226328589045197,"15",28.0046837965625,1.17687959128511,11.5716501799687,7.49790790160803,0,0,3.78760600965625,0.822713364692276,0.0269737547963656
134,0.00654867209131716,28.5588824575,18.41063261625,0,4.49866771575,0,0,0,1258.753625875,5.41733369781444e-05,0.00830682175365016,"15",28.4265683153572,1.27906293717486,14.8202774176786,3.65251144107043,0,0,3.50623107707143,0.706875375254838,0.0163751675944352
135,0.006453269735331,29.2508011657143,17.6278097328571,0,3.53158346528571,0,0,0,1245.713538,-4.1229019008015e-05,-0.00636853489494893,"15",28.8308823725,1.42413713190373,15.338007119375,2.34621649391956,0,0,3.5368246978125,0.710973613546362,0.00610715113931206
136,0.00637371003525141,29.84631602875,17.27911028625,0,3.654082792125,2,1,0,1232.3427175,-0.000120788719087606,-0.0187737496129881,"15",29.1605780267857,1.47383540852656,11.8623955109643,5.55898410290321,0,0,3.74599516310715,0.867212556132119,-0.00110570835021597
137,0.00638540034067328,30.4390550671429,17.2592620442857,0,4.49687272614286,2,1,0,1218.74000614286,-0.000109098413665736,-0.0169412850969746,"15",29.1970192128929,1.23016193436313,13.2303414419857,3.60562272259521,0,0,4.19282656184286,0.667932495867333,-0.0063477303550748
138,0.00647496710729498,30.84877098375,16.14187774625,0,4.497111076875,2,1,0,1204.865231375,-1.95316470440353e-05,-0.00301194539803529,"15",29.255709708,1.2256360336135,13.7397376080786,3.30545244612299,0,0,3.843475922525,0.671621498991633,-0.00663934549488996
139,0.00657576880068294,31.0852636071429,16.3809664357143,0,4.497167225,2,1,0,1190.89144685714,8.12700463439248e-05,0.0124360258357852,"15",29.4799498939286,1.37982988236975,13.1718909135803,4.30738796665392,0,0,3.93393551537947,1.12094211602387,-0.0136992756781249
140,0.00667971488551664,31.284925225,15.87026688125,0,4.497225408,2,1,0,1176.786099875,0.000185216131177625,0.0281198313390885,"15",29.5398678168303,1.39348133496209,10.9586458383393,3.87543674848692,0,0,4.18086539853572,1.46200365377628,-0.00203265506951329
141,0.00678482511438585,31.4719441214286,7.97129814671429,0,4.74010805728571,2,1,0,1162.62498428571,0.000290326360046835,0.0437330439030177,"15",29.5115597266518,1.24675573514556,9.65074746379018,5.81582599856813,0,0,3.98331383525447,1.9223335584622,0.0129192872406437
142,0.006890321318685,31.3179889325,1.915400318875,0,5.996142542375,2,1,0,1148.405734,0.000395822564345985,0.0591622455039555,"15",29.3903402473571,0.827354015583631,10.85097489845,5.23269886735425,0,0,3.57645099289286,1.08364573850531,0.0330191118446355
143,0.00699562928535491,30.8008703342857,2.13266993085714,0,4.95109607157143,2,1,0,1134.39123357143,0.000501130531015894,0.0743300920718815,"15",29.35748138375,0.678380303885568,11.9042359365571,5.6445930125489,0,0,3.65765568630357,0.774729820827819,0.0470526196164792
144,0.00710008499087704,30.4673292,2.0107086435,0,4.496147951625,2,1,0,1120.548717625,0.000605586236538024,0.0891512801456393,"15",29.3524277170536,0.634160959426654,11.0666171460446,5.9515174972366,0,0,4.34514442895982,0.989455356315108,0.0483604178858857
145,0.00720262884284216,30.2086333371429,2.23531094257143,0,4.497167225,2,1,0,1106.856959,0.000708130088503144,0.103490601867843,"15",29.3325071395089,0.479655881458103,11.170320221875,5.89291391380214,0,0,3.86578763745982,1.761576340934,0.0519760832986585
146,0.00729984521317536,29.95026452,2.5365407925,0,4.498984115375,2,1,0,1093.2557535,0.000805346458836345,0.116897669493473,"15",29.3020314675,0.361796052381749,11.1942815151607,5.40249917845493,0,0,3.46767741251786,1.65297892962107,0.0535697872882375
147,0.00736949964137049,29.7012288871429,3.20298452457143,0,3.93744274685714,2,1,0,1079.79980028571,0.000875000887031475,0.12639433773971,"15",29.2285666730357,0.187285993436491,13.1736703816429,5.21489920291642,0,0,2.99923298649107,1.22746681011465,0.0524530750575301
148,0.00732663719766773,29.39485695125,5.60489973425,0,2.994057539625,2,1,0,1066.430528125,0.000832138443328715,0.120561163331359,"15",29.1516745426339,0.165121329701427,14.4303233072321,2.86325953517349,0,0,2.65342043104911,0.770388841156395,0.0469008960142417
149,0.00723316682082118,28.9885151914286,11.3299080985714,0,2.99681279142857,2,1,0,1053.26282885714,0.000738668066482165,0.107721476815184,"15",29.2217302674107,0.514930316664276,14.0482498912411,4.05254696822289,0,0,2.89301860321429,0.434826919658471,0.0392813312733759
150,0.00713184687602344,28.81205312125,14.824934945,0,3.296212651125,2,1,0,1040.197515875,0.000637348121684425,0.0936147553405346,"15",29.2580059978125,0.771605794099818,15.5944489664732,1.22600059034529,0,0,4.43658942692857,1.66211602211812,0.031879875402831
151,0.00702818960645336,28.7977854628571,15.46677828,0,5.86962256885714,2,1,0,1027.20648842857,0.000533690852114345,0.078973674450272,"15",29.225537893125,0.966023406147732,14.4916682659018,4.08165519718946,0,0,4.49717883422768,1.73097399629771,0.0248298420584285
152,0.00692377948808001,28.8880655125,14.769303285,0,5.99546030275,2,1,0,1014.163189,0.000429280733740995,0.0640063153139696,"15",29.0666441474553,1.10364612286364,13.5408383387321,5.65704436530578,0,0,4.31568257442411,1.55133975338263,0.0178986115903776
153,0.00682000482985338,28.9790956,14.2226025642857,0,5.273031175,2,1,0,1001.11050942857,0.000325506075514364,0.0489047062471268,"15",28.90144447625,1.18851609632532,13.1590037578616,3.80712911424772,0,0,3.80207504885268,1.84688737440605,0.0116574952835569
154,0.00672264938481572,28.95600793,9.622230490375,0,4.48659682475,2,1,0,988.0066342875,0.000228150630476705,0.0345268569450115,"15",28.7410892390625,1.20067553131508,11.9189139074286,4.35166104367841,0,0,4.46407411190625,1.69919974222156,0.0074701214484107
155,0.00665523246454904,28.5500914242857,6.334719984,0,5.87374279142857,2,1,0,975.0101378,0.000160733710210025,0.0244479086136709,"15",28.6254083118303,1.1710992535279,12.5720882124643,2.48639773147377,0,0,4.17586232604018,1.45763398162415,0.00596044182012552
156,0.00659976064542443,28.06163138125,13.314687525,0,4.7110782355,2,1,0,962.2322536375,0.000105261891085414,0.0160779092216554,"15",28.6222480561161,0.935489371638381,11.1961905087813,3.36330811188831,0,0,4.12225919807143,1.43521252106749,0.00563635873638111
157,0.00657954703995975,28.0474276957143,13.0101382971429,0,4.49666572371429,2,1,0,949.579240328571,8.50482856207344e-05,0.0130104307940577,"15",28.6567177409821,0.600860909455827,11.284317227875,3.78329980120269,0,0,4.12240402887947,1.43504476926601,0.00480981587279512
158,0.00656406059143722,28.08526310625,12.91521490875,0,4.497111076875,2,1,0,936.8886544875,6.95618370982051e-05,0.0106539308303253,"15",28.8006626313393,0.571842638828223,9.6191316952991,4.01169865302709,0,0,4.128862041,1.43825289355594,0.00307346304390244
159,0.00650702188350342,28.0391383542857,12.0360301185714,0,4.49105108471429,2,1,0,924.218360871429,1.25231291644044e-05,0.00192641048588627,"15",28.7969697354911,0.826764060191266,11.5281636974643,2.81369242306194,0,0,4.06120419716964,2.15516096739876,0.00457341479885793
160,0.00645354714605353,27.92106975,11.586418875,0,6.83711749475,2,1,0,911.5644861,-4.09516082854854e-05,-0.00632554819717157,"15",28.6961500928571,0.961700362597744,13.7095793824911,2.08807183196216,0,0,4.00474336486607,0.518431483037934,0.00545180322885986
161,0.00646069798293789,27.8161055285714,12.4949309557143,0,3.83937978642857,2,1,0,898.987758942857,-3.38007714011249e-05,-0.00521811412990481,"15",28.6407473249553,1.05008786231345,14.0346204263839,1.49570959325081,0,0,4.06629589187054,0.348219513589626,0.00853132777790525
162,0.00649464349939497,27.67503817375,12.7168976975,0,3.860666394625,2,1,0,886.4438930625,1.44745055954965e-07,2.22870842288003e-05,"15",28.6090662702678,1.08247078851649,14.5653935602679,0.273843461193791,0,0,3.69436521742857,0.89749875217133,0.0131930933189041
163,0.00650260816942624,27.5825973885714,14.1938499942857,0,4.49683492428571,2,1,0,873.976361128571,8.10941508722508e-06,0.00124788017246313,"15",28.6368820063839,1.0951334194794,14.2921385333125,1.45675649200927,0,0,3.58036497408929,0.955450972706403,0.0168963781099611
164,0.00650944533725286,27.53300130625,13.9551828775,0,3.35182542425,2,1,0,861.519954625,1.49465829138449e-05,0.002298777841653,"15",28.9110189614643,1.09732802082835,14.9970676091429,0.399845207812693,0,0,3.29780867111429,0.670907106992594,0.0250835819732926
165,0.0065509437532251,27.4934436357143,14.6040542214286,0,2.99664908385714,2,1,0,849.104475414286,5.64449988860851e-05,0.00865365053443057,"15",28.6777314916072,1.04807523272464,15.2034999774553,0.338868265437375,0,0,3.45053046959822,0.712930824578135,0.0270430315215395
166,0.00662828630935,27.50230251875,15.62352986625,0,3.308825267375,2,1,0,836.6700905125,0.000133787555010985,0.0203908222026072,"15",28.7899362832857,0.874947680809326,15.48473393875,1.09717722156877,0,0,3.59642502194286,0.819294869014019,0.0279613994111727
167,0.00670319052072674,27.55425303,16.0166698128571,0,4.49066086742857,2,1,0,824.251631385714,0.000208691766387725,0.0316281366323308,"15",28.8467920745,0.779495418017445,15.18057155525,0.863693088148469,0,0,3.59772368392857,0.821087006892372,0.026644877417257
168,0.0067246863681114,27.6883036575,16.5179335375,0,4.49740664675,2,1,0,811.7686594125,0.000230187613772385,0.0348298140985159,"15",28.8806439093214,0.684506278334225,14.6955440490714,0.928713781875451,0,0,3.59820352054286,0.821727382212139,0.022644359132845
169,0.00670007091788055,27.8475668314286,15.6495980214286,0,4.497167225,2,1,0,799.237013914286,0.000205572163541535,0.0311626375640248,"15",28.82622150125,0.690777794250095,14.7457361175,0.595516349971319,0,0,4.03345793834375,1.28346292959836,0.0157796106039804
170,0.00662796853391957,27.95010945,14.9246057375,0,4.497111076875,2,1,0,786.6231405625,0.000133469779580554,0.0203428787329836,"15",28.8070725653571,0.640197967728573,14.6604088953572,1.19589772902351,0,0,3.94129976228572,1.13455628208825,0.0067855187567651
171,0.00652975590748424,27.9492585514286,15.7147068,0,4.49510561242857,2,1,0,774.000594985714,3.52571531452243e-05,0.00541408927294107,"15",28.776754439375,0.620836822392204,15.0079214453125,1.25530169630155,0,0,3.9725355123125,1.18316137975432,-0.00147033148429268
172,0.00642738045406141,27.91703339875,15.68662977125,0,5.39494339525,2,1,0,761.3847923,-6.71183002776054e-05,-0.0103884120517526,"15",28.7806284859643,0.474192246398734,14.7090436457143,0.678490544296575,0,0,4.23963198705714,1.33049081095418,-0.0165890418823834
173,0.00632487633339577,28.03570188,14.6649574585714,0,6.20555638028571,2,1,0,748.762335285714,-0.000169622420943245,-0.0264649902596474,"15",28.8327336301071,0.435807294199966,15.0851934052857,0.713361741112812,0,0,3.90839487985,0.805590933454697,-0.0200875265760191
174,0.0062253205668024,28.16194815125,15.47763695875,0,4.495329610125,2,1,0,736.0618919625,-0.000269178187536616,-0.0423305346970073,"15",28.9046585902857,0.399567949183341,15.0126039082143,1.30141462543371,0,0,4.17672973488929,0.660377120703072,-0.0220161003265888
175,0.00614608415309737,28.2960324814286,16.6957523271429,0,4.497167225,2,1,0,723.3231955,-0.000348414601241645,-0.0551403162392567,"15",28.9425176243929,0.305642481304509,15.03482213,0.847676684097069,0,0,3.894950680725,0.824580096490827,-0.0238862952472956
176,0.00613994753697456,28.45991844625,16.1927220575,0,4.497111076875,2,1,0,710.4968599125,-0.000354551217364455,-0.0561392745177374,"15",28.9616583639643,0.236460412923865,15.1700537653928,0.9178624453589,0,0,3.89746613983214,0.821148911276166,-0.024601443934649
177,0.00611318262759154,28.6107582371429,15.7350781,0,4.497167225,2,1,0,697.617754571429,-0.000381316126747475,-0.0605079462211604,"15",28.9761407643929,0.221907564829777,15.1593694715714,0.776272903678372,0,0,3.89750749615,0.821066645125372,-0.0342224475457609
178,0.00613791450116721,28.7604471525,15.55301210875,0,4.497111076875,2,1,0,684.6473629,-0.000356584253171806,-0.0564704454962834,"15",28.99655835025,0.255489260164718,15.0310937218214,0.878947078121027,0,0,3.89753369863214,0.821056393894564,-0.0361807195735304
179,0.00622625287878699,28.90975593,15.8629878514286,0,4.497167225,2,1,0,671.635165614286,-0.000268245875552025,-0.0421807846312126,"15",28.96745782125,0.282324433485963,14.5924540787053,0.405073785390537,0,0,3.74760660096875,0.865485639285238,-0.0381279252396421
180,0.00632619767641432,29.098429185,15.08644090375,0,4.497111076875,2,1,0,658.5234303875,-0.000168301077924695,-0.0262561000102597,"15",28.9978622799107,0.298313791699974,13.5926085278661,1.19633531543623,0,0,3.74775069246875,0.8653192809734,-0.0391944243640231
181,0.00642763713324214,29.2453065942857,15.16777384,0,4.497167225,2,1,0,645.358702828571,-6.6861621096875e-05,-0.0103484775786908,"15",28.9779232213393,0.335081324818485,13.1998696768839,2.12162082439677,0,0,3.694325007875,0.931084246113436,-0.0401081816396525
182,0.00652731333184422,29.3469259225,13.93714748375,0,4.497111076875,2,1,0,632.1108087375,3.2814577505205e-05,0.00503995085239239,"15",28.8869988950357,0.283328165608716,13.4909970815714,1.17980242456173,0,0,3.59841992028929,1.34003788253488,-0.0278318908029127
183,0.00661715498782476,29.3235792328571,13.8799112585714,0,4.49826793985714,2,1,0,618.864029114286,0.000122656233485744,0.018710044080092,"15",28.8403849611786,0.25518324730516,13.1925165897857,0.671130535685321,0,0,3.480253233525,1.2660350665855,-0.0243270102947272
184,0.00663113556666087,29.2787831775,13.37503533875,0,3.910078858125,2,1,0,605.6184166,0.000136636812321855,0.0208205931742818,"15",28.8078961252143,0.244584818589566,13.6533887839286,0.880490676856444,0,0,3.29661458871786,1.25660257177329,-0.0204326253240829
185,0.00655385316799615,29.2391544885714,13.2627654971429,0,2.99841118371429,2,1,0,592.409626371429,5.93544136571348e-05,0.00909767340513046,"15",28.7487689110714,0.257761502213178,14.9596824281786,0.864276149152432,0,0,3.6070532771,0.812889913263186,-0.0181300285931351
186,0.00646636745580235,29.18409919375,15.21526838125,0,2.99021075225,2,1,0,579.2097162,-2.81312985366657e-05,-0.00434096638634074,"15",28.7675682402857,0.260906701233426,14.6104034687143,0.350257798826833,0,0,4.60883007743214,1.26741727468153,-0.0179428305262327
187,0.00640848553752772,29.1833995928571,14.84432304,0,6.55642866228571,2,1,0,566.034922342857,-8.60132168112957e-05,-0.0133324954349074,"15",28.8812544781429,0.186974905155212,13.3654951666393,1.31812095563656,0,0,4.423012458875,1.06632301519885,-0.0198251345467403
188,0.00643175685170002,29.2043446725,14.61013789375,0,5.981077147625,2,1,0,552.8402302375,-6.27419026389955e-05,-0.00970774465775026,"15",28.9984640472857,0.180654876443827,13.1199575060857,3.21735029435002,0,0,3.80291100660357,1.41335823629319,-0.0223707429400933
189,0.00651644842103056,29.1961285371429,14.5169422257143,0,5.27306353828571,2,1,0,539.661823857143,2.19496666915443e-05,0.00337403370890588,"15",29.0369496174286,0.240833635620168,14.0914360846071,1.27663621139145,0,0,3.523242576625,1.48417682517918,-0.0253603797561423
190,0.00661056832201302,29.19328736,14.40720691125,0,4.4971775135,2,1,0,526.468226475,0.000116069567674005,0.0177141559590215,"15",29.068472707,0.276148606051156,14.2187770632857,1.06437678787464,0,0,4.29783998674643,0.767852265284872,-0.0280934130243456
191,0.00668993499663845,29.20340678,12.4878664114286,0,5.05689170328571,2,1,0,513.285137057143,0.000195436242299435,0.029648684083881,"15",29.0668883409643,0.305273047768112,13.6653956618607,1.90671469670604,0,0,4.2867030274,1.16298654091438,-0.0291019406834257
192,0.0066715254591092,29.07816975875,10.342682546625,0,6.002088033125,2,1,0,500.1063150875,0.000177026704770184,0.026893064821456,"15",29.03202302675,0.361314974363971,14.0422058077143,1.04070999470786,0,0,3.98845621174643,0.92255132132998,-0.0294039503287093
193,0.00658784048284544,28.8515228528571,12.3845890214286,0,4.95109607157143,2,1,0,487.035639028571,9.33417285064247e-05,0.0142701254513389,"15",28.9983541018571,0.435436457436718,14.3029687001071,1.33321502564203,0,0,3.8973148711,0.82089090297383,-0.0303406269206125
194,0.00651797784288175,28.68380833,12.2308711525,0,4.496147951625,2,1,0,474.0362464,2.34790885427346e-05,0.0036087079176168,"15",28.9955873739286,0.470083641097002,14.4018995896786,0.950628471447289,0,0,3.89753369863214,0.821056393894564,-0.0325955899593839
195,0.00653080209959641,28.5754080071429,12.9819475942857,0,4.497167225,2,1,0,461.112861285714,3.63033452573944e-05,0.00557429561294853,"15",28.9876603945,0.473570941635528,14.5298711762143,0.762240156709419,0,0,3.897532876725,0.821089814788101,-0.0351924530783595
196,0.00656667933224148,28.48051331625,14.74460196875,0,4.497225408,2,1,0,448.2129326875,7.21805779024644e-05,0.0110528026097239,"15",28.9816194756071,0.431933127344509,14.6184796499286,1.19107994241675,0,0,3.94334289789643,0.868924151707578,-0.0371703314153578
197,0.0065581127619132,28.4619163357143,15.9728810314286,0,4.74044585142857,2,1,0,435.292757914286,6.36140075741844e-05,0.00974739962081728,"15",28.9927507737143,0.33334439252722,14.4515904672857,1.11198741911882,0,0,4.71333969872857,1.81764537005995,-0.0382343152331044
198,0.00648203992284441,28.599692865,15.48105841,0,6.006831739875,2,1,0,422.354513575,-1.24588314946057e-05,-0.00192020930090919,"15",28.9916850587143,0.268719692245806,14.1828564753572,0.767047960793507,0,0,4.46118079615357,1.67253843745013,-0.0413915910503822
199,0.00639227121942525,28.64948197,13.8707917171429,0,4.61726126514286,2,1,0,409.411265885714,-0.000102227534913765,-0.0158658341786531,"15",28.9488381705357,0.253819564678484,14.5739173131697,1.36836816934945,0,0,3.77969669849553,0.89510477684071,-0.0482193915202558
200,0.00633855841663627,28.6248771325,16.038948275,0,4.496270291375,2,1,0,396.4724804125,-0.000155940337702745,-0.0243041091687868,"15",28.962119768125,0.196984094517141,14.5558153988393,1.81935014622232,0,0,3.46384718026339,1.27936886407707,-0.0550458449829378
201,0.00637335308558454,28.6838653628571,16.3764563514286,0,4.497167225,2,1,0,383.538234014286,-0.000121145668754475,-0.0188297546171174,"15",28.9384807212946,0.116864656950174,15.3567930570089,0.15377868006906,0,0,3.745938416875,0.867416169956465,-0.0563479205198782
202,0.00646241410169619,28.8108195375,15.5753805075,0,4.497111076875,2,1,0,370.5446381375,-3.20846526428251e-05,-0.00495252504724597,"15",28.9340612642857,0.135740953474989,15.1197985854464,1.31556536731316,0,0,3.74762531704018,0.865464027827489,-0.0519862439519638
203,0.0065623887808395,28.9565197928571,16.3668347271429,0,4.497167225,2,1,0,357.506831471429,6.78900265004851e-05,0.0103992068704981,"15",28.9692968278125,0.16439484586265,14.283882699375,0.86862692838123,0,0,3.74760660096875,0.865485639285238,-0.0446534218487221
204,0.00666389650025398,29.075499915,15.15102281125,0,4.497111076875,2,1,0,344.3905871,0.000169397745914964,0.0257489001154099,"15",29.0006790400893,0.160996499074256,13.5466728627232,0.229007937978935,0,0,3.74735013839732,0.865146383696538,-0.034626695581981
205,0.00676350887307047,29.1146558957143,13.71727692,0,4.49606651042857,2,1,0,331.249173585714,0.000269010118731454,0.0405863457762399,"15",28.9960672135714,0.150140845661161,14.1337349294196,0.355607419001593,0,0,3.929560628,1.11586830946642,-0.0219163242622958
206,0.006849299069349,28.9981436375,14.60869703875,0,5.224927185,2,1,0,318.1121792,0.000354800315009985,0.0531908475356762,"15",29.0164101411161,0.13209177847832,14.1342846941875,0.703647150827435,0,0,4.1227809198259,1.43591358100675,-0.00873668798802019
207,0.00686154683241164,28.8932648342857,14.9850056728571,0,5.99778963614286,2,1,0,305.0439591,0.000367048078072625,0.0549774282075779,"15",29.1433279649107,0.27704038077143,12.3417522318795,3.50285902354395,0,0,3.54772758584375,0.713707197634914,0.00150787647483478
208,0.00680535097553303,28.86780810375,15.25828511875,0,3.697595016375,2,1,0,291.9933972,0.000310852221194015,0.0467537371327156,"15",29.2689986344643,0.454081650086024,11.6414598193572,4.63467189769962,0,0,3.38886558911161,0.739464960795079,0.00573245924894857
209,0.00672290555264649,28.9243373685714,14.4075038971429,0,3.06276580742857,2,1,0,278.941382628571,0.000228406798307474,0.0345649614082602,"15",29.3159662164286,0.547988269714318,13.3790607984911,0.986447491650419,0,0,3.5233746075,1.19230621743927,0.00412970522364691
210,0.00665095536182404,28.948670915,12.25939161375,0,4.5115635335,2,1,0,265.8623267125,0.000156456607485025,0.0238050343563962,"15",29.3017252492857,0.635730024542102,13.5449368328125,1.4653472840278,0,0,3.25923637221875,1.63706164676976,0.000774458924361454
211,0.00661647702603825,28.84704694,11.4105957371429,0,4.49747265585714,2,1,0,252.803408542857,0.000121978271699234,0.0186075836555997,"15",29.3101830248214,0.774986375566229,13.4691532706071,1.68986518135552,0,0,3.62981365628125,1.0198064324247,-0.00278002311458526
212,0.00662627305414765,28.6822116275,13.69215058625,0,4.497111076875,2,1,0,239.8099190875,0.000131774299808635,0.0200870391597698,"15",29.3332652215178,0.919157162910746,12.3701452635937,3.42785868217428,0,0,3.74718626041518,0.864833753799149,-0.00789668895425086
213,0.00668536875367298,28.6093019185714,15.6630880028571,0,4.497167225,2,1,0,226.874838728571,0.000190869999333964,0.0289658968874438,"15",29.2851541333929,1.04102834686152,12.663700363125,2.66650611319631,0,0,3.441884640875,0.871944699145236,-0.0111742734206852
214,0.00677851978321739,28.60703190875,14.709911145,0,4.497111076875,2,1,0,213.9483710625,0.000284021028878374,0.0428032833495093,"15",29.2137633519643,1.15742356919124,11.8324557325268,3.37233629226103,0,0,3.92392172690179,2.46152017815851,-0.00738243390764964
215,0.00686701868103597,28.6252887728571,10.9105799777143,0,4.497167225,2,1,0,201.022684671429,0.000372519926696954,0.0557745761439756,"15",29.0219498352679,1.26428447395601,12.9856852677545,3.17416449673508,0,0,4.13932626597321,1.6309014126572,0.00202688014794994
216,0.00692325316930955,28.36658711,12.602695066625,0,4.497225408,2,1,0,188.1432918375,0.000428754414970534,0.0639302963175341,"15",28.8449373622768,1.2086707361886,13.5116804511428,3.49047622301243,0,0,4.473554886875,1.22767296193544,0.00327015482023381
217,0.00699947219534736,28.2363394814286,13.4048322128571,0,4.74010805728571,2,1,0,175.3709071,0.000504973441008345,0.074879271374285,"15",28.8117932919643,1.1371932295917,12.7177665467545,4.0791443258529,0,0,4.62552123989286,1.62867563993713,0.0142796145434262
218,0.0070523502976099,28.19505033875,12.41706516875,0,5.996092162,2,1,0,162.6249072125,0.000557851543270885,0.0824054625336865,"15",29.0899407472143,1.23910545021493,11.4587475164178,5.99892039424124,0,0,3.93185541785714,1.82725114972881,0.0336952529082635
219,0.00703566033709502,28.0588444228571,6.18740546828571,0,5.43649848857143,2,1,0,149.912711,0.000541161582756005,0.0800360764622514,"15",28.9329705880714,1.43953131630897,9.57107590316071,6.94328347152915,0,0,3.54164838306786,1.36121813342545,0.0439795705501719
220,0.00697324167817573,27.48526522,1.96971004925,0,4.493094565375,2,1,0,137.35346105,0.000478742923836714,0.0711247326573341,"15",28.3778387312946,1.81886003450257,10.5191987097991,6.59501694451864,0,0,3.56481886448214,1.41982131204813,0.0523898563339072
221,0.00688418831457105,26.6919092085714,1.98686880771429,0,4.497167225,2,1,0,125.115828814286,0.000389689560232035,0.0582717594404274,"15",27.5950591648214,1.839991996031,11.1425872174464,7.10524705023091,0,0,4.02563885485714,0.647862974415955,0.0512142336278729
222,0.00678534496018396,25.92001928375,7.619458431125,0,4.497111076875,0.5,0.25,0,113.2373042125,0.000290846205844944,0.0438096598610853,"15",27.1355827202857,1.8995195346507,10.4026074863643,8.25150198617485,0,0,4.47619221030714,1.02387574044928,0.0544117735811019
223,0.00668900126818172,25.5360291214286,10.28886085,0,4.497167225,0,0,0,101.630167014286,0.000194502513842705,0.0295091022179079,"15",26.8354057676191,1.88328596393909,13.2307260115298,9.58153208244022,0,0,4.02712543599405,1.45367321711112,0.0582491803524277
224,0.0066269262268903,25.31666578625,12.18972942875,0,4.497111076875,0,0,0,90.141549375,0.000132427472551285,0.0201856074706317,"15",25.9756554882738,1.7133012600974,12.8878477510238,10.3627327324678,0.000202081238095238,0.000494995919923212,3.62225002164286,1.36642607981554,0.0514769660747502
225,0.0066636156409159,25.1804564028571,7.60811027,0.00121248742857143,4.497167225,0,0,0,78.7370324257143,0.000169116886576884,0.0257067528142585,"15",24.9032384331072,1.53438183619055,10.2593145082857,11.7552628533566,0.30612648545,0.684418270738644,4.01067217599643,1.08409771645906,0.0393418308776644
226,0.00670154313144169,24.844613215,1.770928945375,1.530451100125,4.497111076875,0,0,0,67.4228724025,0.000207044377102675,0.0313823444649506,"15",23.9792627355357,1.12866088803928,10.027943665925,11.5512864650553,2.313632488425,4.63989825437015,5.01902008364286,0.726993957338843,0.034246679461461
227,0.00665852827681326,23.9120970357143,1.50857318214286,10.5782582872857,4.49117971628571,0,0,0,56.3828883185714,0.000164029522474245,0.0249430072332215,"15",22.8903867845238,0.725559146942028,12.7417303215208,12.208969477562,4.79672217734821,7.1520841338013,10.1635699480179,4.48326241736679,0.0297110500065681
228,0.00666050144712688,22.48363280875,1.41228920075,15.72208359875,12.0316558225,0,0,0,45.8944008225,0.000166002692787865,0.0252393006328644,"15",21.6250968337798,0.688028750177266,12.7820087460982,12.1533657091087,7.21186732603275,8.01757585195846,24.3890317174226,16.8813770967556,0.0251359733871148
229,0.00673838225926706,21.1947657057143,1.41347241785714,16.3158047371429,47.5160291871429,0,0,0,36.0499465185714,0.000243883504928045,0.0368644016143094,"15",20.1845433455952,0.848964707637768,12.9168387919732,12.1271489271441,8.31646164294643,9.34469236390614,36.8353632824107,17.6454057559629,0.0346981616962299
230,0.00681878240220381,19.75887595125,1.666931290375,20.42674747875,54.88220280125,0,0,0,26.8618706875,0.000324283647864795,0.0487254487201758,"15",18.0263880009439,1.65310833954815,15.5344019575408,12.8687697142242,7.73481074882653,10.0800021895943,26.9447471552041,14.9252348603711,0.0352977263451547
231,0.00682172473448332,17.9299800257143,1.544899836,23.8575395528571,10.2021828767143,0,0,0,18.6136619157143,0.000327225980144305,0.0491568597010899,"15",15.3538294877679,2.38714350595611,13.9479851442879,13.1607957744846,11.0781970945982,12.5579765132664,-15.5039935707321,52.1275548638263,0.0319854880375671
232,0.00673473850351951,15.27659610625,1.457677719625,27.2066525625,-37.77923601875,0,0,0,11.424382951375,0.000240239749180494,0.0363235089961176,"15",11.7934972058133,3.17710932201895,13.8979229990584,11.7492467931018,8.3943856800487,10.6094790500285,-161.289965767218,173.749017711756,0.0328521153833243
233,0.00663410946394161,12.39755131,1.43674359014286,28.0523872328571,-129.959600358571,0,0,0,5.29231884457143,0.000139610709602595,0.0212689674453737,"15",6.21186914423308,5.24713054643167,10.0719928691748,9.55943179536817,12.2226334986588,14.9407126310014,-125.217823028228,218.859725603001,0.0276970847611671
234,0.00653024878696968,9.838043008875,1.44616525325,22.11979684125,-307.9840392,0,0,0,0.37063954125,3.57500326306649e-05,0.00548956849207727,"15",5.22263932661012,4.63094128640043,8.0058739764871,8.43002576007799,14.5722232194772,15.0341704716881,-109.932718395037,218.521096556135,0.0330690052042445
235,0.0064254123139587,8.447932286,2.07036585557143,9.770101325,-470.934471914286,0,0,0,-3.22910062228571,-6.9086440380315e-05,-0.0106946707961342,"15",5.08145447969012,4.7710462239495,5.99963146844538,7.10651410075432,16.7645845353067,14.4404376190787,-78.677324912728,190.617948811378,0.0273846357231171
236,0.0063205702463513,7.8926578495,12.51401456775,0.035863965375,-528.878489175,0,0,0,-4.87600446825,-0.000173928507987716,-0.0271460396975849,"15",4.5407547818471,4.23088358900887,4.58581404275447,6.40766897304991,17.1480948445279,14.1007549135662,-57.5433359620134,143.34741855309,0.0223361441216574
237,0.00621661469994973,7.89743859771429,17.70794977,0,-518.734054914286,0,0,0,-4.32550730571429,-0.000277884054389286,-0.0437299742450987,"15",4.45491188361942,4.14160744902495,5.26241274734598,6.64835975792716,16.458145061221,14.6760565666711,-67.0401324845581,168.707509865493,0.0248102533126195
238,0.00611526685536964,9.00395482125,22.146576585,0,-431.5363907875,0,0,0,-1.662605239875,-0.000379231898969375,-0.0601670644491747,"15",5.42550913574906,4.6148470681764,6.59702593706015,7.63824503351318,15.5141072855376,14.2140066570055,-101.033516712009,200.940794683182,0.0299532734056193
239,0.00602222327709377,11.0569880928571,25.02490328,0,-199.485371624286,0,0,0,2.58732904542857,-0.000472275477245245,-0.0754989655826828,"15",6.21601479026531,5.09099018561925,8.1708040978784,8.8127735890374,14.2452486096794,14.3344727994192,-113.481165290936,208.438833486368,0.0212473316146765
240,0.00598749973160766,13.7297683625,25.97459756125,0,-16.047041151875,0,0,0,8.09070921025,-0.000506999022731355,-0.0812815538473322,"15",10.4211728275673,3.04552454123331,13.4929368083599,10.2901497365834,7.55569584785852,10.7992675399423,-216.541679434602,210.015674102405,0.0381328341511802
241,0.00605319463674137,16.4816138671429,26.6798307357143,0,22.7146457454286,0,0,0,14.8103016985714,-0.000441304117597645,-0.0703693001302312,"15",13.4722945507303,2.71899932333588,13.5552123877982,12.6309056812262,10.9774793718036,12.2039602301944,-77.8774762714571,109.969904914985,0.0312966218071397
242,0.0061494638762227,18.949159905,24.8714156425,0,30.0554225425,0,0,0,22.79399930125,-0.000345034878116315,-0.054590568778238,"15",16.7028008972322,1.80298283315738,13.8906911689263,13.0755539157831,10.5538411345982,11.8134807268624,7.43846728166295,22.7017127401684,0.031013875561594
243,0.00625051937588894,20.9625144342857,24.4428295214286,0,21.0147860357143,0,0,0,31.7904174057143,-0.000243979378450075,-0.0382909120237986,"15",19.1345827829592,0.926339994070819,11.3705102322883,12.0069902863966,10.6529175315051,10.4186467061368,30.8918871723622,18.6098295945425,0.0313098644266114
244,0.00635279001191078,22.732929465,24.41604950625,0,14.658320528,0,0,0,41.6619612375,-0.000141708742428235,-0.0220613843558084,"15",20.7457446659226,0.72349757417794,12.4623170964077,11.835088306537,8.60490413288692,9.60010647044957,31.0307767099345,20.0112402761262,0.031514367789941
245,0.0064542489892206,24.2900181,23.2869334228571,0,7.49028953828571,0,0,0,52.2715398542857,-4.02497651184157e-05,-0.00621680102615496,"15",22.3256181162857,0.585460065424673,14.8484420687821,12.1284070608631,5.558122047275,7.71961210857006,10.8284865183786,4.58765204058106,0.0416332111920258
246,0.00655074668576127,25.68616377375,21.60956261,0,5.634277501125,0,0,0,63.561381555,5.6247931422255e-05,0.00862356778110129,"15",23.8328571969197,0.715512087198071,12.5354553637143,12.6554090193756,2.89199527875,5.14537180059188,5.61365923378125,1.43239614951918,0.0465316252473033
247,0.00661180444699848,26.9330168571429,21.3564971557143,0,2.07138430385714,0,0,0,75.44397624,0.000117305692659464,0.017901130716421,"15",24.88670664625,1.22679462822161,12.4588532518214,12.4640155464504,0.3826581068125,0.765195333649311,4.7797717130625,0.569676636850634,0.0520745630554563
248,0.00656879626920043,28.0353726325,21.109412885,0,1.6609897855,0,0,0,87.87710872625,7.42975148614149e-05,0.0113751262178337,"15",25.5637120594286,1.54807011971305,11.2435347242286,10.674949514168,0.000242497485714286,0.000542240862429928,4.01450206887143,1.08624940751999,0.0474667820890586
249,0.00654143383975706,28.7770803142857,20.3312525714286,0,5.89216792828571,0,0,0,100.720535327143,4.69350854180447e-05,0.00720090981904153,"15",26.4470708582857,1.81725824084265,11.81062069955,9.98158069046133,0,0,3.65411693753571,1.26409739666953,0.0531443532990891
250,0.00654994318346323,29.4165672375,20.51696476375,0,3.39465186525,1.5,0.5,0,113.8680618375,5.54444291242144e-05,0.00850090213603938,"15",27.2114505498929,1.82604753677183,11.5694334017607,7.05390236262039,0,0,4.47618098068214,1.02387545319595,0.0555897862166593
251,0.00654359918031447,30.0006936928571,15.1991364788571,0,1.49843540242857,3,1,0,127.293100642857,4.91004259754544e-05,0.0075318742943713,"15",27.6805754845357,1.77133779596257,10.9847872554893,7.34232316618709,0,0,4.02565008448214,0.647873190053608,0.0504300640931446
252,0.00649104833254301,30.02823091875,3.709167878875,0,1.498878136375,3,1,0,140.8734742,-3.45042179600557e-06,-0.000531424945130254,"15",28.5761777341518,1.60434110593619,10.514909020183,6.60241810976764,0,0,3.56380069957589,1.41893103418347,0.042249271444837
253,0.00642112812678737,29.6887304114286,5.92571066985714,0,1.50144187657143,3,1,0,154.370288328571,-7.33706275516458e-05,-0.0113616499386069,"15",28.834489398616,1.41213659276426,8.96551464339731,5.80084985689198,0,0,3.72103023991518,1.81816159145651,0.0414853695112284
254,0.00636500451530592,29.20741310125,9.574322321875,0,2.7841528915,3,1,0,167.6768423,-0.000129494239033095,-0.0201405313442979,"15",28.8924308969196,1.27347654458409,11.6146511709955,5.34024169424814,0,0,4.30530562489286,2.1542134207101,0.0290447896786137
255,0.00629617533373781,28.8175840557143,10.2420363674286,0,3.06449052085714,3,1,0,180.777900257143,-0.000198323420601205,-0.0310131134168055,"15",28.9052581278125,1.26969190117605,12.9172062635402,3.99813583556446,0,0,4.40333963205357,1.33776486705091,0.017155869157308
256,0.00620008677765238,28.55724693875,14.71232404875,0,2.7625461325,3,1,0,193.7280304875,-0.000294411976686636,-0.0463921839829355,"15",28.9690254489286,1.36098781879052,12.7009088578884,2.37747676245658,0,0,4.13961632890179,1.4179128048471,0.00588721075895577
257,0.00609858833434793,28.4204312728571,16.3198204742857,0,1.19079189071429,3,1,0,206.592069714286,-0.000395910419991085,-0.0628981482644599,"15",29.0909872318304,1.23425809723485,11.5519914868661,2.49513684754782,0,0,4.13883883344643,1.63133783587228,-0.0047087613155516
258,0.00599909359407356,28.54540903625,15.08487157125,0,2.510286417625,3,1,0,219.454980975,-0.000495405160265455,-0.0793470816294182,"15",29.1728508291518,1.08889786167469,12.6190098741964,3.62510795455334,0,0,3.92389833183482,2.46152051258376,-0.010591087538775
259,0.00591091421441041,28.6766079114286,14.99541235,0,2.99832572914286,3,1,0,232.382729057143,-0.000583584539928605,-0.0941549626781484,"15",29.5452005323928,1.07176620450037,12.1966728059,2.99426751086328,0,0,3.35314123895357,0.780791078782814,-0.0221522156455554
260,0.00590383963713361,28.72640526875,14.74183709125,0,2.52690227225,3,1,0,245.3468250875,-0.000590659117205405,-0.0953525463250822,"15",29.35149264875,0.900549578914049,11.877410909442,2.89733918442949,0,0,3.74717222338393,0.864817523613227,-0.0236675218809087
261,0.00598529872747813,28.7597340985714,14.2841108914286,0,1.044250273,3,1,0,258.328172385714,-0.000509200026860885,-0.0816492212936826,"15",29.3513918529464,0.733749715295344,12.8987645583304,1.95392691580321,0,0,3.62990405102679,1.01990894527175,-0.0186768005655666
262,0.00608179847648532,28.84400116375,14.25371465,0,2.0866936205,3,1,0,271.3369624125,-0.000412700277853695,-0.0656550177270994,"15",29.3271312430357,0.613131615088262,13.7571358019643,1.05811608940559,0,0,3.26275909162947,1.64062560146321,-0.016201968143145
263,0.00617918904784009,28.9175497371429,13.4588863242857,0,2.997473989,3,1,0,284.382110657143,-0.000315309706498925,-0.0497684314501434,"15",29.3098828298214,0.553531907206038,13.9160888693393,0.723343046725911,0,0,3.16117517598214,0.99593703765178,-0.0151798907152071
264,0.00626743690873769,28.9638511925,13.00559311,0,2.998074051,3,1,0,297.45022905,-0.000227061845601326,-0.0355879879212582,"15",29.2548663182589,0.46901812300349,11.8541551247589,4.81975168904978,0,0,3.54757289134821,0.713826786936153,-0.0167041578803532
265,0.00628491936655087,29.0204204071429,13.8667879628571,0,2.99811148314286,3,1,0,310.551198242857,-0.000209579387788145,-0.0328024600959926,"15",29.1496921475446,0.268770336815349,12.2734323704063,3.42889769827106,0,0,4.12277624078571,1.43593800623463,-0.0236407757750524
266,0.00621171034335875,29.0558508125,13.75724893875,0,2.998074051,3,1,0,323.6643777625,-0.000282788410980265,-0.0445191967267338,"15",29.0426298419196,0.107647142002299,14.0402075356607,0.563115376189024,0,0,3.92956530704018,1.11583795834265,-0.0350587259073867
267,0.00614840131340492,29.0755160314286,13.2088336571429,0,2.99811148314286,3,1,0,336.798477242857,-0.000346097440934096,-0.0547633732100259,"15",29.025195278125,0.161546699156466,13.9108798997321,0.207011046910626,0,0,3.74734545935714,0.865184215319155,-0.0471426725339174
268,0.00610100126261268,29.06272749375,13.1935143,0,2.998074051,3,1,0,349.9278421875,-0.000393497491726335,-0.062502572948179,"15",28.9908900449107,0.152734802997785,13.9051093355357,0.854060907231172,0,0,3.74761128000893,0.865447818956391,-0.0570911215313963
269,0.00605420368056712,29.0350963428571,13.6229040714286,0,2.99811148314286,3,1,0,363.046812528571,-0.000440295073771895,-0.0702026179438562,"15",28.9395517972768,0.148797497253173,14.5878356783482,1.35163428791224,0,0,3.747620638,0.865501847549231,-0.0646035771164316
270,0.00599472720298296,29.03676791375,15.25245860125,0,2.991401314625,3,1,0,376.1637862875,-0.000499771551356055,-0.0800751884245043,"15",28.8976362004464,0.146803514903022,14.9219350305357,1.10875192755617,0,0,3.74761128000893,0.865447818956391,-0.0694657970502386
271,0.00594455283087942,29.0984164871429,15.2399960057143,0,1.86388290128571,3,1,0,389.2959496,-0.000549945923459596,-0.0884801620066913,"15",28.9067421776339,0.168794062318416,15.5570620179911,0.54846627999494,0,0,3.74595245390625,0.867432378141202,-0.0704685805628537
272,0.0059504270893472,29.13523024625,14.66620009375,0,3.01312476175,3,1,0,402.44306025,-0.000544071664991815,-0.0874924749511514,"15",28.9473727105357,0.224978057359937,14.4714383797321,1.71139091466243,0,0,3.46362294685714,1.27912744159056,-0.0666654238999849
273,0.00602284697108744,29.1838594657143,14.7644436914286,0,2.998416914,3,1,0,415.616800657143,-0.000471651783251576,-0.0753954055417667,"15",28.9549893799107,0.243437291971756,14.0318781737054,0.964389013916415,0,0,3.8099444419375,0.92880113944927,-0.060051634216539
274,0.00612231750937569,29.2543130825,14.889535505,0,2.998074051,3,1,0,428.8086393375,-0.000372181244963326,-0.0590147692803216,"15",28.9356228103571,0.306804966591758,14.4171659845536,1.04384270688136,0,0,4.77103919141071,2.09345209631709,-0.0548417397693349
275,0.00622622251202732,29.36352432,14.4422151857143,0,2.99811148314286,3,1,0,442.052821314286,-0.000268276242311695,-0.0421856618557372,"15",28.9045983485714,0.406008179458794,14.5809556313393,1.42980023372472,0,0,3.80487899414286,0.93753153301395,-0.0527137978120973
276,0.00633163560085128,29.44006080625,15.22820297,0,2.998074051,3,1,0,455.3296184125,-0.000162863153487736,-0.0253968811271426,"15",28.920601765,0.463103266406779,14.2453409638839,1.0375319918089,0,0,3.74764300572768,0.865484453657942,-0.0510054623444226
277,0.00643752170655826,29.4806434071429,14.7902244828571,0,2.99811148314286,3,1,0,468.640827928571,-5.69770477807556e-05,-0.00881183504974103,"15",28.8344562425,0.484383393137667,14.2853206631071,1.14431138628619,0,0,3.59771880702857,0.821080313201018,-0.0346075485188651
278,0.0065432124563411,29.47015898625,14.928461035,0,2.998074051,3,1,0,481.9515156875,4.87137020020846e-05,0.00747277296727855,"15",28.84471691575,0.488269181559258,14.5635095651071,1.43831135567431,0,0,3.59751120915714,0.820779033385773,-0.029538252195113
279,0.00664756185867368,29.4544642814286,14.1968989885714,0,2.99811148314286,3,1,0,495.258789057143,0.000153063104334664,0.0232946762289883,"15",28.8875329062143,0.447767330430196,14.5201141065,1.34230139780523,0,0,3.68864132014286,0.958796134636054,-0.0254764289357189
280,0.00674102028535723,29.43674709875,14.10778643,0,2.998074051,3,1,0,508.5557387625,0.000246521531018215,0.0372558174913822,"15",28.9564806880714,0.398091089673467,13.8428648301464,2.02526356099222,0,0,3.98703610925714,1.28213341595622,-0.022444452696566
281,0.00681531563282763,29.4107364542857,14.2459853885714,0,3.00043589128571,3,1,0,521.850647485714,0.000320816878488615,0.0482169047165852,"15",28.9951490878929,0.360305536537032,14.3357787508214,1.15925471168659,0,0,4.08576035351428,0.842229543329365,-0.0204452211611563
282,0.00690631319512354,29.352876875,11.8888048925,0,1.141135473375,3,1,0,535.1231576875,0.000411814440784524,0.061480475120411,"15",29.0798438423214,0.289608149324553,14.5893559737054,0.434439709323768,0,0,3.74458651900893,0.869005981652709,-0.0186324565689428
283,0.00698961278377364,29.1872211485714,7.40389296828571,0,1.74940714042857,3,1,0,548.35642,0.000495114029434625,0.0734696848173408,"15",29.0713502594643,0.247269270150015,13.9990986249107,1.43972930497442,0,0,3.47729307227232,1.82139827084324,-0.0181255970169225
284,0.00698413971725218,28.74226574625,11.46720151725,0,4.141632793875,3,1,0,561.4401644625,0.000489640962913165,0.072686349528901,"15",29.0098399868304,0.218467968295648,12.1589175789152,3.29046418996425,0,0,3.80641735398214,1.83402226004941,-0.0158986979445484
285,0.00689893342420271,28.5132793757143,14.8049643157143,0,4.49533193985714,3,1,0,574.366725557143,0.000404434669863694,0.0604113494871852,"15",28.8315362579911,0.252438868188568,13.8409802125268,1.62243662549174,0,0,4.54833504107589,1.48365067029432,-0.0149993548438379
286,0.0067997642845083,28.55118805375,14.0489679225,0,3.052703280375,3,1,0,587.2453111875,0.000305265530169285,0.0459324737843607,"15",28.7496494111161,0.305756707180184,15.1604021167411,0.820381679903401,0,0,3.74518195499553,0.867232022261234,-0.014769768576032
287,0.00669771489981427,28.64211765,14.12705634,0,1.49227197485714,3,1,0,600.1658029,0.000203216145475255,0.0308109349636911,"15",28.7976604530804,0.302647043142962,13.7156326474107,0.985005796795824,0,0,3.38659829305804,0.740823970415834,-0.0211400918910423
288,0.00659519958986601,28.7078368425,14.1441226175,0,1.498834956625,3,1,0,613.11276015,0.000100700835526994,0.0153865762294201,"15",28.8275345690625,0.306240296210565,13.38256493,0.583343599311653,0,0,3.22438399021429,1.30912692424261,-0.0249872717387062
289,0.00649438611562892,28.7795413028571,13.8169075185714,0,1.50144187657143,3,1,0,626.099829957143,-1.12638710095259e-07,-1.73438612307564e-05,"15",28.8528240827678,0.333044196730001,13.8851040804464,1.11149692300279,0,0,3.37309540115625,1.43562017489645,-0.0283760238277082
290,0.00640292215559427,28.835941385,14.30932563625,0,2.784947678625,3,1,0,639.104711925,-9.15765987447451e-05,-0.0142009998693249,"15",28.9161781010268,0.323701313790012,13.6277768408928,0.972984604267359,0,0,3.37343452033036,1.43417222904358,-0.0286698255259515
291,0.0063761379851784,28.8840124257143,13.8667539371429,0,2.99861298485714,3,1,0,652.1479472,-0.000118360769160615,-0.0183928901840185,"15",28.9629220548214,0.283079743996423,13.0164475015268,2.26488687783158,0,0,3.69434840294196,0.931091053188116,-0.0262346437344088
292,0.00644269088236612,28.94416037625,14.27302990875,0,2.998074051,3,1,0,665.2031426875,-5.1807871972895e-05,-0.00800918121628413,"15",28.9504939692411,0.282971336970434,14.1248037000982,1.03140127540702,0,0,3.74772729740179,0.865313881581917,-0.0234507712883773
293,0.00650791201413533,29.0216942057143,13.9361305557143,0,2.99811148314286,3,1,0,678.303349771429,1.3413259796315e-05,0.00206319652362108,"15",28.9260183876339,0.259125086212328,15.0209683014732,0.879974741450068,0,0,3.74762999603572,0.865491041955263,-0.021653538254174
294,0.00653416426850253,29.11453641875,13.830101705,0,2.998074051,3,1,0,691.426813675,3.96655141635151e-05,0.00608898027942928,"15",28.9247160583036,0.228457882246434,15.0228496614286,0.739360880985853,0,0,3.74760192197322,0.865458624820184,-0.0192991268709882
295,0.00648566265376923,29.2268580142857,13.60768491,0,2.99811148314286,3,1,0,704.609938771429,-8.83610056978505e-06,-0.00136147795404362,"15",28.918541853259,0.234976214472901,15.2460891401786,0.947726493264787,0,0,3.74754554753572,0.865588563234307,-0.0185433356942427
296,0.00639258059126476,29.30406397125,13.813514355,0,2.998074051,3,1,0,717.8197687125,-0.000101918163074255,-0.0158174375543805,"15",28.9275036773214,0.327926414102422,15.01703153875,1.06457342998612,0,0,3.74440590269197,0.869164831417226,-0.0198615859822662
297,0.00629365607168132,29.3615666671429,13.4145308614286,0,2.99811148314286,3,1,0,731.079105114286,-0.000200842682657696,-0.0314133192605492,"15",28.913599691384,0.439833046565443,14.9016484955357,1.27790629250748,0,0,4.09662504135714,0.733977463780043,-0.0212965866782096
298,0.00619673753486385,29.2912376325,13.96113582625,0,2.998074051,3,1,0,744.319766875,-0.000297761219475165,-0.0469325228199713,"15",28.8684770277232,0.52241836943798,14.9807793425447,1.08057250757731,0,0,3.76121115159822,0.849025673989184,-0.0200186888860164
299,0.00611643203726924,29.2426392885714,13.72603882,0,2.99811148314286,3,1,0,757.5413256,-0.000378066717069775,-0.0599765460437922,"15",28.806263310625,0.560107924553218,14.7963193812054,0.680930668139222,0,0,4.17476798778571,1.52717482012135,-0.0116000308018609
300,0.00612935411074017,29.211263845,13.450070955,0,2.998074051,3,1,0,770.7342150375,-0.000365144643598846,-0.0578660930438852,"15",28.7845983002679,0.628309701934081,15.0769134115625,1.14377043085514,0,0,3.97254487034821,1.18315110338396,-0.00659721889880109
301,0.00621595221057522,29.1558045114286,12.9504721571429,0,2.99811148314286,3,1,0,783.919387257143,-0.000278546543763795,-0.0438365474683513,"15",28.82093739875,0.650781069064932,14.7853085948214,0.960754681889696,0,0,3.94129040425,1.13456665498997,0.00218351273629997
302,0.00631580329867554,29.12560326375,13.8867262925,0,2.998074051,3,1,0,797.0732929125,-0.000178695455663475,-0.0279005200569147,"15",28.8337718131696,0.695291156070012,14.5116725836607,1.05354180832509,0,0,4.03346729637946,1.28345286405271,0.0118086896348081
303,0.00641838397891191,29.06868346,15.50428257,0,2.99811148314286,3,1,0,810.225545342857,-7.61147754271057e-05,-0.0117891035446176,"15",28.8336340216518,0.781024282495246,14.4933594188393,0.936743412135794,0,0,3.74822652989286,0.866180407694275,0.0195140443439848
304,0.00652147356677682,29.061130585,14.95935161375,0,2.998074051,3,1,0,823.34646265,2.69748124378045e-05,0.00414488445071992,"15",28.793207446875,0.889386713881457,15.235876540625,0.987030930605382,0,0,3.74763609216072,0.865498101039835,0.0245994235112082
305,0.00662332389167745,29.0921190014286,14.8059106385714,0,2.99811148314286,3,1,0,836.488092028571,0.000128825137338435,0.0196418690181499,"15",28.71439060375,0.991293899016869,15.6544397637946,1.18872341625177,0,0,3.74600340664286,0.863616903142741,0.0272050784663524
306,0.00671950067543029,29.13319902375,14.59766975875,0,2.998245512,3,1,0,849.625998625,0.000225001921091274,0.0340583739445899,"15",28.4408739204286,1.05088239837346,15.08361082625,0.397480589304809,0,0,3.35975419245,0.649926482719155,0.0288819696202504
307,0.00677633618656295,29.1095277371429,12.3710667998571,0,2.98109300371429,3,1,0,862.793052271429,0.000281837432223935,0.0424810967256199,"15",28.4355315317143,1.07076689759631,14.7356905043929,0.572977569503989,0,0,3.36855894576429,0.649714234329544,0.0273620623864566
308,0.0067267099791751,28.952149385,14.5676972475,0,4.4417334775,3,1,0,875.8971997,0.000232211224836085,0.0351306915682796,"15",28.4332947248929,1.0721941054896,14.1414826890786,1.12992570116692,0,0,3.7640480866,0.922986664377559,0.0236354905142191
309,0.00669107610848428,28.8910868685714,15.7234880571429,0,4.49705376171429,3,1,0,888.9701374,0.000196577354145265,0.0298192409756703,"15",28.6873106241369,1.12433984723539,14.3068175642857,0.815962143557098,0,0,3.72611776841369,0.69838457729953,0.0183367381821265
310,0.00666667337678742,28.9290963425,16.31336361375,0,4.331941196625,3,1,0,902.0096742125,0.000172174622448405,0.0261655179430891,"15",28.9311106324286,1.0430727025552,14.06416207425,1.36729551348374,0,0,3.91875658168214,0.440846312084953,0.013774138085487
311,0.00660187529734292,29.1576168485714,15.4872050728571,0,1.85760063585714,3,1,0,915.13845,0.000107376543003905,0.016398271321278,"15",28.8331261560417,0.867856318087915,12.1614727152083,2.7147705328142,0,0,4.42780163764286,1.34475161063678,0.0049659720955096
312,0.00652637077703795,29.2874239175,13.90864611,0,3.013081582,3,1,0,928.3373997125,3.18720226989344e-05,0.00489553877904925,"15",28.8636726333036,0.632019184146192,9.84901943100892,3.57832763051481,0,0,3.81834431265476,1.48324237303535,0.00503103625051526
313,0.00648680625635444,29.2498072528571,15.7328793171429,0,2.998416914,3,1,0,941.565881685714,-7.69249798457557e-06,-0.00118516570716665,"15",28.7567626470238,0.520342323245823,9.30748104283036,3.42083490071992,0,0,4.25259938013393,1.47532971144901,0.00693936322682642
314,0.0065190684657057,29.30020179375,14.76821840375,0,2.998074051,3,1,0,954.774943325,2.45697113666846e-05,0.00377601925240079,"15",28.6217330480655,0.770103827990252,10.3730996056875,3.3801586299947,0,0,4.2472446299881,1.47373886222063,0.0086758232578387
315,0.00654747716752846,29.3852224985714,14.4739782814286,0,2.99811148314286,3,1,0,968.038401414286,5.29784131894449e-05,0.00812433700181181,"15",28.5929958795833,1.07909210371375,11.2648330510685,3.03288157746482,0,0,4.28295148159822,1.48366223952906,0.00884870989505012
316,0.00648305171195396,29.458375315,14.31238744,0,2.998074051,3,1,0,981.317296425,-1.1447042385055e-05,-0.00176413032754041,"15",28.9367026794643,1.13346967015031,11.3509157066286,4.03134232345801,0,0,4.77049639642857,1.62323035736326,0.00884762214473146
317,0.00639359194029232,29.5439229642857,14.1786082714286,0,2.99811148314286,3,1,0,994.652684228571,-0.000100906814046695,-0.0156592433783906,"15",29.0692791362857,1.1010644116112,12.7125972351464,3.47757344648278,0,0,4.24089714596786,1.87646609555218,0.0115460269734396
318,0.00633204985333153,29.61673177375,15.104975325,0,2.998074051,3,1,0,1007.99996975,-0.000162448901007486,-0.0253314574437518,"15",29.2168834690714,1.01801628489835,12.7992555607714,4.97378016572072,0,0,4.65178316644286,1.53940027297244,0.0170497638269332
319,0.00637604427751819,29.7055576214286,16.1134819885714,0,2.99811148314286,3,1,0,1021.40578814286,-0.000118454476820825,-0.018407586909146,"15",29.1652288783482,0.897326362574023,13.4681556381071,5.42649942279732,0,0,4.49696720086607,1.73075114373899,0.0320912457523041
320,0.00646678051040705,29.79449640375,13.94508012125,0,2.996249896,3,1,0,1034.831190625,-2.77182439319653e-05,-0.00427709104840623,"15",29.2955136429464,0.839592590483374,14.2870609554554,3.71517575624953,0,0,4.46571004271875,1.69545652279206,0.0401907748383176
321,0.00655263979207204,29.6347771042857,8.16211924657143,0,2.27525748571429,3,1,0,1048.27842114286,5.81410377330244e-05,0.00891251694676143,"15",29.34239139625,0.659949536854987,15.5599946251339,1.4768963329553,0,0,3.79324630553125,1.39989226233662,0.0481749691242222
322,0.00657564718325291,29.22219082125,12.73666805,0,1.500976500625,3,1,0,1061.55526225,8.11484289138945e-05,0.0124175308800583,"15",29.3419616854911,0.376289992854651,13.1962435297232,4.23182179553363,0,0,2.81815928025447,0.361942722990449,0.0566227399659561
323,0.00657415595495776,29.0110271,14.1499690014286,0,1.49905574157143,3,1,0,1074.71108285714,7.9657200618745e-05,0.0121907247046069,"15",29.335258463125,0.0776264963358203,12.9949742460625,5.30825796401751,0,0,2.65274097613393,0.769986186741719,0.0631087631105443
324,0.00661837008400926,28.92684795375,14.23165689125,0,1.4983565695,3,1,0,1087.77940075,0.000123871329670244,0.0188936554083856,"15",29.3377460992857,0.320589647954612,11.9112536165,5.83480125009562,0,0,3.23506993026339,1.31374260647019,0.0657975381718923
325,0.00667535993339398,28.9201711885714,13.7031805728571,0,1.96707068457143,3,1,0,1100.85401614286,0.000180861179054964,0.0274676519584629,"15",29.3561199430804,0.458129215827095,11.2822273848661,5.96781430833381,0,0,3.60807211268304,1.72829918598872,0.064862412100056
326,0.00670156078923988,28.83625306125,13.696472525,0,4.503756605125,3,1,0,1113.889755,0.000207062034900864,0.0313849793468446,"15",29.3929363026786,0.5936335169416,10.9597181760446,5.90598160538882,0,0,3.86532405683036,1.7613650121863,0.0611356794298666
327,0.00670130908903811,28.7356323714286,15.1199507928571,0,3.298884249,3,1,0,1126.902361,0.000206810334699095,0.0313474201971511,"15",29.3989015145982,0.752341224289935,10.9282116881964,5.98866147052726,0,0,4.34489896865179,0.98938630013759,0.0546781138844341
328,0.00667354714103196,28.6529005125,14.64976904625,0,2.998672305125,3,1,0,1139.84872025,0.000179048386692944,0.0271960503455526,"15",29.4345640936161,0.943045827533845,11.1935360446786,6.17082265565691,0,0,3.93627876708036,0.935453916888932,0.0441093272696291
329,0.0065922979974094,28.5186986628571,15.0474033542857,0,2.99811148314286,3,1,0,1152.773801,9.7799243070385e-05,0.0149465242119353,"15",29.53894872625,1.20692134752274,9.73661522756695,5.48980806116034,0,0,3.98183858641071,1.59923912056402,0.0299780176585573
330,0.00649307827881022,28.42102129875,15.2202213875,0,2.998074051,3,1,0,1165.620225125,-1.4204755287954e-06,-0.000218743728558124,"15",29.5500485238839,1.32126133408555,11.16472192075,3.42967326275819,0,0,3.66930521398214,1.55058605730519,0.0149265933639184
331,0.00639215476763752,28.3861647957143,16.5901945685714,0,3.00032802614286,3,1,0,1178.46080142857,-0.000102343986701495,-0.0158840519361076,"15",29.4931130927232,1.30753370724882,12.9333880219732,3.85825427906549,0,0,4.12014473621429,1.43584439266668,0.000779837269929473
332,0.00629326024043841,28.48736318,16.09216961125,0,3.860992568625,3,1,0,1191.296329625,-0.000201238513900606,-0.0314762149256884,"15",29.8010126365714,1.39404243184244,13.8137060180071,3.99685206916744,0,0,4.04658185730357,1.00291047075573,-0.00887975841522834
333,0.00620683184102671,28.5891002657143,15.9135635514286,0,4.49927040771429,3,1,0,1204.20387757143,-0.000287666913312305,-0.0453048771120788,"15",29.4223620685714,1.34824262923837,13.1962811222411,3.54951472994759,0,0,3.67952730122768,0.649799646846425,-0.0174638037059228
334,0.00618676780982587,28.67523521125,15.50495157625,0,4.47923893325,3,1,0,1217.126541875,-0.000307730944513146,-0.0485426851695552,"15",29.3274652133036,1.37996018765773,12.6616889084197,3.89592722348854,0,0,4.12122346899107,0.748775715868562,-0.0136676061213005
335,0.00624719496845256,28.69748843,14.8089852114286,0,2.99182921814286,3,1,0,1230.09944285714,-0.000247303785886456,-0.0388229144956096,"15",29.1550147220982,1.47620620813227,12.0363871021696,5.69126946294698,0,0,4.11784759188393,0.746537806879257,-0.007306238279544
336,0.0063159005469447,28.66892945625,14.5709936475,0,2.99803087125,0.375,0.125,0,1243.046092625,-0.000178598207394316,-0.0278851225667882,"15",28.8380221159375,1.42312578554736,15.3975050103572,2.32318674998695,0,0,3.53527428453572,0.71254522842897,-0.00135960065348708
337,0.00633978823177688,28.54374651,13.2615338085714,0,2.99811148314286,0,0,0,1255.98411257143,-0.000154710522562136,-0.0241101067236453,"15",28.4578640519196,1.28440602258662,15.1476423774107,3.5226083599681,0,0,3.50621092409821,0.706894691417622,0.00832452721744465
338,0.00640849741088355,28.24397975875,1.999048293625,0,2.998074051,0,0,0,1268.81696875,-8.60013434554651e-05,-0.013330642681308,"15",28.079625484375,1.20637165947602,14.3872715587054,4.00690959523593,0,0,3.78761536769197,0.822701390670717,0.0236150550065595
339,0.00650906377566748,27.4099674228571,1.81754984757143,0.000179659285714286,2.99811148314286,0,0,0,1281.41789357143,1.45650213284644e-05,0.00224015951964418,"15",27.6194807179018,1.16211696506805,11.0750964389419,8.8880562088115,0,0,4.12279448571428,0.749834377136598,0.0323541115548129
340,0.00661445810358666,26.50133740375,1.78914395175,0.240981496,2.998074051,0,0,0,1293.581101,0.000119959349247645,0.0183024015324973,"15",26.8571453060268,1.08780396353337,10.7803104896429,10.7790483805753,6.19960401785715e-05,8.4797231668337e-05,4.22231104600447,1.18486045521608,0.0392215079189942
341,0.00672120106263346,25.5104556871429,1.80840687142857,8.41205283342857,2.99596619028571,0,0,0,1305.35768328571,0.000226702308294444,0.0343113945412936,"15",25.9402447773661,1.20144962146961,12.0561197236161,11.84445525502,0.0636427511071428,0.118399263905067,3.74855332542857,1.49794959468946,0.0489114976973165
342,0.00682856888227026,24.01183478125,2.024441106125,17.25995360875,6.5834239755,0,0,0,1316.546376375,0.000334070127931244,0.0501596437367082,"15",24.123567206,1.61870709286272,11.2674938551321,12.9912588986388,6.94440792655357,7.06896584520486,4.34544617494286,2.78679166389385,0.0665598722713632
343,0.00693619783362807,22.1175345671429,1.96549080942857,18.11161861,33.1423964414286,0,0,0,1326.99112757143,0.000441699079289055,0.0657982877542889,"15",22.3878629511786,1.47677958159522,12.3983171877821,14.6449936009969,9.50306730764286,8.78301429969248,10.9129812207286,13.1141023652464,0.0787253125218721
344,0.00704388029319789,20.23514441125,2.014906568875,19.92492475625,51.59291401875,0,0,0,1336.489413125,0.000549381538858875,0.0812037220745436,"15",20.6369282058214,1.19504025652487,11.4792513969286,13.5462917073324,9.57195979760714,8.88127758840649,33.5656362705179,13.092761866898,0.0962069953738684
345,0.00715143625055385,18.0793825871429,1.91444411128571,24.9136748928571,22.4667522272857,0,0,0,1344.97219757143,0.000656937496214835,0.0963577362595514,"15",18.7111057125357,1.09345267009194,11.5263591242571,13.6480100048894,11.4348821261071,10.6008663302858,56.43065410575,15.6744085518306,0.113573458709939
346,0.00725865487095371,15.26068304875,1.84522744225,27.702653375,-32.793546421,0,0,0,1352.20167675,0.000764156116614695,0.111239057503654,"15",16.7074823421652,1.68376932031429,16.405994743279,12.4472020811301,8.49801478607142,11.7766388376996,35.5051913160536,35.6827884901524,0.119022976326707
347,0.00736528035962328,12.2702490385714,1.75913947685714,24.3900107285714,-132.965925655714,0,0,0,1358.28107157143,0.000870781605284265,0.125821640786654,"15",14.8526099795635,1.78986119029656,13.9477688938988,11.8551872786598,11.1002086452579,13.2426373260821,-19.1950050160357,67.8596046319847,0.123918038844795
348,0.00747080409816103,10.4273947405,1.687005569875,16.75527038875,-300.7275206125,0,0,0,1363.299106375,0.000976305343822014,0.140047161939407,"15",12.9179625255357,1.65005912644448,11.7552247791946,10.9093203352549,11.6986002093036,12.5941538762021,-125.160661738143,115.710599630794,0.128403485951398
349,0.007574318394341,9.39106804171429,3.98181488585714,1.25649799828571,-403.979554485714,0,0,0,1367.19342357143,0.00107981964000198,0.153807891143947,"15",11.2143930028775,1.92209503045436,12.3341276024987,9.66156896307543,8.12292879249617,11.3520463523123,-271.380599182913,170.907273956133,0.165623638398877
350,0.00767273018516323,8.852844403875,13.569193821375,0.000713745625,-416.710431925,0,0,0,1369.179161625,0.00117823143082421,0.166717032959141,"15",10.4521652167628,1.4210945232006,12.049670734185,9.03901499254831,6.23391769415944,9.9580721377786,-327.918159426352,136.196789935122,0.166717032959141
351,0.00774696742390161,8.87529302714286,18.2596964514286,0,-416.740741885714,0,0,0,1369.10616814286,0.0012524686695626,0.176345991093543,"15",10.5734630775027,1.40166057008172,11.5719764482431,9.22233874555041,6.71344982447939,10.1950580980278,-321.085653083324,139.238410840126,0.171531512026342
352,0.0077117457975521,9.638421363375,18.34853945125,0,-410.5881864,0,0,0,1366.824848625,0.00121724704321308,0.171789119336164,"15",11.720567261125,1.90457673186989,12.538438862375,10.321011911184,8.74774872938049,11.5623081658446,-222.857530352401,170.440284146046,0.152585277846674
353,0.00761972724994211,10.8208211828571,19.87343752,0,-327.892447742857,0,0,0,1362.75557571429,0.00112522849560309,0.159785099750529,"15",13.1509782302778,1.56594968819981,10.8532011413274,11.1685453042263,12.998444677004,12.626612763812,-102.634907737619,96.7171277527742,0.131541647331311
354,0.00751893714553269,12.28382926125,21.01057622875,0,-117.1103096625,0,0,0,1357.6790525,0.00102443839119367,0.14646931578187,"15",15.1737075693527,1.61268901298031,13.0649179770424,12.3533978548205,12.4877347259152,13.4394041419617,-6.95559193522768,61.0076983221474,0.125528844340301
355,0.00741553213123264,13.8479826757143,22.5224706514286,0,-6.39686607757143,0,0,0,1352.185362,0.000921033376893625,0.132621262197941,"15",17.1159822945153,1.32292038361463,15.5322124706862,13.1768365689263,9.71201689836734,12.1675229812152,41.4911995151429,33.9269344525729,0.119778436652887
356,0.00731104759802161,15.838276325,24.58440009125,0,60.30958986875,0,0,0,1345.88622575,0.000816548843682595,0.118431098974173,"15",18.6058185249702,1.01144616494287,9.9243732887619,12.8223513201602,13.6813475872321,10.9627704514066,50.7700037926726,19.7182006927969,0.1143932550171
357,0.00720642115804617,18.154671,24.2232270142857,0,83.1342793585714,0,0,0,1338.47917557143,0.000711922403707155,0.104016981502683,"15",20.5699642400595,1.08138892542664,9.90186059225298,12.7173340649747,11.297453957381,8.99809167848085,36.5701825618899,13.8311287010361,0.102565501998147
358,0.0071026782014053,20.27267119625,24.5407040375,0,31.076013795125,0,0,0,1329.80633025,0.000608179447066285,0.0895164500052585,"15",22.342808220506,1.32547422405308,10.6595127913899,13.7739360544497,10.9378258580357,8.60605976846748,14.6178837575119,14.8304268825719,0.0842062512111172
359,0.00700216761668954,22.0334901871429,26.6974391885714,0,0.388113636,0,0,0,1320.31517828571,0.000507668862350525,0.0752642864686823,"15",24.0370442897704,1.33447218639825,12.6338615463775,13.5473450559899,7.42599903450255,7.66912518574494,4.78960731041837,2.43075175366502,0.0715253148985391
360,0.00692482031459104,23.86232102375,26.15903367375,0,1.58907170725,0,0,0,1309.95282375,0.000430321560252024,0.0641566303657131,"15",25.3479400065179,1.30179511666695,12.4831966149613,11.7194682899652,3.01780342258036,4.68711433143735,3.915251955625,1.43045200357703,0.0566119311875711
361,0.00693931609938972,25.6031444671429,24.2108774485714,0,3.00191395842857,0,0,0,1298.80353557143,0.000444817345050704,0.0662477508565926,"15",26.5799697542143,1.27307069293173,12.6243893731786,10.3020850366561,0.0509142008857143,0.106413670285558,4.39466200125714,1.46688509384366,0.0485599981496762
362,0.00692683093066347,27.0407739775,24.0580406975,0,4.143359704125,0,0,0,1286.88490475,0.000432332176324455,0.0644469374232504,"15",26.9428309058928,1.3066115843895,8.40386372378571,7.59769732253336,4.95968321428572e-05,7.84960487765138e-05,4.34962068235,1.03439495096975,0.0410637445333361
363,0.00685655151700012,28.4205729128571,18.0316179028571,0,4.49766872657143,0,0,0,1274.362896,0.000362052762661104,0.0542491471540023,"15",27.45464458575,1.29905078310793,10.4291375325821,7.41570148941978,0,0,3.92943829763214,0.779902456006183,0.0320738159356023
364,0.00683940912241379,28.92625381125,16.57941743125,0,4.497111076875,0,0,0,1261.359027125,0.000344910368074775,0.05174586845175,"15",27.8607947423929,1.34277755519728,13.8722869865714,4.21421840546522,0,0,3.62971595075,0.795192679421409,0.022387690421048
365,0.00687847868029576,29.3291413685714,17.9992278771429,0,4.497167225,0,0,0,1248.23624371429,0.000383979925956745,0.0574420315218465,"15",28.6820036567411,1.3090793846601,15.4251819810268,2.44670609781544,0,0,3.50619986610268,0.706865599211311,0.00735471974273816
366,0.00691639845039282,29.93105895625,17.14561893125,0,4.497111076875,3.5,0.875,0,1234.8386855,0.000421899696053805,0.0629397049982501,"15",29.0123932671875,1.32469752610281,11.8673575714554,5.56541237942372,0,0,3.53529767960268,0.712561085940066,0.000661095776061238
367,0.00690045031442157,30.2251595128571,4.52114672328571,0,4.497167225,4,1,0,1221.24482728571,0.000405951560082555,0.0606311984647512,"15",29.2465699705357,1.22313478857489,12.8388819891339,4.16111265319973,0,0,4.11615601269196,0.745423583603888,-0.00528837488088483
368,0.00687024816539849,30.0644490875,9.602254947125,0,4.490438340375,4,1,0,1207.616837125,0.000375749411059475,0.0562447547335161,"15",29.3886731841518,1.22993739338519,13.0918574349197,3.42954417832104,0,0,3.83908272396875,0.775423392742517,-0.0110038332941851
369,0.00692239341569236,29.9384360214286,9.53066035657143,0,3.36183792814286,4,1,0,1194.08304171429,0.000427894661353344,0.0638061051357646,"15",29.4553340855357,1.26719197130239,13.1750595628661,4.30197217419607,0,0,4.14908710525,0.951841205427515,-0.00636904102517723
370,0.00701892408212618,29.833083905,7.1145632945,0,5.2398190065,4,1,0,1180.566351875,0.000524425327787165,0.0776544674239164,"15",29.2717234333214,1.23583987763143,13.6647493312929,3.72008620670194,0,0,3.8961813942,1.34053524116127,0.00263138051504471
371,0.00712154008685395,29.6382098385714,7.39237424342857,0,5.99367436014286,4,1,0,1167.14218685714,0.000627041332514935,0.0921685319484178,"15",29.3242430788571,1.25069545842738,11.9758218141,3.48014499725524,0,0,3.53505898138571,1.37598986030553,0.0166094085964157
372,0.00722566820926003,29.30885096125,8.6090675945,0,5.13322958525,4,1,0,1153.812145875,0.000731169454921014,0.106684240811854,"15",29.3348987135714,1.14047200434742,10.7987728529107,5.31454499620289,0,0,3.78509316575714,1.45317518775182,0.0316481835970709
373,0.00732985860996579,28.9895096014286,10.5291758565714,0,4.49511339085714,4,1,0,1140.66638085714,0.000835359855626775,0.121000751667924,"15",29.2782313773929,0.888369948518289,11.8847826449928,5.56312848116119,0,0,3.74875747468929,0.912209788627168,0.0459885802611931
374,0.00743297853473614,28.88872873875,12.430379485,0,4.495187658125,4,1,0,1127.584633125,0.000938479780397124,0.134971182899002,"15",29.2662476859643,0.71588978172673,11.7665595091286,5.51472438121268,0,0,4.13569602472143,0.976213755752603,0.0572704131830211
375,0.00753315221411724,28.9093321185714,13.1366687928571,0,5.38157983471429,4,1,0,1114.55226928571,0.00103865345977822,0.148358099761562,"15",29.2815996543929,0.571209077820743,11.5070690458357,5.25912815167101,0,0,3.99301056648929,1.55187765412095,0.0644413127724246
376,0.00762167084330935,28.98744833375,12.702364865,0,5.99898426675,4,1,0,1101.4627815,0.00112717208897033,0.160040141097836,"15",29.2689301921786,0.442065659271723,11.7664180224643,5.28046480735874,0,0,3.27987182706072,1.66698551122373,0.0690173854491219
377,0.00763538324966009,29.0752227828571,12.6215171985714,0,5.43683628271429,4,1,0,1088.36527657143,0.00114088449532107,0.161837658466467,"15",29.2555664701786,0.332942561086273,12.37533427145,5.15853986052082,0,0,2.88772725811071,1.37756102824235,0.0710090807011708
378,0.00755283108973829,29.13390216375,15.57109349375,0,4.505707181625,4,1,0,1075.208007,0.00105833233539927,0.150966996526932,"15",29.2704121905,0.159826781444195,13.2259731971357,4.62601389280243,0,0,2.42200392922143,0.843123342055773,0.0687663229334263
379,0.00745696681719565,29.3495056028571,16.2696099028571,0,3.11781838114286,4,1,0,1062.02332928571,0.000962468062856635,0.138193263615054,"15",29.3180075126429,0.330249346745949,13.1043284337786,3.67062374892574,0,0,2.55472272432857,0.667267559555225,0.0615344298643892
380,0.00736896884858802,29.69806789125,15.90783959625,0,3.002492792875,4,1,0,1048.673607375,0.000874470094249005,0.126322309526486,"15",29.4008685378571,0.586300199427769,14.0804195494214,3.54705921956075,0,0,3.48964854156786,1.38947175970954,0.0525374638106068
381,0.00727010462082583,30.0209931071429,16.1718576571429,0,5.88241119185714,4,1,0,1035.19917728571,0.000775605866486815,0.112815207496545,"15",29.3953101951071,0.760581059198669,14.2186647886143,3.22106944244625,0,0,4.171818013375,1.60866163007251,0.0451316488257314
382,0.00716561810837515,30.25996247,8.77390374575,0,5.997032067875,4,1,0,1021.5547365,0.000671119354036135,0.0983388507969529,"15",29.2732946269643,0.813810162659274,13.9972209082,4.84610382568376,0,0,4.19719605732143,1.64193128165453,0.0377022271591319
383,0.00706060190114606,30.1075522585714,5.68835989814286,0,5.99622296657143,4,1,0,1007.92665642857,0.000566103146807045,0.0835748286936928,"15",28.9942162716964,1.02531540017959,14.5769794764286,3.45195162874956,0,0,4.31567321641072,1.55130212311017,0.0237022703136091
384,0.00695608288754804,29.890649565,10.7592915025,0,5.996148102375,4,1,0,994.36599445,0.000461584133209025,0.0686610383152937,"15",28.8639365291071,1.15557483929126,13.2009236683081,3.81247138552067,0,0,3.80208440686607,1.84692245199658,0.017257528107625
385,0.00685320166917416,29.8261654257143,10.7931919757143,0,5.99622296657143,4,1,0,980.899271685714,0.000358702914835145,0.0537604661692663,"15",28.4239636163214,1.20793397563028,11.9087483077714,4.12671973661349,0,0,4.17087409974286,1.61095587578757,0.0133389065471849
386,0.00675532865581425,29.7923092575,8.917332062,0,5.996148102375,4,1,0,967.4187715125,0.000260829901475234,0.0393761502818268,"15",28.353133204,1.01195056047059,11.7343332488821,3.13763207858309,0,0,3.94031215744286,1.36786485181219,0.0119014539337278
387,0.00668463044797242,29.52725419,7.20293971785714,0,5.99622296657143,4,1,0,954.016848485714,0.000190131693633405,0.0288554547431872,"15",28.4406288196786,0.703799915323541,11.0071315832536,3.35661531018777,0,0,3.89744896267143,1.34059883110976,0.0106937864063736
388,0.00672569476857573,29.09565128625,7.24193468575,0,5.9959766415,4,1,0,940.770616475,0.000231196014236715,0.0349797578720015,"15",28.8121938193303,0.551469973046622,9.83892789284375,4.20756078727546,0,0,4.13037703904018,1.43876468143405,0.00614374426293979
389,0.00681556931780688,28.6866391885714,7.1467941,0,6.01324144628571,4,1,0,927.732192171429,0.000321070563467865,0.0482541268010612,"15",28.8264868865625,0.786180429375413,11.6405665083571,2.82575017904866,0,0,3.47468759466072,1.2957910321719,0.00474156105035925
390,0.00690656182489903,28.34024102625,9.475600276,0,4.5524886765,4,1,0,914.8458864125,0.000412063070560014,0.0615164748339474,"15",28.7223911482143,0.930612610608649,13.4824513623125,2.30262336737896,0,0,4.75417779194643,1.47814115974578,0.00591911072795122
391,0.00694722535343486,28.0879019928571,11.625727553,0,4.49776652728571,4,1,0,902.119755285714,0.000452726599095845,0.0673868760755481,"15",28.9307749174405,0.932952949767549,14.4390289975,1.52929685732879,0,0,3.98762068417262,0.428870568323399,0.012397318101309
392,0.00692977590754156,27.9843037675,12.83566250375,0,4.188884065,4,1,0,889.44292875,0.000435277153202545,0.0648720020749813,"15",28.6908740974643,0.932193098215821,14.5047401687143,1.09950794457504,0,0,3.87137367048214,0.672008551708917,0.0170609045383994
393,0.00698909977341483,27.92353557,14.6531843942857,0,2.83883537242857,4,1,0,876.829644371429,0.000494601019075815,0.0733962860190456,"15",28.7171243406429,0.955809403616366,14.2639855630786,1.13785377135587,0,0,3.98202969725,0.929968760665079,0.0223582459526568
394,0.00708178086483755,27.963364455,15.34047116875,0,4.99042998525,4,1,0,864.1997682875,0.000587282110498535,0.0865699363180426,"15",28.758748352,0.952701778170445,14.2890930200786,1.21347473899329,0,0,3.36544772973572,0.651973706851112,0.0256821696821051
395,0.00716748494836547,28.0763791657143,15.0197123771429,0,4.49796322557143,4,1,0,851.553381514286,0.000672986194026455,0.0985993442808049,"15",28.4490899248929,1.0573873037303,15.0419626502857,0.442241944397222,0,0,3.35978099822143,0.649907840584285,0.0283068135842127
396,0.00719061721144813,28.20606599125,15.12249100375,0,4.497111076875,4,1,0,838.8320262375,0.000696118457109114,0.101821536533963,"15",28.4781706700357,1.01987733954614,15.61756958925,1.05714268123642,0,0,3.65857526521786,0.773038291463353,0.0288025746565688
397,0.00712376139714788,28.3624606514286,17.1568019485714,0,4.497167225,4,1,0,826.070597671429,0.000629262642808865,0.0924803976233193,"15",28.5439059885,0.947783455750393,15.2830490038214,0.938832564949199,0,0,3.89623356078571,0.819908040726121,0.0260911819489155
398,0.00703053086187224,28.6027967425,14.51069718125,0,4.49695218775,4,1,0,813.191971225,0.000536032107533225,0.0793067425146798,"15",28.5931839880714,0.840044573145104,15.2217854980714,1.08769298581255,0,0,3.89807003969286,0.821546529135763,0.0212904196922149
399,0.00693895349419047,28.6651559514286,13.5954434828571,0,4.49955336042857,4,1,0,800.260603985714,0.000444454739851455,0.0661954957549522,"15",28.6304905672857,0.741237791349319,14.9265084982857,0.655265641238009,0,0,4.126199795675,1.1306914164555,0.0140703853861977
400,0.00689079423440665,28.6629168525,15.26291014375,0,5.6405725745,4,1,0,787.3047850125,0.000396295480067635,0.059230877932607,"15",28.6356799422857,0.673993497468168,14.7132482637857,1.04239557174441,0,0,4.05246202520357,1.01350812103531,0.00527914542607415
401,0.00695206864910783,28.7133901185714,15.1299238914286,0,5.27387047042857,4,1,0,774.3557983,0.000457569894768814,0.0680837885659837,"15",28.6112552617857,0.652708709105507,15.14927851625,1.13214215939224,0,0,4.07704953233571,1.05096100775132,-0.00223526712398531
402,0.00704721891204432,28.72668753125,14.59503771,0,4.499050552,4,1,0,761.3766006125,0.000552720157705305,0.0816775841647734,"15",28.7941137246428,0.546441858125318,14.7375451296429,0.779989526228149,0,0,4.17477734582143,1.52716520633687,-0.00676237927766774
403,0.00714614203942061,28.7600890742857,14.9562446914286,0,4.497167225,4,1,0,748.406551871429,0.000651643285081595,0.0956171617099635,"15",28.8508947690625,0.501037407568359,15.11743058375,0.819502934960628,0,0,3.7612017935625,0.849036888723698,-0.00851705774742086
404,0.00724371059960054,28.81139149,15.8554090525,0,4.497111076875,4,1,0,735.3902614875,0.000749211845261524,0.109178114208983,"15",28.9279753653572,0.457436605467062,14.8019026221429,1.40081160643012,0,0,4.09663439939286,0.733958788767373,-0.00889667887303167
405,0.00733126051148397,28.9253674557143,14.90015505,0,4.497167225,4,1,0,722.363175814286,0.000836761757144954,0.121191992389961,"15",28.9468051665625,0.352751869900444,15.0684889,0.974945129225666,0,0,3.74439654465625,0.869175545055415,-0.00937846648356997
406,0.00734255963881877,29.02180281125,15.08832906125,0,4.497111076875,4,1,0,709.26281165,0.000848060884479755,0.122732031629676,"15",28.9466222521429,0.270266790626331,15.1904849414286,1.05854258540014,0,0,3.74755490557143,0.865577759805306,-0.00986809637821651
407,0.00726018110648297,29.0889973757143,15.8114775628571,0,4.497167225,4,1,0,696.150200785714,0.000765682352143955,0.111449299635493,"15",28.9479266115625,0.245663116832808,14.99634244875,0.791379024349414,0,0,3.7475925639375,0.865469430414147,-0.0113729445967619
408,0.00716002803625284,29.20118437125,15.40849475625,0,4.497111076875,4,1,0,682.97269965,0.000665529281913825,0.0975584221487003,"15",28.945401845,0.263792397950986,14.9367434632143,0.985249957889753,0,0,3.74763935407143,0.865480236091474,-0.0130352283699248
409,0.00705607178646181,29.2419714,14.2492787585714,0,4.497167225,4,1,0,669.782942271429,0.000561573032122795,0.0829330181828283,"15",28.965530956875,0.279841745410132,14.226372693,1.01742846762927,0,0,3.7475925639375,0.865469430414147,-0.0152106406964779
410,0.00695045235831064,29.2342639425,12.78495321575,0,4.497111076875,4,1,0,656.5624456,0.000455953603971625,0.0678512709124792,"15",28.974939815,0.27684373281807,12.90580457675,2.19025549834665,0,0,3.7477647295,0.865335489236881,-0.0176630926773244
411,0.0068440796404742,29.1425740828571,10.0377374112857,0,4.497167225,4,1,0,643.3751223,0.000349580886135185,0.0524285186522153,"15",28.9302781215625,0.316923069170006,13.7508813703125,1.03412065172671,0,0,3.69431097084375,0.931068108191878,-0.0203075196312623
412,0.00673737774865277,28.95199368375,12.241784185,0,4.497111076875,4,1,0,630.2436635,0.000242878994313755,0.0367153175402901,"15",28.8707501978571,0.324458006789157,13.8033003057143,1.09803900474232,0,0,3.37374713114286,1.43448583853328,-0.0213771699685924
413,0.00663067484256799,28.8260673371429,12.4152569514286,0,4.497167225,4,1,0,617.204114742857,0.000136176088228974,0.020751111848293,"15",28.8439643671875,0.29451526042708,13.386831499375,0.590620888541107,0,0,3.22602473565625,1.30623333504197,-0.0198191980804252
414,0.00652429308228197,28.7579092175,13.3263249125,0,4.497111076875,4,1,0,604.186086775,2.97943279429546e-05,0.00457713432635742,"15",28.8203928521429,0.280572967490585,13.7351547517857,0.994542081920479,0,0,2.99649046667857,1.22674505921863,-0.0179316493590389
415,0.00641863587602241,28.7073382328571,14.9128000671429,0,4.497167225,4,1,0,591.2194067,-7.58628783166055e-05,-0.0117498581263735,"15",28.759126580625,0.296433433630077,14.9714030184375,0.99752119497193,0,0,3.384524790125,0.742244679790626,-0.0174920115464589
416,0.00631455093614917,28.74068254,14.350333695,0,4.497111076875,4,1,0,578.2362701875,-0.000179947818189845,-0.028098830015189,"15",28.7742896653572,0.300768834763077,14.6754209121428,0.367956855965627,0,0,4.63675982757143,1.46170958969144,-0.0189584304751283
417,0.0062140075608783,28.8118678457143,14.1284969685714,0,4.497167225,4,1,0,565.248536057143,-0.000280491193460715,-0.0441494446485917,"15",28.89860113625,0.211203164182012,13.1747447161563,1.44014544723365,0,0,4.40447376734375,1.23035298854939,-0.0222575655569255
418,0.0061301887289775,28.872574925,14.088304955,0,4.497111076875,4,1,0,552.2110989125,-0.000364310025361515,-0.057729934912067,"15",29.0299363278572,0.192123787044014,12.8778706438572,3.66211462996191,0,0,3.62936098903571,1.56928156008146,-0.0259066621372907
419,0.00612601444026624,28.9232322971429,14.4569370242857,0,4.497167225,4,1,0,539.167673757143,-0.000368484314072775,-0.058411106519114,"15",29.0653789475,0.268228027380882,14.0000608496875,1.45513016529006,0,0,3.27976141453125,1.59430882283466,-0.0286654524324395
420,0.00619742953408039,28.981251645,14.479928685,0,4.497111076875,4,1,0,526.0809739875,-0.000297069220258625,-0.046820857517698,"15",29.0902779725,0.313859213887095,14.1534891578572,1.21742098639711,0,0,4.24802221421428,0.877259405955302,-0.0299661574736809
421,0.00628760335924095,29.0808874185714,14.4784663614286,0,4.497167225,4,1,0,512.976544885714,-0.000206895395098066,-0.032375498419853,"15",29.0633885715625,0.352383109251477,13.4621279869687,2.13821489295935,0,0,4.234086978,1.33601170208232,-0.0294292964570684
422,0.00638468266101623,29.15001452375,14.19490689,0,4.497111076875,4,1,0,499.80859,-0.000109816093322786,-0.0170536852507519,"15",29.0025251525,0.410199768849753,14.0040305371428,1.19765912605595,0,0,3.86129249546429,1.01340869465007,-0.0281689238209135
423,0.00647518551566458,29.1929815042857,14.1579344942857,0,4.497167225,4,1,0,486.636173,-1.93132386744352e-05,-0.00297821477375493,"15",28.94969725125,0.486850371140882,14.3392272515625,1.53661484735309,0,0,3.747351782625,0.865191489448347,-0.0276043857059268
424,0.00649803004298315,29.2329524725,14.34469048125,0,4.497111076875,4,1,0,473.432186975,3.53128864413483e-06,0.000543587585114302,"15",28.9362460992857,0.520732426806476,14.4162018667857,1.09706986412228,0,0,3.74763935407143,0.865480236091474,-0.0292816722049341
425,0.00646716687023547,29.27462183,14.2937600185714,0,4.497167225,4,1,0,460.224231628571,-2.73318841035449e-05,-0.00421734752058889,"15",28.915920035625,0.514504345694626,14.588898965625,0.866863047150908,0,0,3.74762428965625,0.865506065115674,-0.0320949425225824
426,0.00645535762628223,29.27522660375,15.0589735625,0,4.497123648625,4,1,0,446.9943828875,-3.91411280567851e-05,-0.00604504721828114,"15",28.9082176935714,0.46134169327808,14.5083561717857,1.34562774794819,0,0,3.80489771021429,0.937510057872458,-0.0340578029956501
427,0.00644657900813494,29.2442872985714,14.8827553314286,0,4.48292202314286,4,1,0,433.780991542857,-4.79197462040755e-05,-0.00740586918085473,"15",28.9298666425,0.348991717640916,14.34379925125,1.25348649188639,0,0,4.770944117625,2.09355943977982,-0.0351514706278794
428,0.00645177625461072,29.207583945,14.4259524325,0,7.080796628625,4,1,0,420.57087715,-4.27224997282954e-05,-0.00659999175375692,"15",28.9377103371429,0.277233764555273,14.1220824860715,0.871699631210184,0,0,3.80627683803572,0.933015793332523,-0.0379124311207197
429,0.00650357215456667,29.1661449471429,14.8558851314286,0,4.61131768985714,4,1,0,407.390590185714,9.0734002276549e-06,0.00139611510437376,"15",28.933543481875,0.23769106582487,14.4925036184375,1.35562830228955,0,0,3.7509240539375,0.860648705712914,-0.0432578408577928
430,0.00659899813066089,29.1049661925,14.5302303525,0,4.496227111625,4,1,0,394.225888425,0.000104499376321875,0.0159623658185568,"15",28.9455176303572,0.183251488473097,14.7347689692857,1.85092491699368,0,0,3.46408220860714,1.27962179859683,-0.0479450239027884
431,0.00670250356891846,29.0385576414286,15.2460446342857,0,4.497167225,4,1,0,381.099905042857,0.000208004814579445,0.0315256500629619,"15",28.9308955659375,0.108918420876516,15.1499201278125,0.505894375749246,0,0,3.74592437984375,0.867399961165982,-0.0475605634615942
432,0.00680765433091031,29.00821702,14.4185529175,0,4.497111076875,4,1,0,367.9826843375,0.000313155576571295,0.0470921422554005,"15",28.9352333917857,0.136612183387697,15.0175676735715,1.40131634446514,0,0,3.74763935407143,0.865480236091474,-0.0420784053312274
433,0.00691288575288944,29.01290553,14.00962927,0,4.497167225,4,1,0,354.883665342857,0.000418386998550424,0.0624316964163896,"15",28.9785824346875,0.168672396573747,14.1872020803125,0.928766898995767,0,0,3.7475925639375,0.865469430414147,-0.0339449100222109
434,0.00701681803654721,29.0500479575,13.62290679375,0,4.497111076875,4,1,0,341.7661006875,0.000522319282208195,0.0773543699232695,"15",29.0235163242857,0.176103882897893,13.6770604096429,0.383346882836665,0,0,3.74736417542857,0.865162603864314,-0.023428589031456
435,0.00711585940409224,29.1413970942857,14.1444569814286,0,4.497167225,4,1,0,328.628782057143,0.000621360649753225,0.0913705374850355,"15",29.0103652946875,0.170003479841939,14.18576455875,0.372521951218743,0,0,3.92954659096875,1.11585878952587,-0.0105876380875626
436,0.00717557194072054,29.19858941875,14.35257549875,0,4.497111076875,4,1,0,315.446159525,0.000681073186381525,0.0997269969369698,"15",29.0353472432143,0.167578499517009,14.0028284737857,0.698369844771982,0,0,4.12279495685715,1.43591846038186,0.00210968050447882
437,0.007152662521781,29.2743378271429,13.8267506171429,0,4.497167225,4,1,0,302.243582371429,0.000658163767441985,0.0965291935785375,"15",29.164301344375,0.292981493113489,12.3814609075938,3.52612742812502,0,0,3.5477135488125,0.713682299934882,0.0110100081852051
438,0.00712509096060775,29.358231345,13.98558532,0,4.497111076875,4,1,0,288.9935495,0.000630592206268735,0.0926670180488367,"15",29.2860746046429,0.459804081741163,11.6853932132857,4.66503289118476,0,0,3.38887962614286,0.739493010764316,0.0144259151289374
439,0.00716202703892524,29.4265352257143,14.1613188957143,0,4.497167225,4,1,0,275.7241406,0.000667528284586225,0.097837572402903,"15",29.3273229775,0.55150303415931,13.292313822375,0.906764986076357,0,0,3.52336057046875,1.19229093171344,0.0135004919415725
440,0.00723688660468293,29.47196227,13.81433099125,0,4.497111076875,4,1,0,262.4167641375,0.000742387850343915,0.108235612289725,"15",29.3108148053571,0.639225694161703,13.6966436578572,1.53241193083556,0,0,3.25925040925,1.63707579920472,0.0115205742608978
441,0.00723597832219989,29.5083204942857,14.4211582914286,0,4.497167225,4,1,0,249.098782228571,0.000741479567860874,0.10811009706157,"15",29.299111635625,0.771520857038018,12.2255374433438,2.42586539961113,0,0,3.629307001125,1.01923222181775,0.00830898890303029
442,0.0071624445736404,29.4640349375,9.446694982375,0,4.495140604375,4,1,0,235.7697805125,0.000667945819301385,0.0978958691025289,"15",29.2690097242857,0.915946416281776,12.4141876915,3.37855370804129,0,0,3.56391786382143,0.718852970750101,0.000335626017541656
443,0.00712470074882764,29.2070129485714,9.622864694,0,3.762067018,4,1,0,222.5193607,0.000630201994488625,0.0926122506834339,"15",29.20409527,1.06156155637636,12.3102726484375,3.23663524664547,0,0,4.2537719635625,2.02240871862213,-0.0029515326398147
444,0.00719434250531856,28.882777495,8.20915383525,0,7.00961630875,4,1,0,209.3919868375,0.000699843750979545,0.10233947943756,"15",29.0567833153571,1.25568920170266,11.95386559325,3.20289472332036,0,0,3.745900273,2.17278513533333,0.00175672612321599
445,0.00729320973420024,28.2548573485714,8.69479327814286,0,6.29753049314286,4,1,0,196.475881442857,0.000798710979861224,0.115988267128388,"15",28.9039411696875,1.376777241839,13.8184807782187,1.82218334471849,0,0,4.0641302318125,1.49989603925599,0.0116960323969437
446,0.00739676117229361,27.78282268625,12.02597532,0,5.9967463565,4,1,0,183.8429961375,0.000902262417954595,0.130086750039794,"15",28.8078008664286,1.25362807024194,13.0841347749286,3.8221054796554,0,0,4.47342403939285,1.22745651161332,0.0225079783322095
447,0.00750148340854326,27.6342767028571,10.3157926151429,0,5.99622296657143,4,1,0,171.329797342857,0.00100698465420424,0.144145313660916,"15",28.772101569375,1.19337501967958,12.526804084,4.24363641622015,0,0,4.625983378625,1.62919440400312,0.0366363004274411
448,0.00760612542946089,27.4755098125,9.551942764125,0,5.9980715215,4,1,0,158.8788921875,0.00111162667512187,0.157998424914345,"15",28.7496142717857,1.3239188057094,9.51965034114285,5.20680767806897,0,0,3.72167117496429,1.81711727801436,0.0490145641368425
449,0.00770954267070011,27.2346961885714,8.90069262785714,0,4.95109607157143,4,1,0,146.516215814286,0.00121504391636109,0.171503393945197,"15",28.583062040625,1.61252951520097,7.6424168701875,6.38088436084205,0,0,3.5639113830625,1.4187162238751,0.0486908151494419
450,0.00780917332805149,26.918277475,8.679773191375,0,4.496147951625,4,1,0,134.2868671,0.00131467457371247,0.18434363471365,"15",28.2667461485714,1.86600188980052,10.4966623903571,6.58935170312633,0,0,3.43373072067857,1.41937361510203,0.0580724403291757
451,0.00789285515281642,26.6145266114286,8.62666493485714,0,4.497167225,4,1,0,122.194916471429,0.0013983563984774,0.195002463419963,"15",28.1841131265357,1.91742716461406,12.783599538225,7.32307955507275,0,0,3.72567492913214,0.718341468108273,0.0718506449637299
452,0.00787974622650126,26.26432761,2.7758686175,0,4.497111076875,0,0,0,110.24534665,0.00138524747216225,0.19334022282286,"15",27.3533964978572,2.12005039374695,12.3092922035804,8.1576182777018,0,0,4.47096249366518,1.18219275484149,0.0737989383579009
453,0.00779272659686998,25.5406801357143,1.78532885414286,0,4.497167225,0,0,0,98.5314203371429,0.00129822784253097,0.182235335449859,"15",26.6736685389286,2.01517409323923,14.3169436609018,9.53755238672862,0,0,3.44335436566964,1.35441890111278,0.0648798971309773
454,0.00769495265013282,24.61133312125,1.704487957,0,4.497111076875,0,0,0,87.20709229875,0.0012004538957938,0.16960913847799,"15",25.8018067939732,1.67852140586448,13.6282964160357,10.6782711145254,0.000303121857142858,0.000606243714285715,3.89384981687054,1.21499132823961,0.0585706326698706
455,0.00759593500214466,23.7225124971429,1.71422498842857,0,4.497167225,0,0,0,76.29125778,0.00110143624780564,0.156657760764988,"15",25.2959686884286,1.40222890097015,14.2383820326,11.5042329629017,0.30612648545,0.684418270738644,4.23809423122143,1.3078497905335,0.0554919062893598
456,0.00750122948695654,23.16873921625,1.675267687625,0.000181327125,4.49647552025,0,0,0,65.72026377375,0.00100673073261752,0.144111463571918,"15",24.2035185122857,1.0348513003033,14.3502768129714,11.6870619725057,2.313596223,4.63992085742925,5.61778288725,1.2405257230133,0.0442343871078662
457,0.00744179795679545,22.7976057457143,1.64469883985714,0.989722827714286,4.49861266342857,0,0,0,55.3379837185714,0.000947299202456435,0.136157005486551,"15",22.9089429922857,0.809606446546891,14.9611366178536,12.2221290010596,5.558122047275,7.71961210857006,11.2965614049357,3.9366267371762,0.0393879550502029
458,0.0074827075348401,22.20394326625,1.748316645125,12.068526637625,15.37124732675,0,0,0,45.1605669575,0.000988208780501085,0.141639221293258,"15",21.5093275472857,0.700864104961196,14.9887471662929,12.1699492258781,6.2405354637143,8.56012624186825,26.1925885955572,18.2162011752886,0.0363848907122818
459,0.00754829606740699,21.2830344114286,1.94792370842857,14.8868725814286,42.6238921214286,0,0,0,35.3308324928571,0.00105379731306797,0.150366376141396,"15",19.6271244253571,1.0561576120597,16.7722528353601,11.6085203005225,5.83531621270833,9.22684252994873,33.138092764256,18.4936471024807,0.035219404410353
460,0.00762136888031863,20.25179159875,1.99264762625,14.5851497975,57.438041185,0,0,0,26.03769075875,0.00112687012597962,0.160000521311721,"15",17.3156457877296,1.60569070959014,15.4579776851658,12.9638315707063,9.53788257239796,12.3767703607848,13.3422789832398,23.4547040354844,0.0456867658896547
461,0.00771308429320848,19.2118673371429,1.85798429928571,15.7009858914286,28.22725678,0,0,0,17.43739718,0.00121858553886947,0.171962670115591,"15",14.3344695822321,2.24100780313223,16.8438500168772,12.6597649831186,9.11557385816964,12.9529950955399,-43.9680721212678,79.710251091927,0.0460074218249407
462,0.00780085232484927,17.63227820625,1.8165036365,17.66555107,12.214249065,0,0,0,9.5879956985,0.00130635357051026,0.183277524501052,"15",11.0001497454739,2.88818355471264,14.0787113281264,10.7946499227898,7.55569584785852,10.7992675399423,-220.559804586812,205.222363981658,0.0428804759911728
463,0.00782600407026551,16.6050609414286,1.78144408828571,14.7304060114286,24.531363921,0,0,0,2.35541598814286,0.00133150531592649,0.186496568200875,"15",5.69656248270714,4.61710052256471,8.49027209835804,8.91608377931026,14.220990739592,14.706416541153,-120.381791751533,211.378323214277,0.0309678749432764
464,0.00777243079174216,15.11565918625,1.74063357475,23.51549064625,-33.261043034875,0,0,0,-4.309999328625,0.00127793203740314,0.179627483069986,"15",4.65741345503676,4.09609232253201,5.99450316044328,7.10981032405445,15.4900188811492,14.7600315950054,-93.6103632157185,196.684891720291,0.0284176337103941
465,0.0077007170679539,12.7509566785714,1.75381052785714,23.9912346142857,-123.230630601429,0,0,0,-10.278239498,0.00120621831361488,0.170357974757427,"15",8.30728625598661,1.22201520138893,1.6690379500692,0.0392573570780895,8.0081233598817,8.45689192789846,-305.229239769554,157.271082250544,0.0484074911933937
466,0.0076035286713695,10.57262150975,1.74420778425,19.2272800175,-250.6797859375,0,0,0,-15.4364034,0.00110902991703048,0.157656963094732,"15",8.38372285299286,0.555973051602309,1.67173425660714,0.0131926031831867,2.61766768974285,4.79160023741478,-402.23363997,84.3354809694719,0.0528728253236236
467,0.00749960129214984,9.26614422114286,1.68843529428571,11.0750604982857,-376.929744814286,0,0,0,-19.68282979,0.00100510253781082,0.143894382956137,"15",8.24850275889286,0.296312428812988,1.67226121667857,0.00641065023470881,0.0551344749523809,0.0946764924970598,-449.03858695,63.1940158029325,0.0594960341003604
470,0.00718204766064325,8.0286612645,1.675460773625,0.000314754,-381.493766025,0,0,0,-21.52763087875,0.000687548906304234,0.100629057369189,"15",8.35842350608928,0.321102299824804,1.67066143820536,0.00817539759787689,0.0825443354285714,0.115842452301159,-482.8109974125,33.815869291164,0.056741085195965
471,0.00707642970948233,7.90696176714286,1.65345233871429,1.84787452557143,-287.122694185714,0,0,0,-18.7194330571429,0.000581930955143315,0.0858140278638855,"15",8.50291312445536,0.563411548871648,1.67630473608035,0.00963316255952814,2.81011598078571,5.51050525349135,-431.011376416071,62.9463557383522,0.056585746208782
472,0.00697186018532888,7.50849901175,1.640130028125,13.240740457125,-121.7044912675,0,0,0,-15.43508402125,0.000477361430989864,0.0709265996002824,"15",8.74853929578572,1.02265881352413,1.68381317788095,0.0318533806342839,5.38593641103571,8.02168414660444,-376.974664297917,97.5606159897482,0.0492595791935853
473,0.00686943708542015,6.45855526142857,1.60929450514286,18.5086279557143,-58.2814411014286,0,0,0,-12.2961653785714,0.000374938331081135,0.0561266908983304,"15",8.57139068378061,1.04460389105767,1.67757272791582,0.0334385116081049,6.50805127476275,7.90169851962334,-340.507496722143,131.303877845425,0.0486398188999684
474,0.00677301421924423,4.358273008,1.880819788125,24.42032175875,-21.93913349475,0,0,0,-9.819915941875,0.000278515464905215,0.0419907459358395,"15",8.80102741405158,1.87101015199772,1.67845712537897,0.0463355732219634,9.78402461037103,9.53748240934373,-285.007172084206,159.131415319106,0.0442023021049788
475,0.00671136731246093,2.51241325125,1.95771514475,26.49031387,-5.18473224325,0,0,0,-8.5194255255,0.000216868558121914,0.0328472290134068,"15",5.3260831371183,4.41225855563992,2.44177208227009,3.29926080230748,15.5027879417065,14.4690271962002,-151.591855372942,198.165093725056,0.0296829753967956
1,0.00554960242035041,0,2.21955869414286,0.00257698485714286,2.99911448642857,0,0,0,-17.2418052771429,0.000540717912954417,0.102513050182755,"16",4.36384391445357,2.64902337467703,4.33950537916071,2.42586711732022,2.34007590632143,4.74808945061406,474.165601469229,267.355975050989,0.101421141910866
2,0.00547550537684904,0,2.220705199625,6.172785245875,3.001756177875,0,0,0,-17.24124559,0.000466620869453048,0.0890713389235351,"16",2.72740244653348,3.01840012173086,3.51284070968973,2.16020494601046,16.7614187422366,27.6946247252689,296.635949768679,317.614490838111,0.103275948430394
3,0.00542273868182995,0,2.135858655,59.0158581242857,1.15031927757143,0,0,0,-17.2414608542857,0.000413854174433958,0.0793877410700068,"16",3.11703136746684,3.0351764387622,3.70955243178827,2.25456757757676,10.7250702590867,23.5529386070079,338.84818269598,317.901422730585,0.102630321204438
4,0.00537273750611691,0,2.05650124025,61.92552603125,-1.501407569,0,0,0,-17.24124559,0.000363852998720918,0.0701243178601452,"16",2.72740244653348,3.01840012173086,3.51284070968973,2.16020494601046,16.7614187422366,27.6946247252689,296.635949768679,317.614490838111,0.103275948430394
5,0.0052952110570524,0,2.04978143257143,63.3725352971429,-1.88984296071429,0,0,0,-17.2414641142857,0.000286326549656408,0.0555895997768019,"16",3.63653659537798,2.96440811798136,3.98618093165774,2.33599957361642,1.95049275274405,4.35271558295897,395.637853638762,306.892517002817,0.101392407482658
6,0.00520675864348918,0.031774852,2.038174678,30.03959238275,-28.496042645,0,0,0,-17.24001664625,0.000197874136093188,0.0387442829399776,"16",2.18192195722679,2.89975350739075,3.23799321173929,1.99166388330903,20.2189661215018,28.6769653563613,237.45879467583,306.637737796692,0.104668779020897
7,0.00512663662593607,0.632617285714286,5.24446179271429,0,-124.573486598571,0,0,0,-17.1156021714286,0.000117752118540078,0.0232365781417903,"16",1.98645403856981,2.82630467974129,3.12891879958117,1.9237780596872,21.1117503270698,27.366022872529,213.281082192119,301.751904065841,0.10666649102335
8,0.00509547713689929,1.416077836,10.11222644175,0,-188.2368356875,0,0,0,-16.64443200875,8.65926295032975e-05,0.0171400729258027,"16",2.0548894633544,2.68770737352002,3.33331036644093,1.85371089713286,18.1565306318283,26.0138843865799,203.85228169921,298.590807574847,0.105416882895586
9,0.00514332667909127,2.48215027928571,18.54226556,0,-166.1346586,0,0,0,-15.8118562057143,0.000134442171695278,0.0264868463321646,"16",2.42582814540238,2.97015230752686,3.69832539553691,2.49126620054599,16.8815577354893,24.5340573524687,186.728221685863,297.309325408117,0.106375547657963
10,0.00521189807781647,4.309805022875,17.49497785625,0,-97.2345967025,0,0,0,-14.27521652125,0.000203013570420477,0.0397308659099282,"16",2.52812673885924,2.80804863557802,4.56418888733088,4.29026856190375,16.048311796188,23.3284190918996,163.019752106182,291.008428676976,0.10537093728507
11,0.00524798007433585,5.80081965057143,17.2045427385714,0,-21.6761021088571,0,0,0,-12.0185643128571,0.000239095566939858,0.0466300168225073,"16",2.90060001085629,3.03563282809011,4.89603987076587,4.85523228185397,16.7737514095133,21.5713585221505,139.654549606592,268.255021300075,0.0939452135280945
12,0.00528013930123999,6.953365691125,18.18135891625,0,42.073802505,0,0,0,-9.164823960875,0.000271254793843998,0.0527392420636295,"16",3.64540817414643,3.30608905517166,5.49687460140976,5.11163115529656,14.0899968348112,20.667812499464,174.689498923397,273.947133869505,0.0971456643166983
13,0.00535370629391033,7.93107878857143,17.3482116514286,0,68.6732323842857,0,0,0,-5.83176725671429,0.000344821786514338,0.0665758478963738,"16",4.3365492318202,3.59872464456241,6.10441689993329,5.69255291956041,12.791531280384,19.6369724477262,181.857438587781,262.780716310851,0.0961197205600719
14,0.00544430628656181,8.933731338875,18.34539809375,0,83.73011215,0,0,0,-2.026258315375,0.000435421779165818,0.0833571058266003,"16",6.69432469604167,3.18656111377553,8.55185903348866,7.07605077716443,8.19292794146995,10.7464070396104,175.830261806854,219.466427640837,0.0902126112236796
15,0.005534923001389,10.1628412564286,18.5788171614286,0,56.6888307171429,0,0,0,2.26641561057143,0.000526038493993007,0.0998644158534185,"16",8.20101128916629,2.53104035043969,10.2464072078635,8.15551270451777,6.54197968505878,10.4017979433838,212.300645761842,186.027548177473,0.093347797404179
16,0.00561423944251063,11.53537235625,25.15906276625,0,4.529200556,0,0,0,7.1384752575,0.000605354935114637,0.114092888749771,"16",9.89548083740796,1.75430521209555,12.1381657838036,9.76695008875452,6.67567729503847,8.91549099802106,143.72225452201,140.991545666171,0.0850626253208949
17,0.00564631063956552,13.7162302242857,26.2639778871429,0,-13.4045104271429,0,0,0,12.7482003142857,0.000637426132169528,0.119789108378312,"16",11.5276981009946,1.76898068496322,15.3405189762357,11.5893368205036,7.46540537608929,9.91467818748879,36.1029158920964,51.40124198112,0.0816369833288949
18,0.00559198349763286,16.18801067,26.33253122125,0,-12.672958890375,0,0,0,19.51066966,0.000583098990236868,0.110120814686793,"16",13.8531557005804,1.94799060319714,14.9544826706786,13.4228769051695,9.70856356154019,10.4628330836199,-7.86559113745759,23.4080877377272,0.0722436777131234
19,0.00550429864517255,18.4081701971429,26.78654086,0,-6.494629935,0,0,0,27.3156851171429,0.000495414137776558,0.0943161199313511,"16",15.9139075751429,2.20709069147823,12.6305470098304,13.1081074172388,13.0361500081429,11.3893766514839,-21.4204408378911,11.8434929954106,0.0626787297671567
20,0.00540731937328195,20.4909838225,28.98553239,0,-3.930775581625,0,0,0,36.11324684,0.000398434865885958,0.0765402367254397,"16",18.9057655129847,2.37087212734663,13.6835977655587,13.8263460723778,13.8107741621939,12.9598484516595,-20.9107682657551,12.7614782861318,0.054148336241762
21,0.005307148173318,22.7810201942857,30.1552191885714,0,0.0115080065714286,0,0,0,45.8612461357143,0.000298263665922008,0.0578413855963564,"16",20.2107593641369,1.84203625105109,11.5603309845089,13.5099151440974,15.8578427997024,12.3170830111664,-12.9342575659375,10.2165773381396,0.0347876967746945
22,0.00520603472173553,25.215273055,28.5498279175,0,0.72694879125,0,0,0,56.74693282375,0.000197150214339538,0.0386052382637754,"16",22.2188851308333,2.0289097124739,11.8478889788542,13.5423687121458,14.4670002661607,11.3528610933102,-3.6566148176369,5.04676123786073,0.022753889504295
23,0.00510581770571045,26.8326845914286,23.6250549385714,0,1.562778072,0,0,0,68.5242883442857,9.69331983144573e-05,0.0191673787354256,"16",24.5967738966071,1.84463883383701,13.2985262977929,13.5499556163075,8.80837720907856,8.43246214286692,1.93062718143214,1.90756568940254,0.0105694765488723
24,0.00500974766574948,27.67204197,22.00789258,0,3.012526507875,0,0,0,80.8611253225,8.63158353487693e-07,0.00017231061555556,"16",26.3675462200447,2.0986835286716,14.1645608132143,12.1718242968735,0.92630577834375,1.83942311120109,2.82505021260268,1.96257313266582,0.00646725521304973
25,0.00492887159611693,28.1128451771429,15.3394384114286,0,2.99951762914286,0,0,0,93.48050245,-8.00129112790626e-05,-0.0161031600799886,"16",26.9622891178125,2.17731308066584,9.79557997950893,8.25197296086208,2.24384642857143e-05,4.48769285714286e-05,3.4725903563125,1.26969562487255,0.00374377837269909
26,0.00489980464301736,28.0336115675,15.37903248,0,2.4111561635,0,0,0,106.163264875,-0.000109079864378633,-0.0220179010972092,"16",26.9047564016964,1.96991259433573,12.7231625463259,6.35992163211221,0,0,3.74911877297321,0.863708114954937,0.00497646151838878
27,0.00489788652175565,27.9568132028571,18.6986693728571,0,1.74263406842857,0.857142857142857,0.857142857142857,0,118.807675771429,-0.000110997985640343,-0.0224094466592817,"16",26.5387945908928,1.40246604360571,12.2418494468821,4.03907049891009,0,0,3.780135148275,1.00349981326898,0.0118032027224072
28,0.00488367636687388,28.14780421125,21.96407684375,0,2.996145072375,1,1,0,131.4623376125,-0.000125208140522112,-0.0253149464755724,"16",26.6145269343928,1.10099436600556,13.4414139881643,3.74759362977225,0,0,3.64642698606429,1.24657794215098,0.014735859893422
29,0.00487369546992756,28.6251930357143,18.3647522771429,0,2.99811148314286,1,1,0,144.279538171429,-0.000135189037468432,-0.0273607638103677,"16",26.9716352903571,0.996632597966847,12.5566030534107,5.42665584427003,0,0,3.897357333,0.821737911771856,0.0174774920004572
30,0.00491392878512791,28.6860375,17.49770663,0,2.998074051,1,1,0,157.2417494875,-9.4955722268082e-05,-0.0191394549526924,"16",27.0558221575,1.22394572882596,14.2000485027786,3.42073781900569,0,0,3.89676354641072,0.92925105604369,0.0162863181543693
31,0.00499074660424776,28.64482755,17.9294233457143,0,2.99811148314286,1,1,0,170.189336328571,-1.81379031482321e-05,-0.00362771835774733,"16",27.1864354066071,1.10492013743094,14.984318189825,3.97962694306125,0,0,3.83447519119286,1.77550908086976,0.0188298721762629
32,0.0050691799633524,28.701185955,18.175729245,0,2.998074051,1,1,0,183.137730975,6.02954559564073e-05,0.0119658242638101,"16",27.3915675864643,0.942011852458317,14.8218389423393,4.67621749218817,0,0,4.46967604393214,2.37575487392975,0.0165331946407497
33,0.00511216278689139,28.9005191942857,19.8934179585714,0,2.99811148314286,1,1,0,196.142749528571,0.000103278279495397,0.0204093231444809,"16",27.833226483125,0.888506454819352,17.308777344375,2.67580175439034,0,0,3.00295871640625,1.22545871556543,0.0111748105037826
34,0.00507145813338914,29.31338236625,22.36276996,0,2.998074051,1,1,0,209.281684225,6.25736259931477e-05,0.012415139190229,"16",28.117641485,0.951119248703617,15.4565879814643,4.7701547587789,0,0,3.3998153295,0.736381172844112,0.00451657365274851
35,0.00499640292014687,29.8393532885714,17.3861462112857,0,2.99811148314286,1,1,0,222.643187871429,-1.24815872491225e-05,-0.00249499948199627,"16",28.50885160375,1.08029550133311,15.3751346679688,6.13218420471079,0,0,3.19656337253125,0.231918100594335,-0.00110430748222567
36,0.00492596624597026,29.6834192975,7.797885123,0,2.998074051,1,1,0,236.1193965625,-8.29182614257322e-05,-0.0166927892993494,"16",28.8440390717857,1.31817871986242,14.6171380755357,3.93778374440014,0,0,3.38677601192857,0.468255940034384,0.00312064908447249
37,0.00490716406989939,28.8122672585714,11.2536962641429,0,2.99816083157143,1,1,0,249.352961442857,-0.000101720437496602,-0.0205170442414673,"16",28.815000339375,1.2978880450054,14.29843039325,4.4779173814285,0,0,3.695260085125,0.809727146214996,0.00857170573202156
38,0.00496911672550808,28.27484707875,14.621107675,0,2.98020190775,1,1,0,262.2117342375,-3.97677818879125e-05,-0.00797113384320802,"16",28.5255767207143,1.09295544606064,15.6162104146071,3.29166470240472,0,0,3.37348428953571,0.74912278436287,0.0169745942188346
39,0.00505680446862318,28.1051074985714,15.1529901057143,0,1.49277347628571,1,1,0,274.948347185714,4.79199612271877e-05,0.00952151858084083,"16",28.3353726803125,0.788863567702023,13.1891636606875,5.49040138241812,0,0,3.368325549375,0.752570429815606,0.0248585337346678
40,0.00514939093242267,27.99353376375,15.73860725625,0,1.499108176625,1,1,0,287.612126875,0.000140506425026677,0.0276652044964809,"16",28.0412943271429,0.425801372024223,13.79264314675,4.35678111984195,0,0,2.99654091689286,1.22653995251821,0.03008970037029
41,0.00523740058059665,27.9612840814286,15.7908509085714,0,1.74199657385714,1,1,0,300.2597822,0.000228516073200658,0.0446120648805302,"16",27.746822190625,0.175897725005879,15.0526783858438,2.69024275832768,0,0,2.998091838875,1.22392955900511,0.0319395747727455
42,0.00529350080249187,27.95339906125,17.80839059,0,2.9960307415,1,1,0,312.882973325,0.000284616295095878,0.0552665662358409,"16",27.682141655,0.255811265648233,14.6524305210714,0.82137920120427,0,0,3.05884669128571,1.12697792354777,0.0320567191635755
43,0.00528339360197138,28.0366157185714,18.82983836,0,2.59445636571429,1,1,0,325.526838557143,0.000274509094575387,0.053355380774522,"16",27.69464639125,0.318018832148497,15.1864728803125,1.78271175222861,0,0,3.37209249365625,0.750041639695892,0.032007363281384
44,0.00529263934055708,28.23990123,17.89543994875,0,1.5009660045,1,1,0,338.2374880125,0.000283754833161088,0.0551038134461042,"16",27.7501017785714,0.379096183214771,15.4468825146429,2.25808943365626,0,0,3.42695725742858,0.830319899094805,0.0318726847259484
45,0.00535035260583524,28.4573116857143,17.7917370885714,0,1.49871794742857,1,1,0,351.045556828571,0.000341468098439247,0.0659492280031957,"16",27.8465140659375,0.44333405880125,15.01052340125,1.97596299624738,0,0,2.8426856155,1.26342990002672,0.0301264770306919
46,0.005381746868439,28.65646125125,17.2643682475,0,1.48642440925,1,1,0,363.94189645,0.000372862361043008,0.0717997797322978,"16",27.9399888157143,0.534481828245922,15.0119957735714,1.95029621334256,0,0,3.29567829010714,1.3612133547489,0.0271857416247857
47,0.00533488509536198,28.8040512071429,17.0032964757143,0,2.878017443,1,1,0,376.926443785714,0.000326000587965987,0.0630541083212615,"16",27.8717616745357,0.669524533031157,15.2821063421786,1.36367661242767,0,0,3.29551238036429,1.25886867654992,0.0290523491641403
48,0.00525437213256973,28.8957375775,16.33351345625,0,2.998743376,1,1,0,389.961322875,0.000245487625173737,0.0478472791606004,"16",28.055025674,0.76135222212598,13.6785690771429,2.89230390923672,0,0,3.57011114863929,0.847520972907565,0.0252329132321853
49,0.0051734446203112,28.8114361671429,14.6381465242857,0,3.01508061457143,1,1,0,403.005484871429,0.000164560112915208,0.0323254997871452,"16",28.2265809896786,0.846082298997008,13.9255555401393,1.8186952927515,0,0,3.29414449938929,1.25572105390938,0.0235444326868028
50,0.00512343434703062,28.6780555175,13.81137030875,0,1.572286768875,1,1,0,415.9905042625,0.000114549839634628,0.0226117475517205,"16",28.1999582743572,0.799128052675287,15.1631260962143,1.59701461611957,0,0,3.40538792912857,1.24384649703303,0.0252763108811229
51,0.0051533265939837,28.5392931,13.8842552014286,0,3.00455656042857,1,1,0,428.9201735,0.000144442086587707,0.0284292090741038,"16",28.3266639680804,0.659527147156529,15.4912924483036,2.0855857004387,0,0,3.42181744547768,1.39330680747053,0.0298964147103113
52,0.00522882104798962,28.33096683625,11.30307430625,0,2.998117230875,1,1,0,441.769044025,0.000219936540593628,0.042972593699953,"16",28.2379062760268,0.585965433388143,15.250877533125,1.63816225207407,0,0,3.74903106898214,0.863878395587598,0.0328273017373276
53,0.00530681699217368,28.0503736657143,17.2268877357143,0,2.99811148314286,1,1,0,454.5053206,0.000297932484777687,0.0577789808054945,"16",28.1615289171875,0.483160950120472,16.3432570278571,4.28374829395957,0,0,3.74753882450447,0.865360844507677,0.0294588266984972
54,0.00535071001499261,27.96949517875,16.88600755375,0,2.998074051,1,1,0,467.142232075,0.000341825507596618,0.0660160268181338,"16",28.1765658428125,0.148258615713824,18.2183329082589,3.03782263229089,0,0,3.74921588257143,0.867326132344522,0.0203303115084182
55,0.00531456949303629,27.9972558428571,18.0643637142857,0,2.99811148314286,1,1,0,479.789583628571,0.000305684985640297,0.0592387717855392,"16",28.3015899333036,0.41598734576716,17.8413151462947,2.8111514315931,0,0,4.03138511178572,1.27932209260834,0.00962367433131312
56,0.00524119612291996,28.09208090375,17.5898521975,0,2.998074051,1,1,0,492.4522148625,0.000232311615523968,0.0453365020402483,"16",28.4753748696428,0.835514386122891,18.4965954191072,2.74054106981141,0,0,4.01596454264286,1.25885623889087,0.000802238084095119
57,0.00518398754609306,28.2098863771429,18.5603832271429,0,2.99811148314286,1,1,0,505.1731758,0.000175103038697067,0.0343613189072149,"16",28.6711250475893,1.14529486458752,16.7221629139107,1.82218381942327,0,0,3.77315765309821,0.917592769085794,-0.00687782863719262
58,0.00519150765963144,28.29928368875,17.22183030375,0,2.998074051,1,1,0,517.930658225,0.000182623152235448,0.0358109103842779,"16",28.6844588870982,1.15561179453877,14.5371834880045,5.50795484421243,0,0,3.15988474446428,0.977732490598413,-0.0133471472252181
59,0.00519317752136062,28.3949084828571,16.5034077357143,0,2.99921219828571,1,1,0,530.739785128571,0.000184293013964628,0.0361325112190283,"16",28.99446350725,1.16672046543564,11.7069092531464,5.15057246977487,0,0,3.12860271757857,0.850026628791671,-0.0173013970111935
60,0.0051438076460276,28.44811314875,16.47836126125,0,2.4110418325,1,1,0,543.5748777,0.000134923138631607,0.0265803547694281,"16",28.7111062607143,0.940430830810364,12.6701669021786,4.65297178173065,0,0,3.37492016389286,0.74817117093707,-0.0243914217935426
61,0.00510690317071269,28.3838888728571,14.8801414757143,0,1.499693236,1,1,0,556.423005428571,9.80186633166976e-05,0.0193799498999967,"16",28.71401888875,0.7156589226186,11.6979421430313,5.84478617806858,0,0,3.2260860478125,0.891396086597498,-0.0220361620982783
62,0.00514117437949409,28.25757168375,14.60071835,0,1.499322817375,1,1,0,569.208179025,0.000132289872098098,0.0260682942654213,"16",28.7056534653572,0.499824021889898,11.3562775021429,5.20570096159466,0,0,2.99827085682143,1.22371364555679,-0.0176511770127908
63,0.00521656365268745,28.1148134,14.5359331714286,0,1.72497809442857,1,1,0,581.9494854,0.000207679145291457,0.0406256431480969,"16",28.59396519875,0.290828649903606,12.6982842979063,3.86947977537223,0,0,2.99877993134375,1.22408646228303,-0.0103771060758502
64,0.00529613681790544,27.94667549875,13.9727069375,0,4.4396901675,1,1,0,594.6016004875,0.000287252310509448,0.0557644143233249,"16",28.4805034235714,0.326538727962244,14.6912826160714,1.90321731623859,0,0,3.32375934117857,1.2958208424166,-0.000479675415984573
65,0.00535162217116232,27.8088215171429,13.2102561285714,0,4.25406358142857,1,1,0,607.2055571,0.000342737663766328,0.06618648614214,"16",28.392921190625,0.464110120944502,14.55479799375,1.82523641628973,0,0,4.48135220653125,1.22272667251891,0.0101069495033597
66,0.00532581043769582,27.671728095,14.88284409125,0,3.00000303025,1,1,0,619.7292889,0.000316925930299828,0.0613516566079451,"16",28.2853696932143,0.555104426019215,15.1587276439286,1.96293296192117,0,0,3.92770834221428,0.657288053308356,0.0187520492462196
67,0.0052460011542903,27.5733003757143,18.2825739528571,0,2.99816083157143,1,1,0,632.2094316,0.000237116646894308,0.0462528634832404,"16",28.2108196953125,0.541558286142556,15.4952984121875,1.45661991518798,0,0,3.37343062275,0.749122006617279,0.0246043498908295
68,0.00515251320142716,27.68685919375,16.9425608875,0,2.98020190775,1,1,0,644.6832420875,0.000143628694031167,0.0282713582713372,"16",28.1209549814286,0.512727061483744,16.9820719535714,0.872462579927646,0,0,3.11007401460714,1.04688962080912,0.027799313266725
69,0.00505631836870899,27.8626914328571,17.8365063485714,0,1.49277347628571,1,1,0,657.240396957143,4.74338613129979e-05,0.00942538607799825,"16",28.0694080978125,0.461795651295551,16.2241365171875,0.876707948581169,0,0,2.8034551716875,1.24685211717726,0.0287892710842477
70,0.00496311554845264,28.08118413125,18.1978690075,0,1.49899384575,1,1,0,669.8687963625,-4.57689589433525e-05,-0.00917955859594333,"16",28.0421224860714,0.417859813446319,17.1715156296429,0.48720568542226,0,0,3.141816043,1.20884599206754,0.0288139455819534
71,0.00488604036484955,28.3118348114286,16.2540283385714,0,1.49905574157143,1,1,0,682.616498228571,-0.000122844142546442,-0.0248310024599316,"16",28.1124144596875,0.495527463695935,16.9884324115625,1.00295125085826,0,0,3.01159691540625,1.22454343409512,0.0284507335252806
72,0.00487486938427867,28.3697839325,17.88404505125,0,1.499151356375,1,1,0,695.417768025,-0.000134015123117322,-0.0271199254202541,"16",28.1693028414286,0.589501961503967,15.3350788042857,1.81541664152405,0,0,3.37713003853572,1.43969869725716,0.0271628209099139
73,0.004921863309646,28.5063029771429,17.6972715385714,0,1.90271085957143,1,1,0,708.266091142857,-8.70211977499922e-05,-0.0175260564584052,"16",28.1643792434375,0.574352872626235,16.3325721553125,2.2320858197309,0,0,3.3728190250625,1.43512415827672,0.0243645093812765
74,0.00494047463535436,28.6417401975,18.74268140875,0,2.996145072375,1,1,0,721.167865375,-6.84098720416327e-05,-0.0137518301993609,"16",28.2593534725,0.292222032023265,13.8364265047857,4.3679401386082,0,0,3.47378919817857,1.26348217322657,0.0193659066333452
75,0.00488316809629601,28.7694504542857,18.6667505714286,0,2.99811148314286,1,1,0,734.142665071429,-0.000125716411099983,-0.0254190272909964,"16",28.225543175625,0.304899501509384,16.556682628125,1.66042510990518,0,0,3.74711031928125,0.866026636627316,0.0113492050535525
76,0.00479539181268721,28.9584381575,17.443033785,0,2.998074051,1,1,0,747.1764373,-0.000213492694708783,-0.0435578184449419,"16",28.0895521401786,0.411768047236632,17.2575720784643,1.33310277938194,0,0,3.89761615381786,0.821154344173542,-0.00372802280233735
77,0.00470504298493839,29.1212774114286,16.6163037485714,0,2.99811148314286,1,1,0,760.307510971429,-0.000303841522457602,-0.0625783267942079,"16",28.0747325050714,0.534104322803012,16.9300536954286,0.806535583246774,0,0,3.88072849043214,0.847587305583551,-0.0153554647950712
78,0.00463063314867066,29.21550682875,15.364462155,0,2.998074051,1,1,0,773.485675675,-0.000378251358725332,-0.0785196275389444,"16",28.0956065065357,0.630606703581974,16.0789945748929,0.73100789613073,0,0,3.85200336672143,1.13131907567312,-0.0243531179736284
79,0.00459180695020459,29.0646868714286,15.0690898742857,0,2.99811148314286,1,1,0,786.662122842857,-0.000417077557191402,-0.0869396176052328,"16",28.10921025,0.678172353326649,16.2352778666429,0.573497988163221,0,0,3.54310611262857,1.03110193871319,-0.0296579971031875
80,0.00457514237809156,28.921439975,15.65149395125,0,2.998074051,1,1,0,799.7524005,-0.000433742129304433,-0.0905754160612062,"16",28.2386620600893,0.606681733266816,14.5077920153616,0.881626252034244,0,0,3.74755039204018,0.865550552412981,-0.0310878291215603
81,0.0045617229307346,28.8268221985714,17.4108815342857,0,2.99811148314286,1,1,0,812.804849685714,-0.000447161576661392,-0.0935128472826987,"16",28.2759008235268,0.473652577309671,13.9774789875447,1.34089566838101,0,0,3.75054764065625,0.862657028846929,-0.029782852264284
82,0.00457031733603564,28.837412645,16.37849972125,0,2.998074051,1,1,0,825.820241725,-0.000438567171360352,-0.091630593722889,"16",28.3002370113839,0.370425190155386,14.5557887393304,1.93355631227172,0,0,3.10519046825446,1.60977344431056,-0.0279585367095224
83,0.00460907569068055,28.8950756585714,15.4482085571429,0,2.99811148314286,1,1,0,838.869693657143,-0.000399808816715442,-0.0831858993911121,"16",28.3404743884821,0.33612354316431,14.8246718041518,1.55187054507945,0,0,3.49835697796875,0.864271450449014,-0.0272281910178706
84,0.0046659651174627,28.82694522,12.75989701875,0,2.998074051,1,1,0,851.905061675,-0.000342919389933292,-0.0709185379503392,"16",28.3603486409375,0.379758583702975,14.4368647778571,2.82300322320663,0,0,3.75140302989732,0.861756509096487,-0.0288936494280032
85,0.00470993273196645,28.6352347442857,10.4652484485714,0,2.99811148314286,1,1,0,864.900558142857,-0.000298951775429542,-0.0615396098583689,"16",28.2953644603214,0.366653570286214,13.4698210952357,2.10304072662986,0,0,2.81303909661429,1.76311894984867,-0.0319397402860538
86,0.00473235052167064,28.37388497125,11.41161258125,0,2.998074051,1,1,0,877.766494975,-0.000276533985725353,-0.0567912178119254,"16",28.2178343196071,0.423741804651692,12.8925380125964,2.54726999993068,0,0,3.23883569359643,1.42201832654159,-0.0364795215206629
87,0.00474517964794283,28.1233016928571,11.6374687228571,0,2.99811148314286,1,1,0,890.541373185714,-0.000263704859453162,-0.0540839441641277,"16",28.137753958,0.51161304892657,12.6541945723821,2.01399138886033,0,0,3.86150568819286,1.13582706671985,-0.0416044093256549
88,0.00476371355540118,27.8885352575,14.979192245,0,2.998074051,1,1,0,903.1791163125,-0.000245170951994812,-0.0501857132885464,"16",28.0759058125357,0.68696014647637,12.1412960564286,1.86016346445054,0,0,3.34362417332857,1.13017464727561,-0.0465117182449799
89,0.00477913894564183,27.7514432128571,14.5272532171429,0,2.99811148314286,1,1,0,915.759354885714,-0.000229745561754162,-0.046952842749997,"16",27.8983357651071,0.799720485291645,14.7636606466071,1.99625623245726,0,0,2.75156388144286,1.19342362471635,-0.0508944266797344
90,0.00476882291197559,27.66835244375,14.80054646,0,2.998074051,1,1,0,928.26303615,-0.000240061595420402,-0.0491137306165719,"16",27.7796524666786,0.794180852293284,14.4235802940893,2.24829485951559,0,0,3.05911088894286,1.19968478954681,-0.0552435378911933
91,0.00474406401778674,27.55413091,13.7906326271429,0,2.99811148314286,1,1,0,940.7464985,-0.000264820489609252,-0.0543190798982316,"16",27.7150096396429,0.881973226785926,14.1848164017107,3.20085415650494,0,0,3.47126925041429,0.972765903415221,-0.058911530509926
92,0.00471566944076108,27.398886455,16.61738099625,0,2.998074051,1,1,0,953.1440946875,-0.000293215066634912,-0.0603223487696605,"16",27.6904417639643,1.00281649422578,14.9543402963,3.08680627496705,0,0,3.59812583071786,0.820683561484229,-0.0609543160507077
93,0.00467260547341908,27.4251985771429,17.7557021071429,0,2.99811148314286,1,1,0,965.534700457143,-0.000336279033976913,-0.0694964023314659,"16",27.8034965998571,1.01733476268147,15.7058596506786,2.87099340037543,0,0,3.59770757740357,0.821064936643687,-0.059633978544023
94,0.00464935624871123,27.50139879875,16.51981833625,0,2.99886883825,1,1,0,977.9374479625,-0.000359528258684762,-0.0744844666696292,"16",27.99300474675,0.91880272876152,15.9710696199643,2.47668706364965,0,0,3.59771506383214,0.821058102500684,-0.053220792215516
95,0.00466705943487757,27.47942053,14.8570264485714,0,2.93375165857143,1,1,0,990.368575514286,-0.000341825072518422,-0.0706840336071224,"16",28.2733272020833,0.799988570584225,15.9557997946131,2.09763221868779,0,0,3.74765704164286,0.82082320694999,-0.0442779434656405
96,0.00467786306684434,27.37526289875,15.20054535,0,1.484698899875,1,1,0,1002.7461374,-0.000331021440551652,-0.0683718396757564,"16",28.3735777158036,0.767929307482115,15.732055455,3.01623426116114,0,0,3.79559031373512,0.906779216282687,-0.0367993910913433
97,0.00466732023749625,27.3009118585714,15.0053934457143,0,1.74265204071429,1,1,0,1015.10683028571,-0.000341564269899742,-0.0706281535974567,"16",28.3913211906548,0.675388005057128,16.1477117384226,2.68289611143947,0,0,3.66080250339881,1.40593457797476,-0.0255519176279101
98,0.00466934525820778,27.2090524475,15.1693494875,0,2.685393856,1,1,0,1027.399931625,-0.000339539249188212,-0.0701943754566763,"16",28.5377076083035,0.816313640861689,14.9339524247321,5.00984730965706,0,0,3.56929818267857,1.81498368610367,-0.0167434252904302
99,0.00471332341637724,27.1661873428571,18.2342320785714,0,1.50446138471429,1,1,0,1039.69015571429,-0.000295561091018752,-0.0608199680632655,"16",28.5071717938393,0.794208071696616,16.3076554746696,2.03708699009215,0,0,3.09391328189286,1.80683728966901,-0.00755724615654474
100,0.00479438882722608,27.1747090775,17.393920055,0,2.226398674875,1,1,0,1051.947402,-0.000214495680169912,-0.0437669964191896,"16",28.2800536307857,0.744395403087516,16.4325863732071,2.26299423295963,0,0,3.14437977402857,1.87234755134087,-0.0036281772708236
101,0.00488850129888048,27.2366154542857,16.6821097628571,0,2.99781178314286,1,1,0,1064.25269085714,-0.000120383208515512,-0.0243274629350649,"16",28.0551715534643,0.55264423353205,16.2511498731179,2.92921840479068,0,0,3.602871696975,1.04050884649781,0.00594107152332816
102,0.00498466592900301,27.29004458375,16.0481056,0,3.01068666775,1,1,0,1076.557008125,-2.42185783929823e-05,-0.00484685107144767,"16",27.8457199597322,0.426092702034174,17.2714441054464,1.75638907005346,0,0,3.35382855607589,0.762714279656413,0.00961081361159451
103,0.00507762572918388,27.3428637071429,15.6451818128571,0,1.61873278571429,1,1,0,1088.90649457143,6.87412217878873e-05,0.0136305388294362,"16",27.6963989146875,0.384597845962432,16.2054853903125,2.229828789283,0,0,3.54983365346875,1.13152795531052,0.0114994643835593
104,0.00515665439836822,27.4334711075,22.42020552125,0,2.5254343715,1,1,0,1101.252538375,0.000147769890972227,0.0290747591363205,"16",27.7116382202679,0.342909763823707,14.4964997592946,1.13741404974224,0,0,3.40255724850447,1.38355783216711,0.00714444595889859
105,0.00518194509299724,27.8691665414286,21.4371949442857,0,4.499099825,1,1,0,1113.74522414286,0.000173060585601248,0.0339672486090645,"16",27.8135132809821,0.262821809940033,14.7957616420982,6.25626608126503,0,0,3.62944668109375,1.02033573294765,-0.000734856479179887
106,0.00512415632858903,28.39181615,20.79869877,0,3.634192559625,1,1,0,1126.44423,0.000115271821193037,0.0227526551207999,"16",27.9989289989732,0.145988921264461,13.3137196478393,6.89414868354942,0,0,4.12287240250447,0.749841182896391,-0.0102400644176428
107,0.00503863988976525,28.7778610028571,17.4761027328571,0,2.996057649,1,1,0,1139.382942,2.9755382369258e-05,0.00592294531245852,"16",28.1578736104018,0.414021051817183,12.2951256398572,6.9439771531687,0,0,3.906636228125,0.729634197728417,-0.016267387591281
108,0.00494689395942941,28.6729331175,9.497169572375,0,2.998074051,1,1,0,1152.3669615,-6.19905479665823e-05,-0.0124533401540843,"16",28.2340784466071,0.841829988618119,12.6970776803125,6.10453750741897,0,0,3.74711185850447,0.866057324559864,-0.0199695437332166
109,0.00485713670622644,28.0482633228571,8.54397315942857,0,2.99811148314286,1,1,0,1165.21747214286,-0.000151747801169552,-0.0307641272728558,"16",28.0021698586786,1.11565663513375,10.9756773976393,5.31032827894341,0,0,3.59760727714643,0.820927609720585,-0.0230430983815563
110,0.0047858345432267,27.21892361125,16.175049352625,0,2.998074051,1,1,0,1177.662951125,-0.000223049964169292,-0.0455528182655982,"16",27.9641541437857,1.21287880969206,11.1610098025929,6.34470387528429,0,0,3.66891167480357,0.927098568648272,-0.0186800008355583
111,0.00477436287420393,27.1069327128571,20.5427079014286,0,2.99811148314286,1,1,0,1189.93133742857,-0.000234521633192063,-0.0479527005667162,"16",27.9594171764286,1.2904677648626,14.2037632284607,7.04116939061326,0,0,3.6863374371,0.953185570504911,-0.0130540154324406
112,0.00481688784618984,27.51819908375,19.65948105625,0,2.998074051,1,1,0,1202.24274275,-0.000191996661206152,-0.0390851918354809,"16",28.1523366613571,1.29218081090299,13.9030993556893,7.16370496597629,0,0,2.93555020874643,0.3988148324205,-0.00883244467720825
113,0.00482895576141934,28.06582465,16.1197556027143,0,2.99811148314286,1,1,0,1214.81296071429,-0.000179928745976652,-0.0365829905212882,"16",28.3026354994286,1.33454209349082,10.5338432967429,6.65618202826986,0,0,2.79259136156429,0.998482140115383,-0.0061150597575411
114,0.00477100419259344,27.8975693825,4.431672974125,0,2.998074051,1,1,0,1227.47750125,-0.000237880314802552,-0.0486564307963082,"16",28.2785474601071,1.67405203337322,7.83172323039286,5.64324879244442,0,0,2.48201266589286,0.615994994947979,-0.00346167600763296
115,0.00469510500908046,26.9898304185714,3.673503849,0,2.99811148314286,0.285714285714286,0.285714285714286,0,1239.90806271429,-0.000313779498315532,-0.0646927571958109,"16",27.9275725052857,2.20567479514296,6.09773272066785,4.91761055522224,0,0,2.75511364020714,0.336799214643246,-0.00827657415789969
116,0.00464146215735141,25.9323538425,3.784895183,0.57698165275,2.998074051,0,0,0,1251.840975875,-0.000367422350044582,-0.0761837987939984,"16",27.3152942626429,2.66008716697778,6.07343802477143,5.24886314770082,0,0,3.016922725675,1.02460009967866,-0.00121975977566769
117,0.00464687417559759,24.7643283028571,3.70325777485714,11.6069640494286,2.99811148314286,0,0,0,1263.32226728571,-0.000362010331798402,-0.0750184622798775,"16",26.7754455161786,3.16169384969921,6.45091879720714,6.00351846954465,0.11539633055,0.258034039463836,3.79264873121429,1.93929166861032,0.0058215959275393
118,0.00470679212649501,23.79247423,3.573598282625,14.7600737475,2.99823294025,0,0,0,1274.259923625,-0.000302092380900982,-0.0622066369975043,"16",26.2926210950714,3.52180451679663,7.75496927481786,5.92844916367702,2.32139280988572,5.19079212538372,3.634001235225,1.28081686918672,0.0184593429676114
119,0.0047969545094633,22.6762029371429,3.54521673814286,15.154547875,2.99572534842857,0,0,0,1284.78640528571,-0.000211929997932693,-0.0432319968565942,"16",26.1980945992262,3.33497454037585,11.5776130380298,9.26242568056905,2.46029506320238,6.02563638335553,3.95116318114881,1.05312249576083,0.0319508749929907
120,0.00489738160333024,22.036120735,3.421988863375,6.274771794625,1.85096424325,0,0,0,1294.84580075,-0.000111502904065752,-0.0225125410124116,"16",25.8739957047917,3.70756774882209,13.0643317462619,10.8697853406921,4.49927296688988,7.04798998829484,4.08136245167857,1.20948221862558,0.0551739408817078
121,0.00500141202980517,20.8400616157143,3.38300392228571,17.1731064885714,0.776899653857143,0,0,0,1304.60104642857,-7.47247759082248e-06,-0.00149295853558851,"16",24.4568209066429,3.65687045526338,11.2969125833607,10.8386995194541,7.65673330185,8.56190629930801,2.61991485716786,1.73781827530013,0.0701504429187312
122,0.00510734064394811,19.1225073175,2.92281543875,15.9620394475,-0.89452422925,0,0,0,1313.590171375,9.84561365521179e-05,0.0194656093447989,"16",23.0875464130357,3.45310659943281,13.4432378346964,13.583109228186,11.6553289979643,10.732250605819,1.00647913408572,1.38191617672043,0.0890048182475859
123,0.00521429550283962,17.7155722942857,2.80209927742857,15.7895438071429,-8.92722055442857,0,0,0,1321.92187757143,0.000205410995443627,0.0401907509103108,"16",22.2394617958631,3.51854296740684,15.9866509874792,13.9633591480764,9.47327690217262,10.5100840937452,-0.892438711836309,2.30429213949941,0.107789869073572
124,0.00532187639970776,16.15567336875,2.744258213,17.0512375125,-43.51984845625,0,0,0,1329.5396985,0.000312991892311767,0.0606127096134932,"16",20.8631873945833,3.55735587946879,16.6754298284821,14.8351459140403,9.64875517669643,10.7657282731416,-8.56703267705655,9.71945407572053,0.133464189032203
125,0.00542978030905208,14.8435416028571,2.79999872271429,12.7208498657143,-67.0692413314286,0,0,0,1336.45144442857,0.000420895801656088,0.0806854357501932,"16",18.5042016749107,3.01012745593934,12.2154168192798,14.2083798416954,12.6948075549703,10.121827011251,-26.0039311977083,21.5359213314421,0.155298170626027
126,0.00553780946970607,14.0358777275,2.817821903875,9.20439177825,-49.24808634875,0,0,0,1342.665928625,0.000528924962310078,0.10038578098851,"16",18.0731894903794,3.21772837985845,16.6934163323237,14.6213260567943,8.42630145620536,9.28828982415301,-35.8338548061094,27.7116355505433,0.179479984342521
127,0.00564578439915184,13.3245537514286,2.823892086,11.6422755607143,3.85935924471429,0,0,0,1348.42075685714,0.000636899891755848,0.119695903281661,"16",16.0871282165476,2.20513070496777,14.8081662838452,13.9090507224088,8.76030611869444,8.99238105913413,-37.7097332029464,24.9072844395121,0.186880253507204
128,0.00575352268397449,12.19920933625,2.666537520375,14.62990684375,38.5662077925,0,0,0,1353.763394125,0.000744638176578498,0.138599068237416,"16",14.9165161638492,2.21267050614048,14.6727939103988,13.7368569058991,8.47581314520238,8.69062509026128,-18.7614801714405,29.9938928603084,0.195699811397021
129,0.00586083906444134,11.0203092757143,2.73815712614286,14.8588171757143,131.32373687,0,0,0,1358.76287685714,0.000851954557045348,0.157079538403552,"16",13.6578030261905,1.92911732008134,14.5375328425317,13.6591490116088,9.70984969819444,9.68856885451359,14.7831873426686,47.8407651224623,0.200691693196289
130,0.00596744915812464,9.8262681415,2.74695828125,13.93834120625,256.84314295,0,0,0,1363.40390625,0.000958564650728647,0.175106319101332,"16",11.6457227213685,1.49450994565849,13.7493442146964,12.4512084957876,7.6256134045552,8.99866395147916,80.4568198108717,84.5340853172829,0.208350284039065
131,0.00607301711999661,8.93775778585714,2.529478033,11.8030366914286,369.860984285714,0,0,0,1367.50338,0.00106413261260062,0.192642295356241,"16",10.7254307575288,1.63542377799124,14.2415226083242,11.5571707449952,5.15329741622528,8.039442925458,160.048671108387,133.130607708803,0.212848296730411
132,0.00617686498203765,8.091262367875,2.531828845875,8.78140363425,460.6390914875,0,0,0,1370.33520825,0.00116798047464166,0.209597617430803,"16",9.58202815779846,1.10967048654428,11.0246301876467,9.66317714175679,5.64650036112373,7.94757199146358,265.570412040791,143.47420753014,0.21788170000252
133,0.00627794347669825,7.41888708085714,4.77944435528571,0.0129936107142857,518.768573285714,0,0,0,1371.38174014286,0.00126905896930226,0.225829213858916,"16",9.28442809321323,1.23036261948337,10.2496787335263,9.19677154704819,5.48916750007458,7.3418622871972,303.344132039055,154.473915703086,0.225829213858916
134,0.00637337917716752,7.046393904,14.450781927875,0,504.1866438625,0,0,0,1370.414313375,0.00136449466977153,0.240916570633738,"16",9.48264377180356,1.13647372702046,10.4584434315286,9.56638484164124,5.85549391266548,7.70112770608732,278.574990670571,147.143766108483,0.22064306085976
135,0.00645487762301441,7.46488965557143,17.8093396557143,0,415.962462628571,0,0,0,1368.08210142857,0.00144599311561842,0.253622824075468,"16",10.5977398309809,1.64229755195293,13.404947995801,11.5365383973956,5.62827879302552,7.92586923518484,175.035264906768,139.659459278168,0.215734868355293
136,0.0064814815687758,8.9060581365,21.37580237625,0,212.5972236125,0,0,0,1364.57443675,0.00147259706137981,0.257735879760004,"16",11.3276967568295,1.47360087751409,13.7423502324464,12.4579789050797,7.83434664505845,9.12686814474425,103.455345602261,95.3345822644145,0.211372462669768
137,0.0064252950094052,10.8436506268571,25.8819207485714,0,52.9912429914286,0,0,0,1360.26308657143,0.00141641050200921,0.249029304095383,"16",13.1630940525714,2.04695730320576,14.6413427508117,13.4132859116597,9.29522404176948,9.32656914438887,28.8052160945211,55.8124028923721,0.205544458979731
138,0.00633614083533753,13.60370598,28.52169574625,0,7.4336977805,0,0,0,1354.79451,0.00132725632794154,0.235056640791034,"16",14.6447854810893,2.25616850497911,13.4721682713964,13.4962755128874,9.09122251505714,8.42154180922871,-13.0287113750464,33.5904852564716,0.198705113668579
139,0.00623795634493267,16.59867611,28.19146062,0,-7.96969998385714,0,0,0,1348.03955057143,0.00122907183753668,0.219439378888588,"16",16.0231847298661,2.34844690334229,13.1352544918259,13.8677009001346,9.85534438353125,8.94880281854589,-41.4272373553326,23.8086247048342,0.188236883731428
140,0.00613554661158725,19.4034689825,29.39404268125,0,-8.820459658625,0,0,0,1339.87994525,0.00112666210419126,0.202885930679634,"16",18.2481665416837,3.13022601866162,14.8910592256735,14.7771735262334,10.4428787697704,10.2334423341833,-33.0625264142143,23.94857024885,0.169971662045625
141,0.00603091567623638,22.0973860542857,29.0890750928571,0,-5.51674420828571,0,0,0,1330.530493,0.00102203116884039,0.185685612174607,"16",20.1906853908929,3.70289931347945,14.6852624548418,14.5301981565327,10.7062526532398,10.2182285206163,-13.5602920740842,15.9138817425877,0.143380851899671
142,0.00592485813633457,24.3956987575,30.08105388,0,-2.4005143035,0,0,0,1319.970351875,0.000915973628938578,0.167943503321902,"16",22.6851704279464,3.98479735314792,15.8202512753363,13.7663648390357,9.47327690217262,10.5100840937452,0.0187304160327394,2.64447891460081,0.111407669629928
143,0.00581792431838932,26.5753006,27.53796446,0,-0.612926854857143,0,0,0,1308.46611314286,0.000809039810993327,0.149730311937303,"16",24.6620793612798,3.69192044600318,14.2451406436637,12.1293536867824,7.26956328386607,9.20888519903484,2.32712874927679,1.73389989254375,0.0771241426434605
144,0.00571040073919921,27.98227025375,20.02537008,0,1.278374581375,0,0,0,1296.071751375,0.000701516231803217,0.131075963657524,"16",24.84610236675,3.48213098127214,10.7970797566179,10.4290834873899,6.65374259285,6.85278891210667,3.68897363820714,1.55578985124384,0.0622363483266277
145,0.00560253993417168,28.4295628128571,17.6615518485714,0,5.11951031785714,0,0,0,1283.32860085714,0.000593655426775688,0.112006815380548,"16",25.7518009565,3.5226032794881,10.3608252759214,9.80491552360125,2.95235407584286,6.60071600215591,3.71749375380714,0.988343679744321,0.0403637119053315
146,0.00549452049954873,28.7590789525,16.97458072625,0,4.698830490375,0,0,0,1270.38286725,0.000485635992152737,0.0925380839634133,"16",26.3220257851428,3.54806197884139,7.796127944425,6.00863104382447,2.32139280988572,5.19079212538372,3.86980090815,1.595686453024,0.0272707005777709
147,0.00538652458925909,28.9061024028571,17.1803740742857,0,5.877828855,0,0,0,1257.36967171429,0.000377640081863097,0.0726871498294637,"16",27.6110846213839,3.03841080731882,6.59177279459822,5.908517357827,0.1442454131875,0.288490826375,3.88625212786607,1.73081325561568,0.0122057825672925
148,0.00527875594729439,29.0592521975,15.4518319675,0,4.68229945025,0.5,0.25,0,1244.257935125,0.000269871439898398,0.052477215801459,"16",28.0978851996875,2.4288235277826,6.52237680911606,5.57003339543881,0,0,2.85341252251339,0.29469140019356,0.00811588941177961
149,0.00517145693363211,29.2277133542857,14.8658580128571,0,2.99938647242857,2,1,0,1231.10446628571,0.000162572426236117,0.0319412164462634,"16",28.5064081829018,1.8199142831113,5.51284495302232,3.78261864007073,0,0,2.72702902954464,0.32507791721957,0.00140045374406679
150,0.00506506711219189,29.1836917125,11.1058895875,0,3.004110889625,2,1,0,1217.885827375,5.61826047958975e-05,0.0111541504858801,"16",28.6444615430357,1.34480433376035,8.9821258492009,6.01107925655225,0,0,2.92314435186607,1.1025786667812,-0.00272973411712475
151,0.00496037142687976,28.9666265457143,11.5748429314286,0,4.19431375542857,2,1,0,1204.76797114286,-4.85130805162326e-05,-0.00973261451153817,"16",28.2080234901071,1.24827512977861,13.8615477689393,7.12093763825033,0,0,2.93532257928929,0.398769734651644,-0.00547102832628907
152,0.0048598013257969,28.81267647125,13.1629373275,0,3.347539221375,2,1,0,1191.705679875,-0.000149083181599092,-0.03021567886789,"16",27.8173364325,1.20555682922514,15.2602540072887,6.80878033896957,0,0,3.57163311144048,0.897659556516308,-0.00917638375085448
153,0.00476645209478153,28.7144089271429,12.7442437214286,0,4.92476335171429,2,1,0,1178.731159,-0.000242432412614462,-0.0496110035723092,"16",27.8399490550298,1.12668603880463,11.9966830609315,6.0327698928645,0,0,3.55710540416964,0.873277308596842,-0.0156941322322205
154,0.00469636404158823,28.5627244825,10.397752935,0,4.852788700875,2,1,0,1165.77001325,-0.000312520465807762,-0.0644246346088737,"16",28.0098521027083,0.998051042409336,10.5703933579375,4.85233964816343,0,0,3.49769131147917,0.773974749906333,-0.0221852062825231
155,0.00466321289205586,28.3568211857143,10.9970742485714,0,4.49666572371429,2,1,0,1152.92841571429,-0.000345671615340133,-0.0715085632290666,"16",28.0784460546131,0.900828874170754,12.8390333374792,5.25985629642131,0,0,3.49743258933631,0.774369771840236,-0.0244788650540597
156,0.004663032758441,28.168424855,14.64547304125,0,4.497111076875,2,1,0,1140.14917325,-0.000345851748954992,-0.0715471926235232,"16",28.2818710888928,0.453251527158559,13.3313210584571,6.44458057249925,0,0,3.7245205123,0.751734804717298,-0.018486420881655
157,0.00469960902162007,28.0870234228571,14.3169781014286,0,4.497167225,2,1,0,1127.45801,-0.000309275485775922,-0.0637339174112084,"16",28.0775064291786,0.216463938191464,14.8107154722714,6.84484821197673,0,0,4.02513643392857,0.68517001353163,-0.0113957871919854
158,0.00477013294452195,28.01530846875,14.0122862575,0,4.497111076875,2,1,0,1114.772762375,-0.000238751562874042,-0.0488390606114191,"16",27.8246439330714,0.228967104438128,16.1240483025357,6.17878436435286,0,0,3.803377309875,0.965439316626665,-0.00388959330538392
159,0.004840764262774,27.9824999314286,14.9869849571429,0,4.497167225,2,1,0,1102.13731157143,-0.000168120244621993,-0.0341406226035321,"16",27.6560047977143,0.321971610735087,16.0812409116857,3.67794856418932,0,0,3.22713267310357,1.2607708413848,0.00515078112458751
160,0.00486300972384086,27.9579423125,14.54400046375,0,4.497111076875,2,1,0,1089.486601125,-0.000145874783555132,-0.029555705516966,"16",27.6256918731786,0.368692359473217,16.0934246748214,1.94727767458017,0,0,3.16361347991786,1.30617638453821,0.011305730343025
161,0.00484610455137626,27.949418,13.71338537,0,4.497167225,2,1,0,1076.87395414286,-0.000162779956019732,-0.0330380394808589,"16",27.7345848845357,0.444883431630881,17.0267764043571,1.61647404675548,0,0,3.28520017841071,0.678121726092463,0.0109251467645983
162,0.0048691631239482,27.9746547675,17.1244844975,0,4.497111076875,2,1,0,1064.228037875,-0.000139721383447792,-0.0282911573226192,"16",28.0753007499553,0.636018580545513,16.0328162170223,3.33506072629255,0,0,3.379311852,1.05373218495908,0.00308838578616588
163,0.00492269820579588,28.0806714485714,16.2809708057143,0,4.497167225,2,1,0,1051.59035928571,-8.61863016001123e-05,-0.0173564407505626,"16",28.3298991763393,0.849864008007679,16.4704902650804,2.61124730689196,0,0,2.80618291128572,1.97781015710696,-0.00477219922746852
164,0.00493063139997283,28.2508731025,16.34687323875,0,4.497225408,2,1,0,1038.85139875,-7.82531074231627e-05,-0.0157461839038895,"16",28.4928841872768,0.998177738754543,17.168928019067,1.37107203526794,0,0,3.334895163875,1.68502298540199,-0.0126432991778337
165,0.00487047630048,28.4400336928571,17.4541462971429,0,4.8986058,2,1,0,1026.06758042857,-0.000138408206915993,-0.028021501238741,"16",28.5241316158036,1.04856490811195,13.5839970165625,5.87536378226808,0,0,3.81423721095536,1.74470764897447,-0.0207817506052926
166,0.00478309549971517,28.6231085375,16.17113804625,0,5.13130060625,2,1,0,1013.1614905,-0.000225789007680823,-0.0461253051615831,"16",28.3500719183928,0.85940918937226,15.636771735,3.20744560362034,0,0,3.45742797921429,1.54097390426257,-0.0289150847315243
167,0.00469198210464563,28.8077943185714,17.24417726,0,4.49511339085714,2,1,0,1000.20478772857,-0.000316902402750363,-0.0653581189732542,"16",28.28871955,0.820062811057232,15.7315338146875,2.22810825382971,0,0,3.73140998557589,0.884288792623857,-0.0370749774180655
168,0.00461053243989502,28.93843668,15.88034411875,0,4.497111076875,2,1,0,987.145300525,-0.000398352067500972,-0.0828698883037946,"16",28.2328320634821,0.87294830432111,15.1471938254464,2.21321861269461,0,0,3.74780529778125,0.865256264807073,-0.0458535893319337
169,0.00456404624251726,28.9668227114286,12.9230853442857,0,4.497167225,2,1,0,974.076610028571,-0.000444838264878732,-0.0930036711819602,"16",28.0765965487947,0.945939188646756,15.2951668479464,3.05135197016724,0,0,3.74762531704018,0.865464027827489,-0.0541072044529329
170,0.00454873339196656,28.79495112375,13.3662512475,0,4.497111076875,2,1,0,961.012269975,-0.000460151115429432,-0.0963644162546045,"16",27.8956559740625,0.994612538742148,15.5309290584375,3.55548183028993,0,0,3.74760660096875,0.865485639285238,-0.0592243425071892
171,0.00455528888865959,28.65278596,16.65890601,0,4.497167225,2,1,0,948.056314228571,-0.000453595618736403,-0.0949242840844615,"16",27.8674906904911,0.916119211802035,14.5851860268929,3.33154485693586,0,0,3.74860703527232,0.865412560295132,-0.0600557070713568
172,0.00460573339250626,28.68603241625,18.529583935,0,4.498984115375,2,1,0,935.0973128,-0.000403151114889732,-0.083911318272424,"16",27.9361721032143,0.802822133377562,14.5939513733259,2.58637128973115,0,0,3.44864585446429,0.952560148136482,-0.0565513103267483
173,0.0046779513611807,28.8836139928571,17.8640566814286,0,3.93744274685714,2,1,0,922.1197892,-0.000330933146215293,-0.0683529649246264,"16",28.0245401305357,0.837443492337049,15.2173161362947,1.8247445908943,0,0,2.99736876387054,1.22321040033379,-0.0530160579788659
174,0.00474776651674199,29.066004225,14.39152515375,0,2.993262752625,2,1,0,909.01004885,-0.000261117990654002,-0.0535389355305984,"16",28.1393449650446,0.745154448564461,13.4965880313572,1.82293636607939,0,0,3.08108101773214,1.11515398777503,-0.0481615265684215
175,0.00481667599896431,29.0067457314286,15.0792420314286,0,3.06247130842857,2,1,0,895.898926585714,-0.000192208508431682,-0.0391291729051186,"16",28.1620997325893,0.537894411437512,12.6665967157857,2.28638639546872,0,0,4.23948498708929,0.876183778762015,-0.0402487569396417
176,0.00485492380242139,28.8859819075,13.69728565,0,4.5115635335,2,1,0,882.81450035,-0.000153960704974602,-0.0312198294991353,"16",28.2032212933929,0.418861764588016,13.233094625808,2.68445442124511,0,0,3.67501289824554,1.19490875694017,-0.032286349606415
177,0.00486065335766732,28.7098421885714,11.5464502628571,0,4.49747265585714,2,1,0,869.813070957143,-0.000148231149728673,-0.030040371871908,"16",28.2821726830357,0.341892632859106,12.975491447125,2.89461800976628,0,0,3.37149443164732,1.43725288735994,-0.0244909443406097
178,0.00485532434651648,28.513960185,11.8286922975,0,4.497111076875,2,1,0,856.877078725,-0.000153560160879512,-0.0311373302507283,"16",28.333067174375,0.354255832770845,13.8517695662054,2.78766920529757,0,0,3.14317706408929,1.84969897194644,-0.0185010883579317
179,0.00484936764169852,28.33422316,11.5828536485714,0,4.49826793985714,2,1,0,844.048605085714,-0.000159516865697472,-0.0323649231409489,"16",28.3425737784821,0.370235489721166,14.5100585554911,1.4167514691656,0,0,3.60388894174554,0.732047149104655,-0.016186270150586
180,0.00482111376289144,28.1699592825,13.90928015625,0,3.908155439125,2,1,0,831.2768533625,-0.000187770744504552,-0.0382082638049361,"16",28.2921784063839,0.376564915787949,14.2554121608482,1.46952190172564,0,0,3.53227304947768,0.888038690494686,-0.0180836974796459
181,0.0047620066468846,28.0179767142857,14.0793681671429,0,4.04387587328571,2,1,0,818.6018545,-0.000246877860511393,-0.0505440921749223,"16",28.2401095179018,0.428575881176436,14.5122380897768,2.04767527886382,0,0,3.21875408755804,1.71091359233221,-0.0227055848375025
182,0.00472190630173263,27.89010123875,14.47018545625,0,4.498074202375,2,1,0,805.9615010875,-0.000286978205663362,-0.0590006403315,"16",28.2067163503571,0.543694041492854,14.0870682638438,1.24751341879119,0,0,3.75030685928125,0.86237892293702,-0.0271620960534863
183,0.00473919987742123,27.7634366714286,14.5136676,0,4.497167225,2,1,0,793.404029328571,-0.000269684629974763,-0.0553449167289344,"16",28.1830329937946,0.662967045002236,15.8203869301339,0.861640697566672,0,0,3.74850546595089,0.866659837554712,-0.0285244154013117
184,0.00479324367962837,27.68565726375,16.12242248625,0,4.503147915375,2,1,0,780.8692692625,-0.000215640827767622,-0.0440058765761941,"16",28.2238990601339,0.725078390787751,15.7950118838839,0.71608097337791,0,0,3.60270036572768,1.53127650539512,-0.0258527345611821
185,0.00485884672314411,27.6943998642857,15.0286190342857,0,5.69336949728571,2,1,0,768.372443157143,-0.000150037784251883,-0.0304121264872315,"16",28.2109981352232,0.66554541959807,16.1598915537947,0.532607908365906,0,0,3.69616059786161,0.927361104725626,-0.0186156164958525
186,0.00491452352869351,27.73165489375,15.82361757375,0,4.850264195875,2,1,0,755.8425827625,-9.43609787024827e-05,-0.0190184300883018,"16",28.1953814450446,0.541403096187007,17.7235185269197,0.777613339602542,0,0,3.75221485892857,0.860462471467722,-0.00761576148313372
187,0.00494343489065997,27.8370374614286,18.6783252314286,0,4.49666572371429,2,1,0,743.305498028571,-6.5449616736022e-05,-0.0131528252557338,"16",28.2249541461161,0.386623376919832,16.8915222570982,1.2372399718246,0,0,3.74761297996875,0.865478273684987,0.00414709378103826
188,0.00495897925780079,28.07380401875,16.79685055125,0,4.497111076875,2,1,0,730.663813725,-4.99052495952024e-05,-0.0100133121306261,"16",28.2895396755804,0.288878026492744,16.5122764520982,1.65422469512463,0,0,3.7471243563125,0.866042845491511,0.0067015203437899
189,0.00500646218984695,28.3297900185714,16.6192258471429,0,4.497167225,2,1,0,717.933116514286,-2.42231754904194e-06,-0.000483721157365835,"16",28.3059233834822,0.320649349887341,13.94127643175,4.46104754932538,0,0,3.47377516114732,1.26346701408383,0.0143389886762523
190,0.0050887222315099,28.5160696625,17.038625555,0,4.497111076875,2,1,0,705.0805288625,7.98377241139079e-05,0.0158135265763173,"16",28.1678226042411,0.577198384069535,15.5966573012053,2.40060464000877,0,0,3.37283306209375,1.43513882082933,0.0202790902724622
191,0.00518023803390512,28.5298431057143,14.0949661385714,0,4.497167225,2,1,0,692.197266671429,0.000171353526509128,0.0336377699550576,"16",28.1506922859375,0.575330364340715,16.1562006427678,1.81032565160567,0,0,3.37728611556697,1.43986061890309,0.0254378089896199
192,0.00526791536899073,28.45540088375,17.3794534925,0,4.497791533125,2,1,0,679.30975975,0.000259030861594738,0.0504214805669534,"16",28.1003785755357,0.484890225718968,16.8785011023661,0.969341472837314,0,0,2.93437544973214,1.10332055025258,0.0291883110643184
193,0.00533319399652855,28.4072573471429,16.9397282557143,0,4.18890567042857,2,1,0,666.485182442857,0.000324309489132557,0.0627370692739646,"16",28.0820737464732,0.468925897807575,16.8743139638393,0.879991448964283,0,0,2.54390581639286,1.10534471173472,0.0263093768442469
194,0.00532067520054051,28.56706238875,15.7509215925,0,1.797264764,2,1,0,653.6072336,0.000311790693144518,0.0603869744336425,"16",28.1128615709822,0.527706541449136,16.3928542226339,0.818274721732512,0,0,3.10196390440179,1.05362187725072,0.0274692683904277
195,0.00524622254028494,28.7408762814286,16.4257924142857,0,2.99129969485714,2,1,0,640.678722057143,0.000237338032888948,0.0462950634966779,"16",28.1659401963839,0.587664727826849,17.2640219078125,0.812973606645318,0,0,3.11140181926786,1.04669210985426,0.0277035846764121
196,0.0051547207573434,28.92081714125,17.55359223125,0,2.9966109135,2,1,0,627.646671725,0.000145836249947407,0.0286997090618577,"16",28.2391754875,0.59176714551171,15.0037329715179,0.624653198699098,0,0,3.61465066419643,0.742658493987415,0.0248666885919921
197,0.00505888875744496,29.03424031,15.5873304685714,0,3.96149107928571,2,1,0,614.563972971429,5.00042500489678e-05,0.00993360873887283,"16",28.2766543963393,0.539481606168916,14.7276043627232,2.02579034728061,0,0,4.43542499386161,1.22836118474716,0.0177239900345076
198,0.00496314101613973,28.9993791225,13.86283734375,0,5.992357685875,2,1,0,601.439446325,-4.57434912562622e-05,-0.0091744272180847,"16",28.3579267628572,0.404602169403082,14.1495351128125,2.17629101073017,0,0,4.18267142502679,0.805240684210948,0.00609250051176079
199,0.00487330783042043,28.8594014114286,12.24178582,0,4.79763455985714,2,1,0,588.371915971429,-0.000135576676975563,-0.0274403040521083,"16",28.4218496547768,0.247235001493946,14.8652870823214,1.61454349060229,0,0,3.24877803393303,1.18614453858601,-0.00668163888089701
200,0.00480886386216924,28.62478633625,12.937803685,0,4.497709330875,2,1,0,575.38094265,-0.000200020645226753,-0.0407523833350263,"16",28.5485441439732,0.298496984251276,13.1461145927277,4.0076326001545,0,0,2.998644404875,1.22386519750276,-0.016984016432494
201,0.00477374764862604,28.4431021171429,14.7291248642857,0,4.497167225,2,1,0,562.498725985714,-0.000235136858769952,-0.0480815691139291,"16",28.6713471701339,0.527779162713171,11.4738133760714,5.31147149050248,0,0,2.99825681979018,1.22369072085077,-0.0234261434594231
202,0.00478424570318719,28.30587693625,15.19926836,0,4.497111076875,2,1,0,549.6722551125,-0.000224638804208802,-0.0458848614627279,"16",28.6968932214732,0.729369629330381,11.5602753283884,5.74037951143031,0,0,3.22610008484375,0.891422773494314,-0.0271336484862648
203,0.00484918089777307,28.2373742671429,14.6486011014286,0,4.497167225,2,1,0,536.9047807,-0.000159703609622922,-0.0324034328047116,"16",28.6942410626786,0.952288529906237,12.5642432196339,4.5974113308316,0,0,3.37490612686161,0.748143097117114,-0.0278030940074826
204,0.0049280387824453,28.169913475,14.22490637125,0,4.497111076875,2,1,0,524.1576338875,-8.08457249506919e-05,-0.016272140749332,"16",28.7067235828125,1.14425377714548,13.480116778942,4.77699811365327,0,0,3.15922977229018,0.97787571734861,-0.0241471105775436
205,0.00498258869996163,28.13476082,15.5375324271429,0,4.49620632728571,2,1,0,511.449829957143,-2.62958074343624e-05,-0.00526366173939952,"16",28.6726314515625,1.14808325765674,17.8407803214107,0.621368818129333,0,0,3.45225237449107,0.903665628355731,-0.0169969100672104
206,0.00496338985938139,28.11041826625,18.1048227675,0,4.80774796225,2,1,0,498.7438408625,-4.54946480146021e-05,-0.00912429021859928,"16",28.5115692356697,0.809656491964937,17.75130468625,3.50885755639575,0,0,3.96659143960714,1.23822217549048,-0.00983748675181919
207,0.00493038299455375,28.1355427514286,16.87109716,0,5.58606149142857,2,1,0,486.057871628571,-7.85015128422425e-05,-0.0157965652144032,"16",28.2879404557143,0.422898789044592,18.1170283138393,2.75248616425197,0,0,3.74429243432143,0.861645930031661,-0.00234229564215946
208,0.0049421107572682,28.20316399,15.8390119625,0,4.499335626,2,1,0,473.332575825,-6.67737501277924e-05,-0.0134207180802797,"16",28.1135691896875,0.147487564637219,18.1181488675,3.08884852024922,0,0,4.0308336535,1.27906821337679,-0.000971968172196736
209,0.00499234804760511,28.31314202,16.21793648,0,4.497167225,2,1,0,460.576905971429,-1.65364597908826e-05,-0.00330688731389728,"16",28.052014885625,0.435395498177505,18.0756442461161,2.45773245761284,0,0,3.7492112035759,0.86729918678268,0.00856508183324589
210,0.00503045176876927,28.4202125225,16.63933066875,0,4.497111076875,2,1,0,447.759914325,2.15672613732773e-05,0.0042965577661116,"16",28.1578082190179,0.535800692687765,14.4793659437946,2.49594268767304,0,0,3.747333307125,0.865630651388509,0.0153546820026496
211,0.00504006039859967,28.4859302985714,17.0751822714286,0,4.497167225,2,1,0,434.916252457143,3.11758912036773e-05,0.00620482864562533,"16",28.2582004238393,0.612370660254847,15.420359812009,2.01332613573423,0,0,3.77989893039732,0.829555273817413,0.0169358720073957
212,0.00506025253650825,28.5873667725,17.91206183375,0,4.497111076875,2,1,0,422.02137635,5.13680291122573e-05,0.0102031531606714,"16",28.3558101911161,0.681819484343471,15.5097598001339,1.9812185704849,0,0,3.5215939258125,1.37878914829008,0.0153809633522329
213,0.00510117269180408,28.7107816457143,17.7863348042857,0,4.497167225,2,1,0,409.090740842857,9.2288184408088e-05,0.0182572154149732,"16",28.4308746399554,0.741955523244456,14.3902914395089,0.883667226379282,0,0,3.37676821625447,1.43435524728598,0.0148754035533792
214,0.00517138182268765,28.76777713125,13.42189607375,0,4.497111076875,2,1,0,396.0965243375,0.000162497315291658,0.0319266922049444,"16",28.396472505,0.759027858346717,13.2134200135223,2.68264944909467,0,0,3.743266174125,0.870531009199145,0.0180334540378746
215,0.00526047451988971,28.53931797,10.6622240057143,0,4.497167225,2,1,0,383.1522252,0.000251590012493717,0.0490079975411408,"16",28.1755045740625,0.699935159130358,14.1597506496875,2.75380357889697,0,0,3.71778425817411,0.901649476965724,0.0253955621516608
216,0.00535002502152148,28.25025086625,13.44738634875,0,4.497791533125,2,1,0,370.3206859625,0.000341140514125488,0.0658879994523636,"16",28.0041590201786,0.619982139423283,15.5865985041071,1.12153691796972,0,0,3.29258151049553,1.366612298408,0.0296910737311378
217,0.00542172145199199,28.0909377257143,14.9152476814286,0,4.18871650485714,2,1,0,357.607920428571,0.000412836944595998,0.0792001374807771,"16",27.9196416777232,0.528333707694124,14.9146331354018,1.96639068303516,0,0,2.84166614154911,1.26341180603885,0.03524563739376
218,0.00542255577153431,28.00954917375,14.52579712875,0,2.372667910625,2,1,0,344.9041238375,0.000413671264138318,0.0793540102583501,"16",27.8353683567857,0.438401965447188,14.9490280208482,1.99976139255753,0,0,3.37514527912947,1.43629164926584,0.0390423157804166
219,0.00536245446348132,27.9649663371429,14.2798156071429,0,4.50250656514286,2,1,0,332.297806114286,0.000353569956085328,0.0682085541517443,"16",27.7339557552232,0.368110677101489,15.3376266522321,2.34237891928861,0,0,3.42561918029911,0.828009973060139,0.0394508777377589
220,0.00530359166043805,27.90038224375,13.8427921575,0,4.497154256625,2,1,0,319.601670825,0.000294707153042057,0.0571710246221322,"16",27.6675876449554,0.298696282715209,15.2565262577232,1.71658947727602,0,0,3.37209573575,0.750048123879378,0.0384515013758272
221,0.00530836794574838,27.7921472585714,14.1230056671429,0,4.497167225,2,1,0,307.000277257143,0.000299483438352388,0.0580711949431816,"16",27.6621354791071,0.247328960529582,15.5655930527232,1.64952251349727,0,0,3.05883265425447,1.1269540370477,0.038398712925385
222,0.00537764837580651,27.712122555,17.77565579375,0,4.497111076875,2,1,0,294.431949625,0.000368763868410517,0.071037935286304,"16",27.787458429375,0.183807122061262,14.9938782738348,2.61233080610716,0,0,2.99810587590625,1.22395248176048,0.0384611137611481
223,0.00545726936332454,27.87466751,17.5404553457143,0,4.497167225,2,1,0,281.893280571429,0.000448384855928548,0.0857353093177284,"16",28.1359041458929,0.418416210309714,14.4918316287589,5.2843926348291,0,0,2.99652687986161,1.22651705424039,0.0367564005239648
224,0.0055159348911552,28.253106785,20.33720927375,0,4.497111076875,2,1,0,269.2137886125,0.000507050383759208,0.0964279173007281,"16",28.4721210901339,0.816766158594326,12.9118311608214,5.01655256571487,0,0,3.36833958640625,0.752598502134392,0.0328795920065105
225,0.0054996104613177,28.8001004242857,19.2278792742857,0,4.497167225,2,1,0,256.344451414286,0.000490725953921707,0.0934640256423247,"16",28.2927435007143,1.27417029275861,15.2139776085786,2.43572465761744,0,0,3.55633243432857,0.766973172362663,0.0264640952449463
226,0.00542298603780684,29.2768058825,17.794531975,0,4.498984115375,2,1,0,243.21327575,0.000414101530410848,0.0794333546142862,"16",28.4428717338571,1.4207400916933,12.7375680957714,4.09008362635394,0,0,3.566687761625,0.570976434466022,0.0192238507064087
227,0.00533331522331373,29.3296160285714,8.83647496085714,0,3.93812646571429,2,1,0,229.956460242857,0.000324430715917738,0.0627597996312756,"16",28.3294741389643,1.35153014941425,14.3629895261321,3.95059321337842,0,0,3.208070391975,0.295050418068388,0.0150271995472869
228,0.00524463290007909,28.6592278875,7.570910634375,0,3.434263452375,2,1,0,216.8364991875,0.000235748392683098,0.0459920109578746,"16",28.2807164800446,1.13249769073601,15.6408363206607,5.41433098906869,0,0,3.46362699177678,0.712597226370247,0.0198398188960875
229,0.00517814773753521,27.7444698585714,9.53176512014286,0,4.50195386228571,2,1,0,204.098675671429,0.000169263230139218,0.0332341749540515,"16",27.9849593340179,1.05682253631074,17.4777321570536,2.78905239844224,0,0,3.40449845512947,0.729677960751951,0.0230411156223113
230,0.00518091242134029,27.26017321625,17.8407732675,0,4.496996746,2,1,0,191.709938075,0.000172027913944298,0.0337679461215012,"16",27.8223439398214,0.918703683206159,16.0532101049286,4.80842008999254,0,0,4.03326574134821,2.50318245325119,0.0265149526055966
231,0.00518718408312655,27.3428203157143,17.3093704471429,0,4.254226393,2,1,0,179.396434085714,0.000178299575730558,0.0349777462863665,"16",27.6063878851339,1.00231446516542,16.0736554383081,3.82519097568502,0,0,3.42671759347322,1.98693585493442,0.0267562038287176
232,0.00512368869489306,27.5817447725,16.49341168625,0,2.998079611375,2,1,0,166.986509775,0.000114804187497068,0.0226613903356485,"16",27.4570699577678,1.13574785433828,14.7403165450804,4.33737971818924,0,0,3.46117384958929,1.37862815253799,0.0262513984320986
233,0.00503554446565909,27.7344116442857,11.1280596915714,0,3.88252409314286,2,1,0,154.4877324,2.66599582630974e-05,0.00530841930560566,"16",27.2286120453571,1.190084338301,14.3272242009866,4.49029283141923,0,0,3.74701474639286,0.866137541579783,0.0217533690982239
234,0.00494557517895824,27.3160344625,8.396044361625,0,4.498074202375,2,1,0,142.0272530125,-6.33093284377519e-05,-0.012719963265841,"16",26.8855354973214,1.12913575418027,13.5967427263572,5.66146517619654,0,0,3.74717811565625,0.866013247807264,0.0158270383378127
235,0.00486755300643963,26.42592935,9.44028428428572,0,4.497167225,2,1,0,129.878498371429,-0.000141331500956362,-0.0286218884374252,"16",26.661676330491,1.26547659860563,14.4416964141339,3.47210471335779,0,0,3.43374192633036,1.33055471774607,0.0113164069890318
236,0.00482983785237406,25.82437334,10.340207448625,0,4.497111076875,1.25,0.625,0,118.1033518,-0.000179046655021932,-0.0364003401874733,"16",26.717399903616,1.55237955616628,12.7172599464464,4.49948364143946,0,0,3.600891166125,1.06230557408305,0.00778624081325052
237,0.00485385764545435,25.4815016228571,8.25071183,0,4.497167225,0,0,0,106.509286257143,-0.000155026861941642,-0.031439456844768,"16",27.1305274348572,1.77912324448425,13.2543365330607,5.63446371856944,0,0,3.48152625107857,0.957873984273993,0.00743049448344315
238,0.00493026994474711,25.0214473975,11.745618065375,0,4.497111076875,0,0,0,95.10960468875,-7.86145626488826e-05,-0.0158194946907875,"16",27.1924003296786,1.95455238803193,10.9043516658929,7.56426907061962,1.79507714285714e-05,4.01391451628467e-05,3.37797581087857,1.11975657886155,0.0055480455047616
239,0.00502231965116898,24.7301630314286,3.823112474,8.97538571428571e-05,4.497167225,0,0,0,83.8713996542857,1.34351437729874e-05,0.00267867173794034,"16",26.5773855646875,2.20020021175572,13.7602702235714,11.7731760190462,0.92630577834375,1.83942311120109,3.18748732157143,1.77683742228546,0.00703952290373102
240,0.00511542452513452,24.21008630875,3.84086699,3.685404857375,4.499829283125,0,0,0,72.806964925,0.000106540017738528,0.0210471545685342,"16",26.1586059513929,2.40409570526566,16.7867191507643,12.2835056341242,5.15086275482856,7.16364050743433,2.40710678573929,1.22749109579006,0.0156020043400189
241,0.00519350972825286,23.1018237228571,3.585440218,14.6499481728571,3.39148150314286,0,0,0,62.0909015757143,0.000184625220856867,0.0361964790420641,"16",24.2437357778125,2.62640761895047,15.6808649797188,14.3884157116687,10.1337188003125,11.8125464420978,0.22407146553125,1.95729890607331,0.0270756909548726
242,0.00525786144953091,21.4548231425,3.081761434625,22.24730293,-1.75117341275,0,0,0,52.02182017,0.000248976942134918,0.0485111375111007,"16",22.244426305,2.55328970505449,16.1598615195,15.2076848301288,11.5667815989286,13.3624139755499,-4.84508671564285,6.05405595508764,0.0363101485405735
243,0.00533210976484703,19.5395440528571,2.71448190842857,22.6332755142857,-8.77345823871429,0,0,0,42.7611338614286,0.000323225257451038,0.0625337498581882,"16",20.1469130315625,2.28327714707982,15.8381843194063,15.196713689841,12.219982600625,14.1332205819101,-14.3963729606562,12.8216052284672,0.0444086116867477
244,0.00542384929512234,18.02394234,2.580819917625,23.4571445125,-26.08143826875,0,0,0,34.3062747875,0.000414964787726348,0.0795925268105835,"16",16.9047986785204,2.04476085200599,13.2447955008087,13.4126452976123,13.2277228589796,12.4274021395719,-22.9274027443801,11.5729677092695,0.0529413492316361
245,0.00552281985027509,16.2346362357143,2.57006952685714,22.4575413671429,-34.0454180557143,0,0,0,26.6342930014286,0.000513935342879098,0.0976753333452365,"16",15.7473964289286,2.46384482454367,15.1483929894487,13.5900181203126,10.3207514185714,11.1379477156517,-18.111160521471,10.8470670678074,0.0701393037777102
246,0.00562186304469577,15.01683586875,2.54052261725,21.4932578975,-21.48482875225,0,0,0,19.740673785,0.000612978537299778,0.115449872317333,"16",14.1125840305159,1.98142915385196,16.2187102874087,13.1162633612643,8.62983427692461,10.3082456530738,-8.39974311000397,21.9548198594971,0.0695381679292899
247,0.00571748932003358,13.8076235485714,2.47905549614286,19.9403425771429,-3.65941525457143,0,0,0,13.4412023428571,0.000708604812637587,0.132316539403825,"16",12.0059479895357,1.63086254297659,16.132376955575,12.0776966941581,7.46540537608929,9.91467818748879,26.3894536343822,50.5721827818202,0.0778199594275533
248,0.00580244140049451,12.4985402175,2.363910735125,22.0571294075,20.14495323125,0,0,0,7.68328277025,0.000793556893098518,0.147065520283571,"16",10.1472292002485,1.59702916070893,13.7187163668318,10.3099057377331,5.72556985498215,8.59709205485455,112.123780710772,114.056186400585,0.0834498329081796
249,0.00584840507393092,11.2986394285714,2.42185557771429,21.4521677114286,93.56105108,0,0,0,2.45502010714286,0.000839520566534927,0.154955747179334,"16",8.31641305194643,2.49643316825801,10.7365489698379,8.15103829905046,6.15715735064356,10.1957129628412,203.147009582742,184.03198656335,0.092985763045888
250,0.00580648962538372,9.890258130625,2.354072596625,19.26820387875,214.6323016125,0,0,0,-2.30542947875,0.000797605117987728,0.147762953143589,"16",4.69124830799872,3.99324610194936,7.04972741288563,6.66511548438505,13.3325770342243,19.8559953224501,118.980353684685,209.626874582275,0.0928285358564028
251,0.0057224470602599,9.26148483842857,3.09424459285714,0.627519685142857,337.121302642857,0,0,0,-6.49956008057143,0.000713562552863907,0.133183282064834,"16",4.16065867444133,3.53554277612323,6.21192305375744,5.76695469868505,13.2259602659284,19.8548917904198,176.312300585814,265.869357307056,0.0978044279011975
252,0.00562694389323514,8.89497490875,3.910249875375,0.0011412705,413.9686524375,0,0,0,-9.68657242875,0.000618059385839148,0.116353230126315,"16",3.42667622687128,3.18706077841496,5.56298396499454,5.21064247417688,14.6770324833242,20.8983428225229,164.719534193643,275.167036519565,0.0978844168478374
253,0.00552770568738666,8.12047477485714,5.11098150671429,0,508.386758442857,0,0,0,-11.0852640042857,0.000518821179990667,0.0985596057402205,"16",3.03242817629789,3.02631535088995,5.45551727384794,5.41637079268823,16.0113081636263,21.3530859515065,132.32133816498,264.040007471448,0.095837821396318
254,0.00542776949682754,7.4063347915,8.3792536285,0,533.812622575,0,0,0,-10.198849181375,0.000418884989431548,0.080315036857912,"16",3.25364759362655,3.14131501234255,5.44053745788561,5.2923274981724,15.3151643304252,21.127594717865,148.672008611844,269.623973427583,0.0970367929296867
255,0.00533125034000061,6.98564239528571,16.1429318471429,0,456.125397114286,0,0,0,-7.78785498728571,0.000322365832604618,0.062372557734184,"16",3.77263730941483,3.30361686965765,5.98473938274977,5.59213155350952,13.5480738796261,20.4379017341739,169.588895214997,269.669373459515,0.0989959319105762
256,0.00525509862637456,7.578238021125,20.24205061125,0,304.812113175,0,0,0,-4.706686739875,0.000246214118978567,0.0479855342276396,"16",4.39581723520663,3.71784789126626,6.55590988929124,6.14859741253596,13.216518258024,19.8610404263813,146.437710037612,237.676522080391,0.0975969141932568
257,0.00520028180307252,9.24085673428571,24.3927053685714,0,107.964726057143,0,0,0,-1.09798970214286,0.000191397295676528,0.0374995791912696,"16",7.13740734129981,3.05496709989079,9.58537502379292,7.48415363120179,7.95038812296303,11.0765508240849,168.250563280038,203.801737670438,0.0905553864935336
258,0.00513119114808199,11.8112120775,27.82857481625,0,-27.958388372625,0,0,0,3.387025902,0.000122306640685997,0.0241245872713547,"16",9.26282431093973,1.74853262025535,10.3468390187522,8.22564579207346,5.424059131625,8.41603926731807,212.161845819944,183.055861198373,0.0867946993315726
259,0.00506440473176604,14.9212848457143,29.2152950242857,0,-46.2484034142857,0,0,0,9.21572110157143,5.55202243700476e-05,0.0110233676723395,"16",10.810759998311,1.62091295221184,12.4221001066622,10.7761116591177,8.99836558319941,9.72007318575214,81.5577105303334,93.6786310620672,0.0772236323503602
260,0.00500570384468596,17.9457945675,29.1503690675,0,-33.52869155125,0,0,0,16.5956431425,-3.18066271003201e-06,-0.000635205889975232,"16",12.5791139607467,1.37640313764026,12.8995599713799,12.2568536829431,10.2201358026786,10.0423607748986,12.9687084692565,40.7201818471405,0.0676887474879297
261,0.00496215726741409,20.67561577,29.5131124285714,0,-16.9109074571429,0,0,0,25.2952910057143,-4.67272399819023e-05,-0.00937265777618634,"16",15.0433650944898,1.56720305657362,13.0962902124311,13.2727609684657,11.7951444783674,11.1552857509253,-18.2826252449464,11.7044552723623,0.0644598779524318
262,0.00495253551410595,23.20804803,29.01195380125,0,-2.68781808725,0,0,0,35.23032121125,-5.63489932900426e-05,-0.0113135663543149,"16",18.1887184268155,1.55766709321709,11.1288717596101,13.2127879399406,16.1125698558929,12.5317115182849,-23.9479266288393,10.8601111370141,0.0486931776920889
263,0.00496792908224613,25.5197809671429,28.47497826,0,0.628198683857143,0,0,0,46.2441376771429,-4.0955425149862e-05,-0.00821016730781654,"16",20.5779394827296,1.94199123794371,14.2167435850893,14.1948535744091,13.5924366854592,12.741659976515,-11.0848624841505,10.5320405874133,0.0355481050929942
264,0.00497997893282052,27.42406449125,27.72574420625,0,2.728679114125,0,0,0,58.23860246625,-2.89055745754723e-05,-0.00578757630532412,"16",23.1648399645238,1.84460628875222,16.1537799803661,14.1511144958499,10.6947876804464,11.8462297254613,-2.07321364597619,4.58998001422018,0.0240881212039456
265,0.00498213112655023,29.07253116,25.7318636042857,0,0.738400110285714,0,0,0,71.0037267085714,-2.67533808457621e-05,-0.00535550042839539,"16",25.3871543303929,1.77072961336919,17.3503120134071,12.8482000358398,5.15086275482856,7.16364050743433,2.40481652193214,1.23138745447736,0.0136967766337994
266,0.00498345181875014,29.66989946125,6.73219361175,0,1.883500467375,0,0,0,84.34589794625,-2.54326886458527e-05,-0.00509044976585304,"16",26.2079410580357,2.07680209609229,11.7728386736571,11.1222828596272,0.741062573446429,1.64595967791397,3.44942330225714,1.64648586656991,0.00747560802031009
267,0.00498928645376247,29.0322512071429,4.413716861,0,3.002735309,0,0,0,97.6331702157143,-1.95980536335221e-05,-0.00392033271242109,"16",26.6622814151786,2.14236728663041,8.85189676296786,4.61597549202421,1.79507714285714e-05,4.01391451628467e-05,3.67489272467857,1.19305610363086,0.00768479952431651
268,0.00499412123610357,28.08553367125,9.6151273815,0,2.998074051,0.75,0.25,0,110.530526675,-1.47632712924227e-05,-0.00295176911722361,"16",26.999961555625,1.81650283593068,11.859334504625,6.77291128583351,0,0,3.60204244359375,1.0614102892319,0.0113174896162643
269,0.00500625240467443,27.5100317128571,15.1419053414286,0,2.99811148314286,3,1,0,123.063114285714,-2.63210272156197e-06,-0.000525624912112832,"16",26.4982320066428,1.40695279465994,13.9728351581786,4.12313536992086,0,0,3.64641949963571,1.24658280914541,0.00828318526483625
270,0.00502465412644453,27.40565658375,11.45666506625,0,2.99823294025,3,1,0,135.4692094,1.57696190485378e-05,0.00314338386375379,"16",26.6004008369286,1.21231715749354,14.3316429348464,4.77660660638163,0,0,3.89714041647857,0.821595211813033,0.0115665627021409
271,0.00504046734822363,27.2578716457143,17.1733530314286,0,2.99572534842857,3,1,0,147.8130877,3.1582840827638e-05,0.00628556838987837,"16",26.92499699275,1.28389744039733,12.6236307099822,3.67300498330341,0,0,3.89754676047857,0.821013163925458,0.0159178460853478
272,0.00505412797807371,27.4615452625,19.37616947875,0,1.8527883985,3,1,0,160.153026125,4.52434706777177e-05,0.0089920935108676,"16",27.0679910503571,1.24359451673503,14.02663937335,3.16959093853144,0,0,3.89675605998214,0.929260106038536,0.020222515166265
273,0.00503618204482401,27.9424151442857,19.2768139471429,0,1.49855424,3,1,0,172.655675171429,2.72975374280178e-05,0.00543502702324883,"16",27.4861704146875,0.977097567096177,16.0984943212098,3.85314437291442,0,0,3.51527613309822,1.87721522547113,0.0213251600133751
274,0.00496957835227568,28.47415864,19.72912653,0,1.49539945725,3,1,0,185.3937790375,-3.93061551203127e-05,-0.00787823900036777,"16",27.6894080658928,0.826824503159264,15.9401319592143,4.69719152915896,0,0,4.03405443703571,2.50211655828519,0.0170406802381875
275,0.00489158330454463,28.8817568042857,18.6872570671429,0,3.10152098,3,1,0,198.3550316,-0.000117301202851363,-0.0236972013722827,"16",27.8830597929464,0.956409572685809,17.7381995227679,2.98166021782993,0,0,3.00296807444197,1.22545866597365,0.010148753543705
276,0.00481903225067159,29.1211936125,16.9548984225,0,3.35680506125,3,1,0,211.4535995125,-0.000189852256724402,-0.0386401062699955,"16",28.2208572779911,1.07829622143278,16.0739259818214,5.61986339443283,0,0,3.39980597146428,0.736387979595949,0.00803247280765929
277,0.00473817637675991,29.3056398042857,16.79375521,0,2.99760998157143,3,1,0,224.659417557143,-0.000270708130636082,-0.0555609049130581,"16",28.6403443343304,1.23219570189743,14.1309787307902,4.54006144710106,0,0,3.19657273056696,0.231907422218038,0.0038835238696409
278,0.0046556069783917,29.415071015,16.56291079125,0,2.998074051,3,1,0,237.923670325,-0.000353277529004293,-0.0731409405677406,"16",28.8050555740178,1.2807049274112,12.2200728034643,4.55958841539892,0,0,3.38676665389286,0.468266296842462,0.00510199292285467
279,0.00460063427882267,29.5233708242857,16.26329788,0,2.99811148314286,3,1,0,251.239926457143,-0.000408250228573322,-0.0850190546297531,"16",28.5972123296429,1.17042295008702,15.1623831785357,2.83918366614223,0,0,3.69528178026786,0.809702240578952,0.0114805807293704
280,0.0046047899737732,29.3675731575,9.389266424375,0,2.998074051,3,1,0,264.559393275,-0.000404094533622792,-0.0841161749734729,"16",28.3912216757589,1.07890740993899,16.4580632673214,1.96884097766948,0,0,3.36899455858036,0.7521696486705,0.0241572368669721
281,0.00466241834462404,28.5960889157143,7.49681664557143,0,2.99811148314286,3,1,0,277.676919571429,-0.000346466162771952,-0.0716789640087105,"16",28.2929377852678,0.797720295498502,13.3221342683661,5.54283164505327,0,0,2.99646844150893,1.22651695714569,0.0292721406766988
282,0.00473669656059536,27.705138975,11.346127233375,0,2.998074051,3,1,0,290.3801124875,-0.000272187946800632,-0.055873271349026,"16",28.0134008934375,0.423877813072535,13.9390474343839,4.42700503665033,0,0,2.99812459197768,1.22395248130241,0.0327720476544401
283,0.00478442891243744,27.3639181571429,13.9858126485714,0,2.99811148314286,3,1,0,302.803417371429,-0.000224455594958552,-0.0458465679155431,"16",27.7387597700447,0.160921638049411,15.0657392989241,2.69480588073024,0,0,3.05881393818304,1.12695538183634,0.0340847101610377
284,0.00478263005107844,27.2547329775,14.41077416125,0,2.998074051,3,1,0,315.134111825,-0.000226254456317553,-0.0462226210682317,"16",27.73639313625,0.252578044995024,15.2836225348571,1.58051087799564,0,0,3.04628350132857,0.976395718360401,0.0342464868019854
285,0.00476398356779141,27.2017596,14.47195376,0,2.99811148314286,3,1,0,327.438189657143,-0.000244900939604583,-0.0501290338242129,"16",27.7630402567143,0.315024740880063,15.91514597625,2.24463099358585,0,0,3.21656526806786,0.736794025121261,0.0298725615320702
286,0.00475813457624036,27.2122843325,14.18132553,0,2.998074051,3,1,0,339.729072425,-0.000250749931155632,-0.0513575403550819,"16",27.8480616688571,0.394672190076717,15.9365940014643,2.24127477552771,0,0,3.04175900684286,1.12203467522001,0.0295495718539328
287,0.00477390349096816,27.1915400228571,13.4763115328571,0,2.99811148314286,3,1,0,352.0224166,-0.000234981016427833,-0.0480489239456903,"16",27.9686735898929,0.471193762941418,15.5667661387143,2.11550283309027,0,0,2.57389208188571,1.24837540538711,0.0265442019334415
288,0.00482568303652771,27.1618688825,15.11052218,0,2.998074051,3,1,0,364.2957087375,-0.000183201470868282,-0.0372609495869103,"16",28.0832833028214,0.562956187212048,15.4624702683571,1.96656498547492,0,0,2.93382751393571,1.4298098716051,0.0227243378140345
289,0.00490549990154765,27.1828591514286,15.5319990271429,0,2.99816083157143,3,1,0,376.575127214286,-0.000103384605848343,-0.0208562321192174,"16",28.0439873053125,0.632407843982863,15.2196331709375,1.56635433098969,0,0,3.3698502675625,1.44088849322589,0.0245152054111078
290,0.00498630867851879,27.28404297,14.53900513,0,2.980043018625,3,1,0,388.8806868,-2.25758288772025e-05,-0.00451734476692778,"16",28.24777135,0.724709346844351,13.4634600639286,3.29323801459008,0,0,3.71762818114286,0.901469485617704,0.0225283443231751
291,0.00503502005679024,27.3185557671429,14.0144255785714,0,1.49771394857143,3,1,0,401.2215611,2.6135549394248e-05,0.00520427244119848,"16",28.4535872953125,0.781618784052907,13.9033380305313,2.09926478533495,0,0,3.74325213709375,0.870514800953133,0.0218771453917479
292,0.00500034641035362,27.3332882975,13.8900259925,0,3.5198106325,3,1,0,413.566886175,-8.53809704237218e-06,-0.0017060449524724,"16",28.4166257685714,0.733831614951823,15.4814011221429,1.65084250145207,0,0,3.37678225328572,1.43436986616852,0.0173469413818772
293,0.00492618766215889,27.3401182785714,13.6904295557143,0,3.12076085928571,3,1,0,425.9242225,-8.26968452371027e-05,-0.0166478415272708,"16",28.3249564728125,0.66293271070328,15.5411915575,2.02977753804085,0,0,3.52157988878125,1.3787759058272,0.0201385461167152
294,0.00486199787806643,27.36037816125,13.8493800025,0,2.9972332655,3,1,0,438.279369175,-0.000146886629329562,-0.0297637970267504,"16",28.2328413053571,0.596079286621329,15.2111399214286,1.68475645550378,0,0,3.77991296742857,0.829571455542722,0.0229169918246465
295,0.00484491147636825,27.44097873,21.7407959414286,0,2.99811148314286,3,1,0,450.650153028571,-0.000163973031027742,-0.0332842623714207,"16",28.141378775,0.523246073317495,14.370403043125,2.35009810091669,0,0,3.74731927009375,0.865614439323737,0.0208489034045924
296,0.00484116525937179,28.04625306125,22.73294477875,0,2.998074051,3,1,0,463.16538395,-0.000167719248024202,-0.0340577885798341,"16",28.02524726,0.407618930244036,17.9702956989286,2.54722297713901,0,0,3.74922524060714,0.867315326529189,0.0134294207686604
297,0.00480889823513061,28.9083140657143,22.0045344114286,0,2.99811148314286,3,1,0,476.022849071429,-0.000199986272265382,-0.040745235526563,"16",28.0860746821875,0.10071720647648,18.023417738125,3.17126249884654,0,0,4.03137575375,1.27933217034649,0.00380623552655273
298,0.00474353281517199,29.72567296,22.490717635,0,2.998074051,3,1,0,489.267595925,-0.000265351692224003,-0.0544310582239254,"16",28.2710351460714,0.428728745044464,18.3750496132143,2.50501006202963,0,0,4.01597390067857,1.25884614998414,-0.00485654284816794
299,0.00467706163981441,30.3890206928571,17.1404249381429,0,3.00265243414286,3,1,0,502.86283,-0.000331822867581582,-0.0685431776693557,"16",28.505288114375,0.813633676462094,18.059736088125,3.45957290615859,0,0,3.7720130573125,0.918876220725015,-0.0124837694582984
300,0.00462798233410605,30.41198788125,6.493327944875,0,2.144723549,3,1,0,516.616483575,-0.000380902173289942,-0.0790922433009253,"16",28.67871709,1.14416760283224,17.1989577363215,1.25774734487495,0,0,3.37436696575,0.747895207266644,-0.0193239741411915
301,0.00459134291309841,30.11027055,5.92670520585714,0,3.00518974914286,3,1,0,530.296657342857,-0.000417541594297582,-0.0870406803349875,"16",28.7155117465625,1.13851729339117,13.1519602649687,4.6314194559277,0,0,3.1594559596875,0.978288067262925,-0.0236413318588111
302,0.00458045966121035,29.7831790675,3.490176848375,0,2.998117230875,3,1,0,543.8155392125,-0.000428424846185643,-0.089413879424372,"16",28.6585076383214,0.82288558502512,13.4318057739929,4.3747089796327,0,0,3.18214449761429,0.778223851672349,-0.0294885994498397
303,0.00459842192092213,29.4485297157143,3.80171085285714,0,2.99811148314286,3,1,0,557.210921214286,-0.000410462586473862,-0.0855000513422546,"16",28.6479928855714,0.637120817130787,12.3343820095679,5.25798655562106,0,0,2.88080748545,1.09179973691908,-0.0261777732981058
304,0.00462233154066526,28.96232751375,7.214371250375,0,2.998074051,3,1,0,570.3929586375,-0.000386552966730732,-0.0803139951458931,"16",28.6160371090357,0.476994230830198,12.0051656717143,4.73600793487611,0,0,2.69848124893214,1.2539837956423,-0.022023124140612
305,0.00464584815036269,28.6196775585714,15.1422574157143,0,2.99811148314286,3,1,0,583.394418885714,-0.000363036357033302,-0.0752392856685464,"16",28.498134839,0.330686054971536,13.0658140726107,3.45036896222457,0,0,2.74401956396071,1.20345543095876,-0.015477380998245
306,0.00468660070775351,28.49507064875,13.1466807575,0,2.998074051,3,1,0,596.2891081375,-0.000322283799642482,-0.0665057118400236,"16",28.3737378386071,0.37008797103963,14.5475674803572,1.67926987580606,0,0,3.54694550644286,1.22817916590285,-0.00610408438991552
307,0.00475993492709357,28.3721856585714,14.1264461271429,0,2.99811148314286,3,1,0,609.134535942857,-0.000248949580302422,-0.0509792386761072,"16",28.2761012559286,0.47935700577411,14.2858896207143,1.69120505763087,0,0,4.43589448151071,1.0637797754174,0.0044989958394817
308,0.00484920260845201,28.313164005,15.367494225,0,2.999997470375,3,1,0,621.9257418875,-0.000159681898943983,-0.0323989556300406,"16",28.1626413735714,0.553549360989056,15.1035509333929,1.70442122337032,0,0,3.74216727982143,0.704377823285037,0.014492088510047
309,0.00492982863987338,28.3104628271429,16.6642145214286,0,1.953668307,3,1,0,634.713012714286,-7.90558675226125e-05,-0.0159090079672088,"16",28.0459599330655,0.499372552780608,16.1365790878869,1.5994468079301,0,0,3.4981750912619,0.773795272052831,0.0230632586798767
310,0.00497306292253182,28.35764261375,15.22525538125,0,1.938279812625,3,1,0,647.5047989375,-3.5821584864172e-05,-0.00717730446347709,"16",28.05268938775,0.463897008106157,16.7132165912857,0.241055328036818,0,0,3.38408226739643,1.10038831172641,0.026880544592642
311,0.00499262276142127,28.3622224857143,17.2022371542857,0,3.00289812057143,3,1,0,660.321593542857,-1.62617459747222e-05,-0.00325186185293624,"16",27.9979566617857,0.445761028072402,16.4996164579643,1.0300164312592,0,0,2.721815832,1.36766077015919,0.0281471180060811
312,0.00502951804261119,28.49012401,15.94186348125,0,2.998074051,3,1,0,673.1469271625,2.06335352151976e-05,0.00411092576925576,"16",27.9619862912857,0.459461034329618,17.0963937685,0.677902637969256,0,0,3.12500255464286,1.04524969558254,0.0283546914555726
313,0.00510170259703374,28.5365123128571,13.5652080657143,0,2.99811148314286,3,1,0,686.041787771429,9.28180896377475e-05,0.0183610891181694,"16",27.9958659309286,0.585048384069608,16.6872003303214,0.676795071672506,0,0,3.312127052375,1.25543955200278,0.0281970986555664
314,0.00517635430655347,28.4640137325,13.02518222875,0,2.998074051,3,1,0,698.9084016375,0.000167469799157478,0.0328877689255629,"16",28.0085620266071,0.647238977169625,16.0705535432143,2.06319101043471,0,0,3.60111107698929,1.34359348802299,0.0269113357913208
315,0.00522534782783659,28.3651116057143,13.0163638285714,0,2.99811148314286,3,1,0,711.7534622,0.000216463320440598,0.0423081276375372,"16",28.3306489151786,0.330399718462563,13.9434810317946,4.46044024494713,0,0,3.47376580311161,1.26347171163506,0.0237592228215282
316,0.00527947224536445,28.2477121125,14.8478065275,0,2.998074051,3,1,0,724.524683125,0.000270587737968457,0.052612901078291,"16",28.3188895488839,0.289175525653085,16.0544157773661,2.36796518678365,0,0,3.74713371434822,0.866032053797836,0.0186820168561711
317,0.00532262378818491,28.18913768,15.9518591285714,0,2.99806213485714,3,1,0,737.282682628571,0.000313739280788918,0.0607531367732745,"16",28.2395977542411,0.385923252947136,16.6155091068304,1.58969204517236,0,0,3.74761595900446,0.865474833691277,0.0112302448508546
318,0.00529109709394196,28.2013394875,17.9324184075,0,3.016045458625,3,1,0,750.0076258125,0.000282212586545968,0.0548123763706556,"16",28.1923309931697,0.54139271112816,17.2283787071875,1.14433847223263,0,0,3.74771902798661,0.865622529302972,0.000697510046840932
319,0.0052190973086982,28.2935409228571,15.5887428657143,0,2.89508216814286,3,1,0,762.7744685,0.000210212801302207,0.041111219676762,"16",28.1879477763839,0.66332667119575,16.7458104392411,0.874347454597098,0,0,3.72640142048214,0.893899281858404,-0.0101084801285005
320,0.00515900388598008,28.31439452625,16.2365611475,0,2.087088773875,3,1,0,775.55807835,0.000150119378584087,0.0295302778326887,"16",28.2186856592857,0.724285362690801,15.6330573134375,0.653447244849544,0,0,3.80469871429464,1.30062227322478,-0.0183346169108155
321,0.00516304035532522,28.32259023,15.1874970142857,0,2.99781178314286,3,1,0,788.354573471429,0.000154155847929227,0.0303123844345059,"16",28.3878886200357,0.736975002995868,15.93901480175,0.730997597411844,0,0,3.41627458110714,1.05609217705138,-0.0232933726029602
322,0.00518394064833556,28.3380542875,12.92219793125,0,3.00887508425,3,1,0,801.1478002375,0.000175056140939568,0.0343522722094143,"16",28.3752176430714,0.607687568021333,14.7365324025393,0.918999162044197,0,0,3.59765512383214,0.821112827961302,-0.0244780972393775
323,0.00515027767459883,28.2895068414286,13.3018467571429,0,0.881663439714286,3,1,0,813.948424357143,0.000141393167202838,0.0278373929803948,"16",28.3860850985357,0.478500726530569,14.6641594968929,1.92513674961178,0,0,3.60006040915357,0.81936859610981,-0.0227017417066824
324,0.00506898737938752,28.246681975,13.13272225625,0,2.59003119675,3,1,0,826.7071859125,6.01028719915278e-05,0.0119278323951439,"16",28.4076721381071,0.400777554756259,14.9203309357143,1.86237350557466,0,0,3.08376718480357,1.39492748624246,-0.0208838637080373
325,0.00497390904264279,28.1974165214286,12.8045604257143,0,3.01212161971429,3,1,0,839.466157171429,-3.49754647532025e-05,-0.00700717829865827,"16",28.4513946425,0.382427497650103,14.94937915475,1.37258378905626,0,0,3.39830787900357,0.781199696661905,-0.0210106678652882
326,0.00487592992266208,28.15642109375,13.1524911175,0,0.579255188625,3,1,0,852.1845531125,-0.000132954584733913,-0.0269023969218294,"16",28.45366795675,0.389493144921233,14.1014712260357,2.55723572861268,0,0,3.60073723411786,0.818821788191374,-0.0242242173699658
327,0.00477952943663372,28.0149366514286,12.4766756924286,0,1.49408944285714,3,1,0,864.8843403,-0.000229355070762272,-0.0468711386949296,"16",28.3654714125447,0.382726911959412,13.7181074459375,2.34223532496625,0,0,3.14277651005357,1.84930784248497,-0.0334328801269414
328,0.00469279278017481,27.78978758125,12.830442140375,0,2.34962592475,3,1,0,877.4654619,-0.000316091727221183,-0.0651853549967356,"16",28.3248460041964,0.403814501665124,12.9080619806518,2.94106091620602,0,0,3.46113813580804,1.53841660675467,-0.0393501048682702
329,0.00464144106770437,27.5873827671429,10.0618516788571,0,4.39375936357143,3,1,0,889.987000214286,-0.000367443439691622,-0.0761883425549481,"16",28.2753467557143,0.472001443384422,13.3022802957634,1.61496575408501,0,0,3.72844226934822,1.26574023576208,-0.0450628026485842
330,0.00463220721341375,27.25642625875,12.49709966,0,1.768381783875,3,1,0,902.358381775,-0.000376677293982242,-0.0781797610049821,"16",28.2807757009822,0.591107307671033,12.0523451555357,2.135617568957,0,0,3.73743477069197,0.818014507097109,-0.0496785225209801
331,0.00464832167202014,27.0704831514286,14.01538922,0,1.50093359471429,3,1,0,914.634676814286,-0.000360562835375853,-0.0747070118431497,"16",28.1052989185268,0.753112758470344,14.9507285032589,2.25390536052811,0,0,3.064221453125,1.11683252243729,-0.0532756851960759
332,0.00469753507906915,26.9908639025,11.573424068125,0,2.361955543125,3,1,0,926.834120625,-0.000311349428326843,-0.0641753158867946,"16",27.9768496077232,0.762705416237391,15.1361193505804,1.83167327515882,0,0,3.23339972539732,1.31014533631793,-0.0561367156907535
333,0.00475262813142484,26.7143404685714,15.4747336168571,0,3.00016531757143,3,1,0,938.991137985714,-0.000256256375971152,-0.0525154801511301,"16",27.9651769324107,0.787365566018026,13.8623370979241,3.60101889736067,0,0,3.589045233625,1.08130636530756,-0.0582719254740464
334,0.00478082312322715,26.73740892625,18.4869519725,0,2.998074051,3,1,0,951.02299485,-0.000228061384168842,-0.0466005029487766,"16",28.0460517721429,0.889192483459039,13.3661086875143,2.84855355937719,0,0,3.89794446551786,0.820494249490099,-0.0595189347405146
335,0.00477650886313346,27.1098957014286,18.0306890271429,0,2.99811148314286,3,1,0,963.195509314286,-0.000232375644262532,-0.0475033198233197,"16",28.1402259705714,1.00896673866465,14.17181729625,3.33062546755306,0,0,3.89750749615,0.821066645125372,-0.0584209126719527
336,0.00475856285135057,27.45297259125,17.50965221,0,2.998074051,3,1,0,975.510284375,-0.000250321656045422,-0.0512675353707355,"16",28.2546417813214,0.910824481220644,14.8207505472143,2.84752800976294,0,0,3.89753369863214,0.821056393894564,-0.0505711620230213
337,0.00476035723603182,27.6874530085714,18.7252732042857,0,2.99811148314286,3,1,0,987.977306285714,-0.000248527271364173,-0.0508905210354262,"16",28.3739529867857,0.819209760368543,15.2938238841071,1.94454476451369,0,0,3.8976664536,0.820849031769895,-0.0424884712435827
338,0.00478300204282333,27.92953468875,18.7527524825,0,2.998074051,3,1,0,1000.5173426375,-0.000225882464572663,-0.0461448443497368,"16",28.3925345037143,0.747171321473735,16.03406250375,2.04474150728581,0,0,3.88415066663214,0.838524644728915,-0.0345037827312302
339,0.0047868697495009,28.3245309328571,18.1680454442857,0,3.00380249728571,3,1,0,1013.22772471429,-0.000222014757895093,-0.0453365353376078,"16",28.4046792422143,0.754220070773648,15.74364499725,2.78799030594753,0,0,3.79220250462143,1.53013736132465,-0.0273505192378826
340,0.00474593272522111,28.68968549375,17.813580185,0,1.26023445225,3,1,0,1026.09653425,-0.000262951782174882,-0.0539252531204681,"16",28.5073120312143,0.908862347675186,14.3580268726786,5.37452656252493,0,0,4.03111092876429,1.58687574582066,-0.0201235914567973
341,0.00471529882305767,28.8206209114286,12.823347533,0,0.726673627857143,3,1,0,1039.110198,-0.000293585684338322,-0.0604009446646678,"16",28.4444819703214,0.871196287664161,17.0045170630036,1.24299384825056,0,0,3.5673612127,1.5490897860619,-0.0123612187481923
342,0.00474596033812382,28.55252882875,11.344963507375,0,2.7838029905,3,1,0,1052.061666875,-0.000262924169272172,-0.0539194349128795,"16",28.0958295385714,0.80432002948038,16.5928086535059,2.06178112159165,0,0,2.99138292416964,1.71609921007215,0.000385704644012996
343,0.00482073475536903,28.2302884057143,15.5641717,0,2.93315244528571,3,1,0,1064.90028114286,-0.000188149752026963,-0.0382868809941659,"16",27.9187455369345,0.596661434150103,16.3229765214077,2.62587333563501,0,0,3.50202837800298,0.962882743432408,0.00896792496916747
344,0.00490639302371714,28.0915380125,15.9222441475,0,2.212241787875,3,1,0,1077.601650875,-0.000102491483678853,-0.0206741832198762,"16",27.7703904037798,0.407466839683611,16.4745445652976,1.9799370443258,0,0,3.4871946861756,0.782745135610536,0.0153214653891441
345,0.00497653611449672,28.0454550414286,14.8586111685714,0,2.99716855814286,3,1,0,1090.29610514286,-3.23483928992719e-05,-0.00647914727679311,"16",27.6810669463988,0.356574868929404,15.8351873063095,1.85300607244293,0,0,3.38586307941071,1.28889359718662,0.0153918739290241
346,0.00498267824414426,27.99638815875,14.67683014,0,2.998074051,3,1,0,1102.943824625,-2.6206263251732e-05,-0.00524569048356938,"16",27.7104206533334,0.317331193789701,15.8988649192619,3.31985097983828,0,0,3.43880509841964,1.24115502070613,0.00907992149739947
347,0.00495451294578227,27.9134869957143,13.2151690028571,0,2.99811148314286,3,1,0,1115.585284,-5.43715616137226e-05,-0.0109143694248424,"16",27.8564213556845,0.219088054123019,15.7720879616964,5.59331363916591,0,0,3.918999604375,0.908773651237489,0.00060535342521959
348,0.00497249625596204,27.60665101625,9.568701551125,0,2.998074051,3,1,0,1128.131036,-3.63882514339527e-05,-0.0072912581484994,"16",28.0790925947917,0.193650212388211,14.7284259104643,6.12553565558926,0,0,4.10380823244048,0.642418764701758,-0.0061619741700631
349,0.00503480377349868,27.0698870342857,14.92495566,0,2.99811148314286,3,1,0,1140.48754857143,2.59192661026877e-05,0.00516131572399203,"16",28.262963383244,0.408037455994746,13.5503463889226,5.78912148574038,0,0,3.85328560639583,0.742675480976541,-0.0113978142635398
350,0.00507492314985015,26.86142942375,16.74871973125,0,2.998074051,3,1,0,1152.640592875,6.60386424541576e-05,0.0130981445752392,"16",28.3218493807857,0.755001312406466,12.057096058725,5.47694403974174,0,0,3.59730429700357,0.82143349973206,-0.0207211640911298
351,0.00507328298489698,26.8158232914286,14.64738808,0,2.99811148314286,3,1,0,1164.78045614286,6.43984775009878e-05,0.0127749022379531,"16",28.2987565004911,1.03593535641943,10.0577497270491,5.65527840611117,0,0,3.74748122564732,0.865340887130856,-0.0197869165070555
352,0.00510699474425151,26.766619735,19.51716377625,0,2.998074051,3,1,0,1176.859574875,9.8110236855518e-05,0.0193978810635524,"16",28.2635377459821,1.16785975224167,9.07197130917857,4.95780302556341,0,0,3.83662108075447,0.979033218209112,-0.0152183752083664
353,0.00517956270872252,27.23976494,19.86723899,0,2.99921219828571,3,1,0,1189.05031657143,0.000170678201326528,0.033507395792987,"16",28.1393302355357,1.41584533428527,12.7878942880759,7.26219820766659,0,0,3.85811874680357,1.00731897629394,-0.00882115986649268
354,0.00524554512325687,27.48295689125,13.200987633375,0,2.2704168325,3,1,0,1201.4207895,0.000236660615860878,0.0461659304396331,"16",28.3196816038839,1.42815013175294,14.0786272862679,8.25950915147605,0,0,3.10183355280803,0.166543359707667,-0.00383259239385903
355,0.00524732401104724,27.1988493014286,5.41915371128571,0,1.50190977914286,3,1,0,1213.80213571429,0.000238439503651247,0.0465049964759547,"16",28.5785820489286,1.36639189517215,11.8125156931071,6.94067659596601,0,0,3.11526175716964,0.796982361267641,-0.00671228169009153
356,0.00517996844180183,26.33858276375,3.64098724175,0,2.361955543125,3,1,0,1225.89141875,0.000171083934405837,0.0335857261857022,"16",28.7635386341964,1.47257960315382,8.87940722755357,5.92824292618446,0,0,2.51202694658482,0.707055442025758,-0.00737181837200911
357,0.00509804738048148,25.3308220771429,4.12912103385714,0,3.00475561685714,1.28571428571429,0.428571428571429,0,1237.57686,8.91628730854879e-05,0.0176443624052363,"16",28.5174135933482,1.82549972045842,6.4528370593616,5.64467228759094,0,0,2.72584792524554,0.323741458713925,-0.00709449874826521
358,0.0050293791600574,24.35339167125,3.69170893275,0,1.9880505605,0,0,0,1248.77770575,2.04946526614078e-05,0.00408331189703137,"16",28.0557699104911,2.40403627555512,6.66887029777678,5.8626349462348,0,0,3.27414076696875,0.979115083754404,-0.00335249586811672
359,0.00500870853194536,23.58603889,4.15896070085714,0,2.22270573985714,0,0,0,1259.59997371429,-1.75975450632422e-07,-3.51332793107062e-05,"16",27.5727971727232,3.01495377040365,7.02390832129464,6.77255727580985,0.1442454131875,0.288490826375,4.18513447905357,1.99687317729713,0.00615764584107534
360,0.00500096281771709,23.15786847,3.433366812875,0,2.996134576125,0,0,0,1270.136481875,-7.92168967890267e-06,-0.00158277962033093,"16",27.1130651139285,3.5515306948359,8.8868182273125,6.34093794900882,2.90174101235715,5.8034820247143,4.08821749115625,1.75411373166192,0.024647656923398
361,0.00498136507476566,22.7281655242857,3.38665303928571,0.00169663171428571,2.99816083157143,0,0,0,1280.51076271429,-2.75194326303319e-05,-0.00550927210757735,"16",27.4453260236429,3.73461693269549,11.7844307399143,9.02487987472706,2.9520147495,6.60090565046401,4.16870636481786,1.08782218946674,0.0365409632375891
362,0.00499190502082417,22.22164053125,3.47937858425,11.839393294625,2.98020190775,0,0,0,1290.658725,-1.69794865718222e-05,-0.00339563241467111,"16",26.03883722,3.92954280705769,12.2573372861428,10.5216234256964,3.78906112667857,7.57699120775961,4.00237660714286,1.16455185398417,0.0509802264820817
363,0.00503109545674642,21.1770881957143,3.68056264042857,20.16950142,1.49156717971429,0,0,0,1300.50879028571,2.22109493504281e-05,0.00442450786181858,"16",25.276754084375,3.65353699800592,13.2010000690937,11.5093968278903,4.5285412723125,5.70126449246954,2.90200177653125,1.86981182924467,0.0575452683439784
364,0.00506673598563359,19.77533110375,3.532002543625,20.93403708125,0.310355228,0,0,0,1309.734186375,5.78514782375973e-05,0.011483583146136,"16",24.2801319916964,3.26359512659985,14.5219242622054,12.4622578179949,7.26956328386607,9.20888519903484,1.3085632111756,1.21603735809159,0.0747162539975976
365,0.00510726615339652,18.4485827214286,3.333320815,19.9435848842857,-4.25114258628571,0,0,0,1318.377207,9.83816460005281e-05,0.0194510242410137,"16",23.0837502436607,3.57478966221127,15.8285317932173,13.7573637184238,9.0115305028869,10.0068986832459,0.856737456056548,1.61838277248121,0.105142364689888
366,0.00518349379457223,17.060722445,3.37622483525,22.15940236875,-25.025557523,0,0,0,1326.37543725,0.000174609287176238,0.0342660688661578,"16",20.9603422731429,3.51120090993202,13.5304076397357,14.4047963328949,10.3390336277857,9.583382665003,-2.79585623971786,4.22689895229682,0.122922103795483
367,0.00528023099701147,15.5566580128571,3.33371212142857,21.1686616414286,-59.7423348742857,0,0,0,1333.72043228571,0.000271346489615478,0.0527566080777282,"16",19.9773751323512,3.41480952690489,16.673307112375,15.0362886556716,9.16669728139882,10.2657047823587,-16.4469611025774,15.4259967588034,0.14512338405487
368,0.00538267833295442,14.50560359375,3.292098232875,16.46966263,-71.43825141375,0,0,0,1340.279548,0.000373793825558428,0.0719728432230111,"16",18.3925793467857,2.92666980008175,16.7039321576205,14.6103368863091,9.13751892354911,10.168312505155,-30.0322680697656,23.7709972664598,0.168600234185875
369,0.00548688339121256,13.5411857371429,3.22997070371429,19.2791891528571,-34.0771876524286,0,0,0,1346.23064657143,0.000477998883816568,0.0911471671909654,"16",16.3215227255357,2.507319036587,12.0974479801488,14.0097795044807,9.92726098589882,8.65563178579099,-45.5984084271815,26.446411956262,0.182522069086906
370,0.00559163613291029,12.46142821875,3.310824638375,19.686799185,29.997047342625,0,0,0,1351.54684375,0.000582751625514298,0.110058694420198,"16",15.9635635105804,2.52367580236281,16.245459724558,14.1367337006323,7.07443989022767,8.13123371146476,-26.0895829220112,24.6788880212616,0.189934087608365
371,0.00569617543930665,10.8136167485714,3.09837994057143,22.1504765414286,126.395304632857,0,0,0,1356.47088728571,0.000687290931910657,0.128581734575043,"16",14.0158320238492,1.60747593709033,14.5063597273433,13.688806893197,8.27139583561904,8.49860927896897,-4.73274498862104,28.5587228612646,0.196685584383998
372,0.00579976360299995,10.1095714,3.776251365375,0.9134721435,238.8130929,0,0,0,1361.04786225,0.000790879095603957,0.146603918804346,"16",12.9698071004286,2.06335652553484,15.5780575839583,13.1942954858921,8.52062203828869,9.28855606193008,30.82071833593,53.6711028325139,0.202438398614327
373,0.00590147699105345,10.0221730298571,3.61895957142857,0.501852500285714,335.560308514286,0,0,0,1365.53973314286,0.000892592483657458,0.163989416938056,"16",11.1258935384687,1.56932627705143,14.3784712444301,12.0808871450404,7.18148442463691,8.99120509530471,112.550502103115,96.2034363540503,0.206736120960744
374,0.00599928899735193,9.49779823225,2.779163566625,14.879140585,395.47429415,0,0,0,1369.03849875,0.000990404489955938,0.180427721377601,"16",9.99779556523488,1.53405229706326,13.3141859306964,10.676062100175,4.93584586604671,7.79631274764934,218.099672767429,140.116098507807,0.209420209068597
375,0.00608846890460743,8.54922710357143,2.91710506914286,5.48343881128571,474.038740742857,0,0,0,1370.62503585714,0.00107958439721144,0.195183398086624,"16",9.33037815506584,1.2555575595629,10.7079645875502,9.29574332294066,5.48952554312389,7.58264261163922,292.675718995067,152.935140956709,0.21050630597277
376,0.006145867924497,8.282959608875,7.002937707625,0.005868212125,494.649426225,0,0,0,1369.7864495,0.00113698341710101,0.204566733023897,"16",9.96208147002167,1.47991522060026,12.5616843332628,10.6366517962657,5.6460812031148,7.94789251263695,230.769288580469,142.722091636779,0.215218706606796
377,0.0061214479369513,8.35913257514286,12.290004042,0,424.463438,0,0,0,1367.09076228571,0.00111256342955531,0.200585418826097,"16",10.9226222727277,1.53827974141925,14.4041491555179,12.0555251539274,5.58273886757738,8.23971643840542,138.014107200753,111.576989920715,0.211485754741043
378,0.00604084252932932,9.210710925625,21.2186526625,0,210.566156725,0,0,0,1363.282696375,0.00103195802193333,0.187330253327452,"16",11.8892239009429,1.32553507379601,13.0024133699161,12.8623321908866,8.38817474501072,9.10307976786611,67.4458861194589,76.6223294237094,0.20673335859971
379,0.00594604089018567,10.8534980668571,27.47881755,0,52.4849540857143,0,0,0,1358.943977,0.000937156382789677,0.171512361237409,"16",13.3940536511429,2.00090771158501,13.3575952708929,13.407632794368,10.2247464459464,9.27845539746848,26.4372422954018,58.2460682275732,0.203417452870836
380,0.00584571108778655,13.662695605,29.7276569775,0,-7.40578244575,0,0,0,1353.53080325,0.000836826580390557,0.154495005023416,"16",15.5744373670437,2.63355169139631,14.8082780483155,13.9088373091361,8.47581314520238,8.69062509026128,-19.8577351148294,29.7058903005298,0.193737677760182
381,0.00574284458087451,16.7151557485714,29.26737735,0,-23.7502606271429,0,0,0,1346.78217628571,0.000733960073478518,0.136741419514313,"16",15.9243317271939,2.51857078191304,10.8306655120867,13.2209971719181,11.2632507240357,8.6560603859673,-43.952519745074,24.531746126414,0.186177065162744
382,0.00563862927070318,19.58398643375,30.94701421875,0,-17.27207693625,0,0,0,1338.576420875,0.000629744763307188,0.118427759541086,"16",18.0255298930059,3.36773135268805,12.2150667268274,14.2086581962091,12.1833585647321,10.0111009938187,-35.694267993875,25.1010335429273,0.165946869011676
383,0.00553393469740139,22.4391978742857,31.9471313757143,0,-13.29188157,0,0,0,1329.12371457143,0.000525050190005398,0.0996858420566866,"16",20.5479852986429,3.88243909892344,13.6210895190357,14.3225166231101,11.5785062120357,10.8141846029163,-7.62206289846786,10.554026496755,0.131775271683427
384,0.00542962479788567,25.119350275,28.5127487875,0,2.494120474875,0,0,0,1318.330828,0.000420740290489678,0.0806567949246553,"16",22.6766302373929,3.83807258464964,13.2916883943607,13.7227734942263,10.8138366034643,10.0404293717748,0.529260852292858,1.57151091397274,0.103702037056639
385,0.00532751009070968,27.06995055,29.0826556071429,0,3.06650046371429,0,0,0,1306.544183,0.000318625583313688,0.0616707407830317,"16",24.1805051235357,3.91132875453851,11.2776376509679,10.8561489942975,8.72347594063928,9.49476135349455,2.17925440638929,1.89578740555764,0.0760203282248584
386,0.00523546295489368,28.8669848175,25.87726274875,0,5.49846637375,0,0,0,1293.859083875,0.000226578447497688,0.0442420370115508,"16",25.27539788225,3.80725335596344,10.5017455457643,9.92163955344832,5.39912756026786,7.4846286764745,3.79794166726429,1.10729579999169,0.054333025199388
387,0.0051598805129956,30.3214176057143,24.4359275185714,0,4.89610993071429,0,0,0,1280.49906514286,0.000150996005599608,0.0297001851534313,"16",26.726303128125,3.89228193781513,8.62155654525,6.47349373953895,3.690018436875,7.38003687375,3.98685547334375,1.16505129057141,0.0360147495388077
388,0.00508415526322848,31.19579086,10.50468035925,0,5.254223886625,0,0,0,1266.53675025,7.52707558324874e-05,0.0149156550545557,"16",26.8576328425,3.08746278649025,6.45322856562857,6.00219358649669,2.43678914043572,5.13236825689688,3.99466091574286,1.74743232852542,0.0238366567676611
389,0.00499526712216962,31.0993407742857,3.43865509514286,0,5.87658444971429,0,0,0,1252.45222314286,-1.36173852263721e-05,-0.0027223484546095,"16",27.084804192619,2.44532309174337,5.69201421780952,4.78678975909087,0.0961636087916667,0.235551773364202,3.01378127989583,0.916462494321896,0.00627664412616538
390,0.00490383992043289,30.84317494875,3.42102434075,0,2.411396517625,2.5,0.625,0,1238.443759875,-0.000105044586963103,-0.0211946812150563,"16",27.8800952901071,2.1284290028741,5.98809385426071,4.99766697161387,0,0,2.78162946356786,0.306862019734746,-0.00956838486361535
391,0.00482778044655426,30.6057888728571,2.87283000871429,0,2.54397563442857,4,1,0,1224.57454728571,-0.000181104060841732,-0.0368264091714883,"16",28.6987278347321,1.36634496051248,8.86488751321875,5.94789690348898,0,0,2.62559363541518,0.74912779540933,-0.010049508444689
392,0.00480946733458034,30.346545675,2.814751151375,0,2.99824238975,4,1,0,1210.7912105,-0.000199417172815652,-0.0406268995297792,"16",28.5217837030357,1.26970518654971,11.7942341367991,6.97230068499422,0,0,3.13131898683929,0.794481930388932,-0.00979542876642677
393,0.00486002742347505,30.1193522914286,2.74162492614286,0,3.06247130842857,4,1,0,1197.14702114286,-0.000148857083920943,-0.0301691558931818,"16",28.2541856982143,1.3200184932655,14.0720011302322,8.27163762734238,0,0,3.46410660907589,0.717410211565813,-0.00556124578755863
394,0.00493848728024476,29.85736866875,2.715120302,0,4.5115635335,4,1,0,1183.589689625,-7.03972271512325e-05,-0.0141541710754884,"16",28.0818230401339,1.32453040572057,12.7838069781473,7.2697577513172,0,0,3.85459602739286,1.00429216425612,-0.0146958984497172
395,0.00500557409575617,29.6273398871429,2.69877106228571,0,4.49747265585714,4,1,0,1170.17026171429,-3.31041163982235e-06,-0.000661126442371263,"16",28.1826633429464,1.04686894425119,9.14428738260714,4.83442893416021,0,0,3.83653068600893,0.978951875740145,-0.0183790419807795
396,0.00505942551310325,29.303842275,2.988035356,0,4.497111076875,4,1,0,1156.839889625,5.05410057072579e-05,0.0100397046030318,"16",28.2028311553125,0.923507922972756,10.2461857098348,5.34525055175151,0,0,3.74749526267857,0.865357100817709,-0.0181061548147733
397,0.00513445046183931,28.9201408942857,3.74177928714286,0,4.497167225,4,1,0,1143.70567971429,0.000125565954443318,0.0247595819316375,"16",28.1405441861607,0.75667129244431,12.8856638927455,5.73620505245088,0,0,3.74709782147321,0.866041115696569,-0.0132377175954878
398,0.00522477721270269,28.5460038525,4.496124136875,0,4.497111076875,4,1,0,1130.710454625,0.000215892705306698,0.0421989203081834,"16",28.0708111447768,0.3340988687032,12.318651702317,6.90881705857807,0,0,3.90665026515625,0.72964934453934,-0.00603649817245907
399,0.00531194517789095,28.19775399,4.59022838671429,0,4.497167225,4,1,0,1117.905128,0.000303060670494957,0.0587448534631978,"16",27.9272088181786,0.0765135946030543,14.0881012589286,5.09830148195383,0,0,3.89790150257857,0.821409637822362,0.00188532263078203
400,0.00536755808314317,27.84169392625,7.09902595,0,4.497111076875,4,1,0,1105.235901,0.000358673575747178,0.0691598335522876,"16",27.7916212118214,0.298303584025928,15.9761674757929,3.69697614294019,0,0,3.50301215578571,0.92780457057114,0.0106716561619516
401,0.00536450535511391,27.50029182,12.938205592,0,4.49721657328571,4,1,0,1092.746687,0.000355620847717918,0.0685909349295271,"16",27.7002140308929,0.352913187632351,16.0464999722321,2.11252532560134,0,0,3.39806283849554,1.37883772781082,0.0178219873963372
402,0.00536591641425999,27.4545950625,19.13820644375,0,4.47923893325,4,1,0,1080.34384625,0.000357031906863998,0.0688539365446061,"16",27.8180804519196,0.358719366567764,16.3496863947321,2.48657374831047,0,0,3.17683364990625,0.9552083876453,0.0193209819012574
403,0.0053800511707326,27.9413212114286,19.7150104614286,0,2.987238919,4,1,0,1067.85572428571,0.000371166663336608,0.0714846469482131,"16",27.983713068125,0.54120503165009,17.1205441150893,1.48077505210944,0,0,3.60948845573214,0.770230456864173,0.0142184589650934
404,0.00535545523380438,28.493293645,19.1114105,0,4.009878517625,4,1,0,1055.087866,0.000346570726408387,0.0669024728842231,"16",28.2224561758482,0.809422616593191,15.8743406445223,3.14993165519542,0,0,3.50093502873661,1.17219069643554,0.00641960903922328
405,0.00528050637839327,29.0819153485714,18.47750821,0,4.49637122457143,4,1,0,1042.10152114286,0.000271621870997277,0.0528087599998637,"16",28.2158997838571,1.0594876013034,16.1624876888893,2.27885363545875,0,0,2.78182016476429,1.71342920674807,-0.00163916594468688
406,0.00518760484357408,29.632765115,18.238636106625,0,4.49534654725,4,1,0,1028.82502625,0.000178720336178087,0.035058858382742,"16",28.2975317253928,1.09041327604406,14.0867761090714,5.24332284046225,0,0,3.19321596970714,1.85642732599643,-0.010804430827514
407,0.00509145081720866,29.8479751342857,4.99141113,0,5.37919369957143,4,1,0,1015.36946671429,8.25663098126678e-05,0.0163495853834581,"16",28.1401741139881,0.763916004202523,15.7745811027083,2.65544547441223,0,0,3.20205894504167,1.5234049241279,-0.0205434469646272
408,0.00499786584929793,29.2876957675,11.3496118475,0,4.851825575125,4,1,0,1001.9966845875,-1.10186580980619e-05,-0.0022022458717057,"16",28.3153678678869,0.694507109406188,16.4871775002083,2.13931144656092,0,0,3.73647123069345,0.832678904890247,-0.0333396765693795
409,0.00491962380546047,29.0495679814286,13.4634914871429,0,4.49666572371429,4,1,0,988.847615714286,-8.92607019355226e-05,-0.0179811714532185,"16",28.25953632375,0.784493939981595,15.8657321041369,2.23326611620374,0,0,3.74774062519048,0.820914752280497,-0.0416482662643983
410,0.00488019471469927,29.0101341525,13.63621941125,0,4.497111076875,4,1,0,975.719974975,-0.000128689792696722,-0.0260281169428547,"16",28.1210302496429,0.877948311039808,15.2689008243452,2.77340307897407,0,0,3.74762375736012,0.821063228087342,-0.0505015246882499
411,0.00486027329256235,28.9763407928571,12.02802501,0,4.497167225,4,1,0,962.634501328571,-0.000148611214833642,-0.0301185671121393,"16",28.075515004,0.950624494696838,15.09799349625,3.22773206588998,0,0,3.89750749615,0.821066645125372,-0.0558479721665151
412,0.00485815328458669,28.793542555,10.360477255,0,4.497111076875,4,1,0,949.571216675,-0.000150731222809303,-0.0305548533666746,"16",28.0245497443929,0.867636755639827,14.9999300235143,3.03058678542611,0,0,3.89831907321786,0.820836552650075,-0.0568858364338019
413,0.00488555549604074,28.5154589671429,10.5457939285714,0,4.497167225,4,1,0,936.636182142857,-0.000123329011355252,-0.0249302429128093,"16",28.0861441658214,0.771913616406578,15.3810778856607,2.84865372910803,0,0,3.65871350664643,0.949299857437015,-0.0552408634230249
414,0.00494034107386754,28.20185807375,14.13777828375,0,4.497111076875,4,1,0,923.8139917375,-6.85434335284526e-05,-0.0137788647050243,"16",28.196354903,0.820722414905318,15.7466642453214,1.97441553862141,0,0,3.18538356046786,1.13970635749355,-0.0522860019647781
415,0.00501991575894337,28.2102299328571,17.9350969542857,0,4.497167225,4,1,0,911.102656157143,1.10312515473774e-05,0.00219991534048969,"16",28.1541595884375,0.76837509479825,13.3246588119375,1.64794529919916,0,0,3.06377887878125,1.11607549322146,-0.0482324487836608
416,0.00511077481388439,28.4056726125,11.430818189,0,4.495396927625,4,1,0,898.27777645,0.000101890306488397,0.0201377822151363,"16",28.1922906885714,0.592668169798373,13.0120858111428,2.57964953227452,0,0,3.87721193082143,1.01480070911221,-0.0433315857267877
417,0.0051993714493199,28.0517325628571,15.2697808114286,0,5.05450556814286,4,1,0,885.524359114286,0.000190486941923908,0.0373245053276809,"16",28.247256223125,0.492637986794819,13.7708034725937,2.43810496789665,0,0,3.67853561765625,1.19815804278663,-0.0366350678408164
418,0.00526709902276387,27.9393704325,17.14387351875,0,4.854878961375,4,1,0,872.8743608875,0.000258214515367877,0.050266502854984,"16",28.3311431839286,0.395918778403475,12.9049309384643,2.93504886629469,0,0,3.37158482639286,1.43734728851099,-0.0293048832539172
419,0.00526665901908031,27.9645591514286,17.13134935,0,4.49666572371429,4,1,0,860.259227328571,0.000257774511684318,0.0501829612217488,"16",28.378001430625,0.36566659705609,13.9132292284375,2.72293051864016,0,0,3.14288784834375,1.84941653459183,-0.0230061895883537
420,0.00520008712852211,28.01467922375,17.91183648,0,4.497111076875,4,1,0,847.5995576375,0.000191202621126118,0.0374621431064597,"16",28.3836397478571,0.35343611718397,13.9284519285714,2.07172094198207,0,0,3.75141706692857,0.861772705047029,-0.0194683133361647
421,0.00511642364499532,28.1078436514286,15.8781850828571,0,4.497167225,4,1,0,834.933396228571,0.000107539137599328,0.0212424506338849,"16",28.3301740484375,0.346111580486374,14.212890158125,1.4787457808313,0,0,3.4983429409375,0.864249821117132,-0.0228217690495292
422,0.00503526377569842,28.06664229125,13.43105849875,0,4.497111076875,4,1,0,822.22651965,2.6379268302428e-05,0.00525267602295276,"16",28.2720783867857,0.397400306339068,14.4145337675,2.05963957612154,0,0,3.10520450528571,1.60978962764824,-0.0249393355520247
423,0.00498397797204598,27.9540077928571,12.8660386114286,0,4.497167225,4,1,0,809.584032285714,-2.49065353500125e-05,-0.00498487525029301,"16",28.2383824921875,0.512037403991099,14.0761977279062,1.24273734225355,0,0,3.750533603625,0.862640830636172,-0.0275284907175576
424,0.00501528139105239,27.8039344675,13.260913572875,0,4.497111076875,4,1,0,796.9733145625,6.39688365639771e-06,0.00127629260367534,"16",28.2024778457143,0.644396864289378,15.4181982085714,1.03223720379387,0,0,3.74701029335715,0.864927373235546,-0.028145636237448
425,0.00509162119177062,27.65919761,16.9025383457143,0,4.49495068214286,4,1,0,784.462768657143,8.27366843746281e-05,0.0163830476939442,"16",28.22171341,0.727216552586346,16.068462746875,0.503008974752849,0,0,3.30514497025,1.01983245787892,-0.0254724475761755
426,0.00516950652949825,27.67129502125,16.55040519875,0,3.63226914075,4,1,0,771.955011675,0.000160622022102258,0.0315639974131976,"16",28.2016843778571,0.674687325785903,15.9611419189286,0.787338386901333,0,0,3.90693692321428,1.29861175765359,-0.0192697438475533
427,0.00521219706238098,27.6975193128571,16.6109020271429,0,4.04118454428571,4,1,0,759.464148157143,0.000203312554984987,0.0397882300369501,"16",28.169035803125,0.5666296468511,17.0098416125,0.908235717194045,0,0,3.84061447696875,0.973213625199646,-0.0103424016285238
428,0.00522851803447064,27.78471067375,16.84029668375,0,4.498074202375,4,1,0,746.9191292375,0.000219633527074647,0.0429146413832342,"16",28.1657625067857,0.43283996246972,17.3618909271429,1.51558609540897,0,0,3.74750164167857,0.865349735217696,0.000512219396350973
429,0.00526142192030556,27.8674244314286,16.1506287771429,0,4.497167225,4,1,0,734.357857585714,0.000252537412909567,0.0491880792223824,"16",28.3343246313571,0.35901226312136,16.9786962167857,1.71995232616321,0,0,3.59731055205357,0.821402126134543,0.0150260282880073
430,0.00531138106862014,27.93891637375,15.839392025,0,4.497111076875,4,1,0,721.7398205125,0.000302496561224148,0.0586386514606181,"16",28.3358308175,0.305432821568179,14.8176774855786,4.37303592797763,0,0,3.37826037301786,1.1148628542242,0.0226776803166158
431,0.00538122418909902,27.8362092885714,8.01284480485714,0,4.497167225,4,1,0,709.1323531,0.000372339681703028,0.0717026542586927,"16",28.2327639901786,0.520378020918173,16.6055120319643,2.02710044430864,0,0,3.07879739196429,1.40603329117799,0.0285535659652447
432,0.00544622208015726,27.30764964625,17.38243578625,0,4.496939616,4,1,0,696.6756122625,0.000437337572761268,0.0837089333074195,"16",28.2093990596429,0.518336720229434,15.8448720536786,1.94197038401066,0,0,3.00153430210357,1.50329971738605,0.0325910955429307
433,0.00544789024129021,27.2990211357143,17.4261126742857,0,4.51418570442857,4,1,0,684.3726321,0.000439005733894218,0.0840151833379208,"16",28.1522985300357,0.438308448236403,16.8415515969643,0.928602863006461,0,0,2.70908868063929,1.2578498030362,0.0337789071238018
434,0.00537712570243982,27.42294881375,16.434543665,0,3.05152823175,4,1,0,671.99851955,0.000368241195043827,0.0709407368972768,"16",28.0499348151071,0.362298606393753,17.3767863052143,0.623463941361958,0,0,2.81325160355,1.27896615622103,0.032613295999743
435,0.0052864438087329,27.5363186785714,16.70759076,0,3.88268690471429,4,1,0,659.596714671429,0.000277559301336908,0.0539325337939971,"16",28.0280647648214,0.410472622205998,16.5466104834643,1.04709594353165,0,0,2.54131883260714,1.22864048969352,0.0307256595848727
436,0.00519039303770391,27.666068195,16.9778082075,0,4.498074202375,4,1,0,647.120249425,0.000181508530307918,0.0355961863288599,"16",28.0341358238929,0.484618004472984,16.9741697403571,0.755781343973853,0,0,3.08409959323571,0.908491475714716,0.0277521087662638
437,0.00509387529054626,27.8591804414286,16.5557069257143,0,4.497167225,4,1,0,634.590564542857,8.49907831502678e-05,0.0168256571969936,"16",28.0833158313929,0.548862650887667,16.0527535203214,1.77343936206307,0,0,3.29837666451429,0.670114407271599,0.0224394985315884
438,0.00500120334452538,27.93756954,14.17726310125,0,4.497111076875,4,1,0,621.96411905,-7.68116287061266e-06,-0.00153468467776996,"16",28.1877284788095,0.498908501768086,15.1475414819941,1.52828412788249,0,0,3.61847231158036,0.699085949907142,0.0197022045256123
439,0.00492321408734084,27.9262312871429,17.7108778514286,0,4.497167225,4,1,0,609.361974714286,-8.56704200551525e-05,-0.017251649742966,"16",28.2921153230357,0.430540605819762,14.2593157051191,1.5140596670889,0,0,4.19626398178274,1.11796180027269,0.0106632441189916
440,0.00490642371632817,28.1305594925,17.23696693625,0,4.49528692175,4,1,0,596.6952588,-0.000102460791067822,-0.020667927603121,"16",28.3939599736309,0.334702395444238,14.314086359881,1.60718339163416,0,0,3.45546693053571,1.1211374714754,0.00060720754898538
441,0.00496169328833742,28.3281213242857,16.8451540571429,0,3.77431322728571,4,1,0,583.9511778,-4.71912190585727e-05,-0.00946616564695724,"16",28.5183919589286,0.299907850862415,13.411887963128,3.20041241195141,0,0,2.78636821715774,1.08139004526994,-0.00883716936821146
442,0.00502777586104308,28.53117526125,16.04024390625,0,3.000013526125,4,1,0,571.1025324125,1.88913536470874e-05,0.00376447441413408,"16",28.6737521764881,0.449449631285232,11.2066999348244,4.66573703987807,0,0,2.74841338261012,1.12824624777953,-0.0155463606955808
443,0.00504466143571709,28.5470931557143,12.0141328157143,0,2.99811148314286,4,1,0,558.204556642857,3.57769283210975e-05,0.00711730544389599,"16",28.7814156905952,0.656923296816041,10.9122701501161,5.85248245960925,0,0,2.90035815173214,0.977708905422117,-0.0195864090709782
444,0.00499876846461446,28.3189064025,11.6239621025,0,2.998074051,4,1,0,545.354621,-1.01160427815319e-05,-0.00202166203266874,"16",28.5930893418214,0.67904993344909,12.9445001024964,5.42849960153364,0,0,3.18072999396071,0.778632214373545,-0.022830235008225
445,0.00497394373041371,28.1018717428571,13.6019535657143,0,2.99811148314286,4,1,0,532.618843614286,-3.49407769822821e-05,-0.00700020437754922,"16",28.5910476275714,0.863324329897501,13.7089252113143,4.52488163428437,0,0,3.29950044743571,0.669491336088101,-0.0257228050444892
446,0.00501969908275786,27.98086194125,14.66777644,0,2.997915161875,4,1,0,519.95105325,1.0814575361868e-05,0.00215675109870528,"16",28.6074238474286,1.01550526903722,15.0741128511536,4.91880479684556,0,0,3.12752260577143,0.849827722237108,-0.0215167244099187
447,0.0050969503483239,27.98120047,17.5574903528571,0,3.00049761842857,4,1,0,507.324416085714,8.80658409279081e-05,0.017429152521041,"16",28.5788773135,1.01307623965867,17.0898069765572,1.77934712403787,0,0,3.61814841910714,0.866961175902009,-0.0135543038083853
448,0.00518704596338137,28.0929803275,14.0535517525,0,4.284156165,4,1,0,494.6462281875,0.000178161455985378,0.0349511188177436,"16",28.3987160764643,0.743603435926508,18.3152467747857,2.4077708924394,0,0,3.81238644431429,1.18142265224653,-0.00535862619486291
449,0.00528053917343842,28.0430279242857,16.5602031671429,0,4.481611145,4,1,0,481.972301414286,0.000271654666042427,0.0528149705676277,"16",28.2407231152143,0.385107714283136,17.8859248598929,2.43657124074949,0,0,3.82473038605714,1.20042894034032,0.00317343097881926
450,0.00536852147746229,28.12538649875,16.6357066575,0,5.630019287,4,1,0,469.28219575,0.000359636970066298,0.0693393021000608,"16",28.13515171,0.158307027112163,17.9518678373571,2.69746045920928,0,0,3.59898751625714,0.822820621468055,0.0128162798047449
451,0.00543111298769695,28.2964946242857,16.6955626385714,0,4.50351077114286,4,1,0,456.547789085714,0.000422228480300958,0.08093084440869,"16",28.1392978668929,0.42137213455211,16.5199831694286,3.73082232625393,0,0,3.59765335623214,0.820953903335227,0.0221012720965074
452,0.00541298603884668,28.45395758,15.689827195,0,4.496815507125,4,1,0,443.7196067875,0.000404101531450688,0.0775876500399848,"16",28.2565183880714,0.509164679075569,14.46131688775,2.26488669401259,0,0,3.59884830136071,0.8200541020106,0.0271879705593044
453,0.00533892744812221,28.5660235442857,16.1946926571429,0,4.497167225,4,1,0,430.8485572,0.000330042940726217,0.0638115420613206,"16",28.3691897944643,0.579028732383379,15.1698849989286,1.94390445443558,0,0,3.33836526846786,1.22098289260996,0.0267228050715111
454,0.00525178102088209,28.70111530375,16.551308095,0,4.497111076875,4,1,0,417.9068371625,0.000242896513486098,0.047354023131871,"16",28.4718582244286,0.639625135963125,15.12251504225,1.63564263193308,0,0,3.42030249318929,1.21537484539216,0.023444791902562
455,0.00516558862811451,28.8257294942857,15.4866975814286,0,4.497167225,4,1,0,404.920062771429,0.000156704120718517,0.0308058231659656,"16",28.5320596291072,0.680167753395398,13.9453838189964,1.82757421050967,0,0,3.30115201857857,1.25362602536507,0.0209323655726508
456,0.00509834441163092,28.8667915025,11.318937462125,0,4.497111076875,4,1,0,391.879553275,8.94599042349275e-05,0.0177026244159073,"16",28.3976013592143,0.647680551204979,13.8388719629643,3.039191077167,0,0,3.570227657525,0.847422724591732,0.0227202059068059
457,0.00509561199784873,28.4648570714286,10.6563207471429,0,4.497167225,4,1,0,378.915302671429,8.67274904527374e-05,0.0171665393701677,"16",28.0271432633036,0.709556980821571,15.5689713644345,1.40763644759192,0,0,3.22592989080357,1.13879349004095,0.0252743759244602
458,0.00515735883112539,28.10736822125,15.0562559075,0,4.497111076875,4,1,0,366.1522000875,0.000148474323729397,0.0292113563519596,"16",27.8241947421786,0.640537189858669,14.9262272866429,1.47733816612362,0,0,3.23369873465,1.19083998508811,0.02964310199322
459,0.00524094299098068,28.0201658285714,13.8646867914286,0,4.497167225,4,1,0,353.4777373,0.000232058483584687,0.0452882042774059,"16",27.7590013484643,0.547415325202625,14.6829404555357,1.79881547842078,0,0,2.87332117761429,1.09707194694858,0.0362498940821246
460,0.00532585709048303,27.9243215275,13.4395309975,0,4.499034495875,4,1,0,340.839495,0.000316972583087037,0.0613604163230246,"16",27.6831953916429,0.46255277953685,15.0068914354643,1.61876655669141,0,0,3.1224825439,1.09602629131509,0.0412741258346774
461,0.00538819325450969,27.7970654585714,14.2059223314286,0,3.61275461571429,4,1,0,328.259751357143,0.000379308747113697,0.0729968869858624,"16",27.6127123644643,0.375089814131866,15.24785861025,2.02642170160236,0,0,3.21698141639643,0.736638896383423,0.0428054786625692
462,0.00540910530985768,27.6700712825,14.6839346125,0,2.9971109255,4,1,0,315.7336313625,0.000400220802461688,0.0768704635076265,"16",27.5950829154643,0.290155283454066,15.0076071853929,1.59026097200731,0,0,3.29749899675714,0.670635525367747,0.0422933975890071
463,0.00540002294100828,27.6112171228571,14.71005286,0,2.99811148314286,4,1,0,303.251112657143,0.000391138433612288,0.0751899633584925,"16",27.6637914474643,0.217997883354257,14.8497539688536,2.38321890835528,0,0,3.046673447175,0.976349467197585,0.0420778379686958
464,0.00537322888605722,27.57649346875,15.35032326,0,2.998074051,4,1,0,290.7811032125,0.000364344378661227,0.0702157716975345,"16",27.95174850975,0.392121642329418,13.4204633941821,4.00542472525144,0,0,2.99811448378214,1.05997394207387,0.0416365795547867
465,0.0053338758221107,27.5893133842857,14.98031049,0,2.99811148314286,4,1,0,278.325793885714,0.000324991314714708,0.0628649067367144,"16",28.3535680113571,0.704022992498012,12.1570707438071,5.46160251806568,0,0,2.99679704983571,1.06219509721218,0.0393672511452397
466,0.0052864275194141,27.4459637,8.409071269625,0,2.997915161875,4,1,0,265.8752279,0.000277543012018108,0.0539294524515714,"16",28.5864919721071,1.03135025214305,15.0443038987321,3.59177238391894,0,0,3.29481045706429,0.672187317549626,0.0349845780510166
467,0.00525193485255585,26.9665683757143,15.71996824,0,3.00049761842857,4,1,0,253.587729057143,0.000243050345159858,0.0473833140366695,"16",28.6242872819643,1.1966082848456,15.0874799507232,2.79350349215488,0,0,3.69529113830357,0.809691496865308,0.0285560171241186
468,0.00525293710508634,26.8847051625,15.03839368375,0,4.285908123125,4,1,0,241.428161625,0.000244052597690348,0.0475741307393367,"16",28.8324133766964,1.29603958304524,12.1623616987768,4.48322385118133,0,0,3.38688267125,0.468137780419002,0.0220588787097015
469,0.0052794852975451,26.9015471657143,15.45217592,0,3.61325611728571,4,1,0,229.283871742857,0.000270600790149108,0.0526153733262094,"16",28.6864558822768,1.25934052555749,14.0906929276652,4.50724743051429,0,0,3.10677396064732,0.218326709936329,0.0187860169251792
470,0.00530752907230162,26.94160254875,14.611959655,0,2.9971109255,4,1,0,217.1196328625,0.000298644564905627,0.0579131539540363,"16",28.3564187615357,0.995272546469842,14.0268511834036,5.91700728078198,0,0,3.45775428389643,0.617266999573253,0.0169340197781111
471,0.0053302106190674,26.9438200828571,13.71391178,0,2.99767499257143,4,1,0,204.954836542857,0.000321326111671408,0.0621775148744863,"16",27.9368614389286,0.921532659486797,15.8885387496714,4.29671832812865,0,0,3.62398953656071,0.800127564170014,0.0219085534743402
472,0.00532701374820834,26.89738812125,13.489480335,0,3.021364611375,4,1,0,192.79120455,0.000318129240812348,0.0615775705015844,"16",27.7099097951071,0.834397703520681,16.4107227374429,4.24025402935005,0,0,4.12601194227857,2.17771694318466,0.0228886580452468
473,0.00529404011551099,26.7712108485714,8.99861419757143,0,7.38536306414286,4,1,0,180.664211128571,0.000285155608114998,0.0553684431520347,"16",27.55367437125,0.875996168964133,16.320798440075,3.35849115183567,0,0,3.59221935337857,1.76008230812563,0.0259340495829528
474,0.00528737184869658,26.25656407375,10.594972774125,0,6.212125039375,4,1,0,168.6790345125,0.000278487341300588,0.054108069282524,"16",27.4820049207143,0.985165546170391,15.0909355733143,3.83722759679668,0,0,3.36855500194643,1.21175613962595,0.0220369810041048
475,0.00533586206582199,25.9462854242857,10.95933038,0,5.11130885571429,4,1,0,156.895462571429,0.000326977558425997,0.0632372202307971,"16",27.3297719651429,1.05517401221659,13.6873912991036,4.14354654801675,0,0,3.77411661574286,0.752541186455416,0.0205545819794991
476,0.00540630464615548,25.7153490375,13.37474713375,0,4.496147951625,4,1,0,145.2259742375,0.000397420138759487,0.0763525610472664,"16",27.4114880275,1.16642747667288,14.3414966519822,5.60999785097628,0,0,3.59754618462857,0.82165235213531,0.0219613175815397
477,0.00544405169038341,25.5627518442857,11.5259447111429,0,4.497167225,4,1,0,133.654108114286,0.000435167182987418,0.0833103409839469,"16",27.0792131086428,1.17214383483886,15.7661878671893,4.80034541105515,0,0,3.34623378516429,1.16880811288781,0.0187409405303215
478,0.00541357261737823,25.35548706625,13.586003493625,0,4.497111076875,4,1,0,122.1427260375,0.000404688109982238,0.077696009222235,"16",26.783918241741,1.44749578780202,14.069543074317,4.75443416520806,0,0,3.43374660532589,1.3305737610451,0.0152244676605761
479,0.00534660840149225,25.2689527528571,17.6241680942857,0,4.497167225,0,0,0,110.722058971429,0.000337723894096258,0.0652491778817961,"16",27.21707597875,1.64634603845992,11.41049308,5.95075949662101,0,0,3.481248765075,0.958070673497508,0.012902962808874
480,0.00528451537968857,25.452481825,19.3938768475,0,4.497111076875,0,0,0,99.2770205975,0.000275630872292577,0.0535676796696238,"16",27.5226990503214,2.03353345159178,8.97001764036786,4.46004275990559,0,0,3.37600634147857,1.12054968128418,0.0089742586617318
481,0.00528300479118208,25.7770520085714,6.61912125228571,0,4.497167225,0,0,0,87.6895996114286,0.000274120283786088,0.053281786959932,"16",26.3274147182857,2.28912306032135,7.97290467515,7.95576736869858,0.741062573446429,1.64595967791397,3.678443373675,1.19204440427937,0.0088718366632171
482,0.00535172594523784,25.35488282,3.46045772,0.019818256,4.499193385,0,0,0,76.11272698875,0.000342841437841848,0.0662058770976532,"16",25.5158103148929,2.41081505773762,12.0097437075143,11.5906577653189,5.88794372630356,6.6740302519653,2.76133681953929,1.55528306631194,0.0149969876479616
483,0.00543938737511342,24.3619257914286,3.26549278671429,11.1043656012857,3.61419512914286,0,0,0,64.8583547457143,0.000430502867717428,0.0824532009858689,"16",24.0153533668214,2.3311596607507,13.261780027375,13.5841724095407,11.0369646748214,10.4274376351108,0.857553473053572,2.20901822651136,0.0218457270426673
484,0.00552569578172517,22.8807824225,3.3661263605,18.28757227125,-0.8081686305,0,0,0,54.17216732875,0.000516811274329177,0.0981959338600502,"16",22.0865056725,2.23923220531033,13.544241502525,14.4105030719055,13.7028858651429,12.5191967642167,-4.22630405506428,5.42246761499436,0.0321435607430135
485,0.00558433479383313,21.1373600057143,3.294766721,23.6338508814286,-11.2465953142857,0,0,0,44.2188916285714,0.000575450286437138,0.108752080429679,"16",20.0254392358214,1.99594471693017,13.2134438372107,14.4101142682017,14.3026411833571,13.0957350642808,-13.2717900162679,11.3850166653386,0.0409513954126099
486,0.0055733333445161,18.86467793375,2.77443116875,25.42278589,-24.885459905,0,0,0,35.2051464175,0.000564448837120108,0.106780081881488,"16",17.5254477584822,1.99746558836084,11.0702224307976,13.2579923520977,15.7596577713095,12.2435870813149,-25.402578306131,11.5719991949629,0.0531614010912735
487,0.00553897428123122,16.9252680842857,2.54825665585714,25.3379473657143,-35.2697061514286,0,0,0,27.1914498957143,0.000530089773835228,0.100596096822891,"16",15.8015341852381,2.31043133947448,13.7508014936052,13.3858834728944,11.6692836350794,11.1764930390823,-19.8816335808314,11.452627631339,0.0655954503099055
488,0.00554871571214661,14.88505392375,2.422535195875,23.3053133825,-33.61336996875,0,0,0,20.20806285125,0.000539831204750618,0.10235325872983,"16",14.2030092143393,1.88986760800652,14.8508915203929,13.1007822185566,9.91617663898215,10.5356554828041,-9.70825167422857,21.108740791283,0.0660064983609789
489,0.00559324393986835,13.7440068585714,2.48504000185714,17.8270974914286,-9.61460187028571,0,0,0,14.0403253971429,0.000584359432472358,0.110346190920818,"16",12.4626246709643,1.39252699807528,13.9410119683321,12.3962188376385,9.45943963380358,10.2460705019843,15.2270395032107,42.1904749652765,0.0739273465721053
490,0.00564441518681948,12.65639298625,2.519150387125,17.84393901625,18.856739630625,0,0,0,8.35545535025,0.000635530679423488,0.119453354457898,"16",10.3280992784986,1.66230024448726,12.8452697797775,10.3611836286471,6.98184366671429,9.39509107922386,105.048486289271,112.140639986225,0.0797077336508036
491,0.00570467513548035,12.2181097685714,2.58041983185714,13.3008176257143,49.7603372857143,0,0,0,2.967104148,0.000695790628084358,0.130072798341487,"16",8.86174367856473,1.7614086827521,11.2608467004219,8.11690829112361,4.59275803001786,8.24122103809147,207.697068357783,188.083086763793,0.0893404698615676
492,0.00579012044089688,11.90492766375,2.279183334,14.05812935875,51.97054924125,0,0,0,-2.387494131375,0.000781235933500888,0.144939853119928,"16",4.42407499852645,3.80575433337098,7.22641423062214,6.72492681196764,13.3057047259085,20.2337198880197,121.462198293701,213.200510080131,0.095094245302643
493,0.00588876109050357,11.4242304442857,2.18768970657143,18.0769665757143,71.3077436985714,0,0,0,-7.64134909428571,0.000879876583107578,0.1618323942933,"16",3.89163749778042,3.29794903636836,6.36096873328285,5.82159589137425,13.0462933655659,20.2099060142885,180.201358248304,270.121168213151,0.100588252526941
494,0.00599053527064336,9.962655294625,2.406953524375,22.70142937875,168.08280230375,0,0,0,-12.50254695875,0.000981650763247368,0.178967528480316,"16",2.63278093543985,2.67883909755077,5.16037875936184,5.04162979813797,15.7688981793524,22.4584097014245,142.570443235597,281.978910705413,0.10048312462648
495,0.00609224889602244,8.25778132142857,2.02961972757143,17.1884678185714,339.080498885714,0,0,0,-16.5171765228571,0.00108336438862645,0.195804049765147,"16",2.00926006140051,2.58790355917699,3.81751865753444,2.54053635871793,16.8596355866977,25.4600420878731,175.845916171588,305.416554038597,0.109132252781974
496,0.00619174700051437,6.985047477125,2.07605493775,10.805832095,513.0327235125,0,0,0,-19.2810450525,0.00118286249311838,0.212004035457126,"16",5.30406196278572,0.607000747561039,5.40541242466965,2.51807686806162,0.445947953232143,0.627245176093329,621.141535188393,3.5039861588505,0.107301652898705
499,0.00636340699771821,4.22604816957143,6.61828834685714,0.00265153014285714,612.555916785714,0,0,0,-18.5769920614286,0.00135452249032222,0.239350684044539,"16",5.86439046756548,1.06119227926705,4.29562659569643,2.62015826149926,3.89924266715476,5.99770384389592,585.105264629762,62.4658094226376,0.104684093334745
500,0.00629683733506267,4.229951313625,3.670466175625,3.805644616,428.561244575,0,0,0,-16.890821025,0.00128795282766668,0.228834255865582,"16",1.87363430916518,2.72296823145328,3.30521404900893,1.93324461617072,19.352437799814,26.7947686781099,185.126534792894,303.790550343083,0.109273675800898
501,0.00621279696046673,4.10858210028571,3.57406459157143,19.5979345028571,136.547119117143,0,0,0,-15.0627759585714,0.00120391245307074,0.215397949797674,"16",2.42934827877009,2.86947428564935,4.62607165581585,4.4231274876384,15.8264603770212,24.0749591720557,164.674291667997,300.469620057305,0.109038504368823
502,0.00612927738129937,2.734878189875,2.961007487,26.7877648725,34.73723237375,0,0,0,-13.518383875,0.00112039287390338,0.201863619925677,"16",2.62710886574901,2.7563852868022,5.28256605227083,5.15876518040182,15.156738918622,22.9458214435354,148.561177172366,288.907058945628,0.107715225548468
503,0.00606902308078985,0.92710716,2.36268733383333,29.9382848133333,55.8243179583333,0,0,0,-12.3567215583333,0.00106013857339386,0.191984409330667,"16",2.99927465339911,3.07974644894132,5.0227074976125,4.94563519088423,16.1155247393223,21.9143067701346,143.846061189004,274.517399115819,0.0975762948541157
1,0.00497407001765998,0,1.27765759557143,0,116.965464985714,0,0,0,-8.75525436628571,0.000755803530218133,0.164814159724697,"17",6.32641382601339,4.12204369734939,5.9645418571183,7.37068478573894,13.8839852053616,25.1140127742675,405.275587654985,206.296989527243,0.172389894310248
2,0.00493367484867146,0,1.277025946375,4.267111001,116.924888,0,0,0,-8.754970162375,0.000715408361229613,0.156659853664168,"17",4.60106331060714,4.54157665973254,4.6625596782289,6.55767971834041,20.8426060705227,28.6894004425336,318.816786016314,228.498740660039,0.176543053136598
3,0.00486649657955719,0,1.20489199414286,64.8870733628571,116.926347857143,0,0,0,-8.75507266371429,0.000648230092115343,0.142950028185346,"17",5.62347895645635,4.39481462522064,5.44377693916865,7.06943313373052,12.3413201825436,23.9435329739879,373.241129580622,215.579452729305,0.17269292369367
4,0.00479596900165823,0,1.114443307,72.036152235,116.96512735,0,0,0,-8.75715754075,0.000577702514216382,0.128351512228513,"17",8.43521843468452,1.56264804986551,7.55648777753869,7.99318367886671,6.50595490131547,10.1384801716263,501.657333950694,122.442767895218,0.170277640966982
5,0.00472707729389607,0.000385808571428571,1.08927201385714,53.30971177,30.8881320967143,0,0,0,-8.75503990157143,0.000508810806454223,0.113882842014658,"17",5.06113106081071,4.50895810503642,5.01988844466607,6.79858163048853,17.595895500575,28.0303262948649,347.609651408274,218.815890167838,0.173932211006517
6,0.00467630853029048,0.30769159375,5.05404949375,3.4172217965,-296.4270656375,0,0,0,-8.71313313675,0.000458042042848632,0.103084762095152,"17",4.21764136805655,4.52934693785617,4.38043186724107,6.32842302855688,19.4613148147292,27.7696178451465,301.992461181621,225.525726902346,0.177446834930799
7,0.00470070431063335,1.32716205042857,13.9494576,0,-445.372202485714,0,0,0,-8.38703159357143,0.000482437823191502,0.10828808969608,"17",3.9168760008022,4.47005360031176,4.43224860774176,6.06188346933149,18.2271538133269,26.9571888290673,255.960189887842,272.341652542589,0.180987886018211
8,0.00476427004903073,3.062346006,18.53900705625,0,-377.9000080625,0,0,0,-7.41852028425,0.000546003561588883,0.121720073838274,"17",4.12455485024048,4.45919641478563,5.20822839655119,6.13541957170596,16.220902404625,25.5412137908738,221.232308543749,315.817049266458,0.184904379411501
9,0.00482228050781813,5.36192076171429,20.38292556,0,-44.4784270118571,0,0,0,-5.626580145,0.000604014020376283,0.133822688916201,"17",4.88134310004961,4.71853762071555,6.76399082785417,7.71849492532532,14.7570222236954,23.8348789883769,193.007943113779,322.81094231954,0.183227056885736
10,0.00487350976701769,7.79085756725,22.2001685875,0,157.13593705,0,0,0,-2.7941967985,0.000655243279575842,0.144390107026972,"17",5.25189630463036,4.72404018223447,7.18559135019732,8.01840781307722,14.6089449291116,22.9578437321265,185.37092556038,310.681132791557,0.186160378758976
11,0.00491045923954033,10.4109292537143,24.20857255,0,136.656031618571,0,0,0,1.29643843,0.000692192752098483,0.151943206879239,"17",5.93210086504018,5.39878831247244,9.23117773958125,9.42596601409168,15.0789329264688,23.1120248355022,117.202537065261,262.880793718409,0.171247819694823
12,0.00488712089988089,13.14913815875,26.676796845,0,22.285946344375,0,0,0,6.621275519625,0.000668854412439043,0.147179095130632,"17",11.2664510395357,4.0865849911785,13.4482579124258,11.0467519271165,10.8547178364602,13.5071501060068,112.653036472695,202.558731403812,0.166352033688336
13,0.00482339825904635,15.9550543228571,26.7000739757143,0,-7.20829414485714,0,0,0,13.1538143128571,0.000605131771604503,0.134054450980243,"17",14.7235753011786,2.55341283158977,13.6564763739129,13.0018892604402,14.4653714309821,15.5562958334612,65.8034875702209,50.5838557539784,0.159338602243413
14,0.00475056299722241,18.38577810625,26.75144370375,0,-16.89267461125,0,0,0,20.9016961175,0.000532296509780563,0.118838875411403,"17",17.6583374845408,2.60518188480247,12.0976844386454,13.2166693382558,14.8751599816582,14.1386218847238,-0.172273505645406,22.9043080920162,0.142862518308688
15,0.00467599003403224,20.5473758742857,27.9851764828571,0,-7.54120285042857,0,0,0,29.6644258671429,0.000457723546590393,0.103016651298783,"17",20.7839521723571,1.54671490491789,11.0391322245679,12.9720560914759,12.8551713518214,11.7964633714336,-33.6414276905571,13.3580081989341,0.139471153419967
16,0.00460113955502561,22.78950199125,28.0106587025,0,-3.937256325625,0,0,0,39.45161094,0.000382873067583763,0.0868797415096427,"17",22.6986590966071,1.56546526246171,11.0839245389857,13.0703785460002,12.9589800810357,11.9683252197153,-23.8909535154429,15.3729766295039,0.124776247294627
17,0.00452723586952951,24.8255530828571,26.7235802942857,0,1.77962210985714,0,0,0,50.2132979885714,0.000308969382087663,0.0706873096263507,"17",24.7022955678929,1.60970598572267,11.3720786622036,13.1944430606562,10.9285664621786,10.4886439775893,-5.800390110525,7.17238221076801,0.108998920586982
18,0.00445790070990257,26.4254019225,26.1869105375,0,2.995408389125,0,0,0,61.801181745,0.000239634222460722,0.0552537024137498,"17",25.9482906741071,1.30790491511584,13.3730096099062,13.3736198803093,4.09553592284823,6.11411842080843,2.51618480692411,1.39725868727144,0.0968879209748357
19,0.00442219348207607,27.96924866,26.3703791728571,0,3.55783596157143,0,0,0,74.0807074257143,0.000203926994634222,0.0472115761255445,"17",27.1098542001339,0.864931425163212,14.3467482938929,11.790171095829,1.57814975516071,3.15448728724391,4.04659885388839,0.71489222959548,0.088694746099076
20,0.00445436427176081,29.244559915,13.220600011625,0,4.495249639125,0,0,0,87.04804541,0.000236097784318962,0.0544600908559056,"17",28.0757974042857,0.46500858100457,15.1889834780402,10.9678975396048,0.257217675,0.51443535,4.26215677161161,0.469547300081554,0.0810144937990321
21,0.00447268777839474,29.1094728785714,10.1281688402857,0,3.29857881814286,0,0,0,100.2811184,0.000254421290952892,0.0585652605924345,"17",28.7429529466964,0.526706382432636,12.7301449280893,5.24002561655591,0.00054626553125,0.0010925310625,4.49675824003572,0.00102067269955415,0.0736030660080255
22,0.00445944100687147,28.80693986625,13.9149695025,0,2.998672305125,0.375,0.375,0,113.3473665625,0.000241174519429623,0.0555991634263693,"17",28.7937613225,0.44557770849468,10.2409792124375,3.98470010385922,0,0,4.20045724699107,0.601282557312927,0.0672564361108131
23,0.00445342556902242,28.6403754857143,14.0550671014286,0,2.99811148314286,1,1,0,126.325355828571,0.000235159081580573,0.0542493308946659,"17",28.6198694229911,0.543732065182821,12.7683005529107,1.20512645703461,0,0,3.48905262298214,0.739984196912695,0.0605348416303438
24,0.00443775499525139,28.55162242625,15.314678065,0,2.998074051,1,1,0,139.2390676875,0.000219488507809543,0.0507243570104006,"17",28.5387799121875,0.620493635113887,13.0338133070089,0.975067485760217,0,0,2.99789094010714,1.22383896515781,0.0520508878999755
25,0.00438992796030082,28.5865861657143,16.9030897214286,0,2.99811148314286,1,1,0,152.143419242857,0.000171661472858972,0.0398885573849004,"17",28.5149583225446,0.661376393629262,13.9725457736161,1.81204869615145,0,0,3.01418272339286,1.19784352817487,0.0438329221956662
26,0.00433491804990605,28.81416410625,16.67467478875,0,2.998074051,1,1,0,165.106367275,0.000116651562464203,0.027278446440345,"17",28.4306546500357,0.590774810191119,15.174275486,1.84465558579168,0,0,3.30129880160714,0.668506018093979,0.0282721078331674
27,0.00429613015814415,29.1322147914286,17.8887333142857,0,2.99811148314286,1,1,0,178.195428114286,7.78636707023028e-05,0.0182903951512561,"17",28.582145668,0.476472125329411,15.28111902425,1.58798136788817,0,0,3.470988270525,0.684411420091727,0.0237104157840739
28,0.00427513666568382,29.54049734125,18.4818569225,0,2.998074051,1,1,0,191.4512842375,5.68701782419729e-05,0.0133918114571179,"17",28.7663208445357,0.397770551550553,15.4916768850714,2.02228977654427,0,0,3.77070953424286,0.751723813459944,0.0188243911242475
29,0.00424437841588146,29.9743354628571,18.2299760185714,0,2.99811148314286,1,1,0,204.893961042857,2.61119284396131e-05,0.00617112285546728,"17",28.9750946960714,0.413493424097239,15.3593080111286,2.14861729900284,0,0,3.89792949266071,0.821452313095473,0.0130223599612269
30,0.00418358147282568,30.27008673,10.25437145575,0,2.998074051,1,1,0,218.5182768625,-3.46850146161672e-05,-0.0082565671258763,"17",29.2123082870982,0.557728868238425,13.0165684331964,4.46747033915272,0,0,3.74790049575447,0.865781905350749,0.00812506208052284
31,0.00412437770844246,30.0641809914286,11.7459615724286,0,2.99811148314286,1,1,0,232.161652685714,-9.3888778999387e-05,-0.0225091082996718,"17",29.2566352041964,0.704934680632672,11.9166999584286,1.76364896801998,0,0,3.60077218860268,0.736011161003155,0.0066043010064786
32,0.00412069817287135,29.90139952125,16.05666547875,0,2.998074051,1,1,0,245.69700575,-9.75683145704974e-05,-0.023401649685364,"17",29.2471688916071,0.576587659875004,12.7739351406964,1.00682284176506,0,0,3.36964842240625,0.7426489429491,0.00975495413405589
33,0.00417533185839313,29.8869833071429,15.6439843757143,0,2.99811148314286,1,1,0,259.200998971429,-4.29346290487173e-05,-0.0102304162583433,"17",29.2528558477679,0.464515005651226,14.1369892292411,1.31387360669463,0,0,3.61803911210714,1.23993012221428,0.015653901424969
34,0.00424546375028157,29.78585617125,4.874183162375,0,2.998074051,1,1,0,272.6920769875,2.71972628397227e-05,0.00642680119652717,"17",29.3818357861161,0.434904282546524,13.2624606582232,2.24706359017741,0,0,3.37257922366965,0.74893548105357,0.0218780205992458
35,0.00431796319180493,29.3362055685714,11.4073945115714,0,2.99811148314286,1,1,0,286.056808785714,9.96967043630824e-05,0.0233595484606637,"17",29.5353265922768,0.42617712418741,8.21589822726339,4.41919915766988,0,0,3.37279682728125,0.749580268147432,0.027524201671841
36,0.00439042273471546,29.03776503125,11.098607689375,0,2.998074051,1,1,0,299.2258681125,0.000172156247273613,0.040001257758969,"17",29.5384572508036,0.459367146590002,9.77015314608036,3.43179636291077,0,0,3.37189968618304,0.750149917797361,0.0335048198706781
37,0.00446049695880617,28.7359051728571,6.23452807357143,0,2.99811148314286,1,1,0,312.294887157143,0.000242230471364323,0.0558359255922092,"17",29.4387298175,0.485495994229206,13.0462125453348,1.50181965079525,0,0,4.02547418715625,0.706093668865672,0.0381957600218779
38,0.00451515342016701,28.28752059375,11.78459685125,0,2.998074051,1,1,0,325.1608240875,0.000296886932725162,0.0680149061500179,"17",29.3893097607589,0.588369521611066,11.5425721587054,3.59287081239216,0,0,4.01989404047768,1.26479993366093,0.0375319114638007
39,0.00450707871825043,28.0201001071429,11.8470611514286,0,2.99811148314286,1,1,0,337.880754371429,0.000288812230808583,0.0662249491261653,"17",29.3720545741964,0.832239892037092,11.2609467151518,1.95616944218773,0,0,3.89609484452679,1.06364074901893,0.0448616957461192
40,0.00444630866451617,27.78850086875,13.41674258,0,2.998074051,1,1,0,350.4842105125,0.000228042177074323,0.0526499784473673,"17",29.3300656053571,0.964886283884876,10.7807959122679,3.09944150232973,0,0,3.49885626280357,0.706148534703527,0.0335471310600411
41,0.00437661667371619,27.6905286057143,16.8534428314286,0,2.99811148314286,1,1,0,363.004866428571,0.000158350186274343,0.0368517174287204,"17",29.1619036078125,1.05409007568814,13.9945746501786,0.957646054603581,0,0,3.74874183868303,0.866798530324722,0.0227438955437897
42,0.00431293302969546,27.92502250375,16.21503003,0,2.998074051,1,1,0,375.559588075,9.46665422536129e-05,0.0221939307928478,"17",29.0695278730357,1.06313001312475,15.0472692979018,1.42040102115689,0,0,3.74762531704018,0.865464027827489,0.0152826036568774
43,0.00427171678063331,28.2385310942857,15.8437563471429,0,2.99811148314286,1,1,0,388.247644885714,5.34502931914625e-05,0.0125915438090338,"17",29.0469479110714,0.864153877166925,14.0740430659643,1.25022504855426,0,0,3.59770757740357,0.821064936643687,0.0109708840443329
44,0.00424535457480892,28.36561618125,15.66646331,0,2.998074051,1,1,0,401.0332482375,2.70880873670725e-05,0.00640108507214343,"17",29.1250703682143,0.855856542118484,13.3881724873179,2.31082626923879,0,0,3.59771506383214,0.821058102500684,0.00877491905623155
45,0.00420716610391179,28.4286365257143,15.7970121871429,0,2.99811148314286,1,1,0,413.864555928571,-1.11003835300575e-05,-0.00263497204891827,"17",29.1657508536071,0.892784575830869,13.39070869635,1.98935063320602,0,0,3.59810200920357,0.821605313651867,0.00642723552798537
46,0.00416565392894,28.48964875625,15.72659463875,0,2.998074051,1,1,0,426.7141693,-5.26125585018477e-05,-0.0125509893442697,"17",29.1504777190357,0.830662839146436,14.6033116112143,2.27706605350197,0,0,3.81805164168929,1.18841616163524,0.00269527782604189
47,0.00414381046825217,28.6196371328571,15.4571002771429,0,2.99811148314286,1,1,0,439.616459257143,-7.44560191896773e-05,-0.0178084907747147,"17",29.2719778075595,0.743639923545989,15.8526416098304,0.902498835610743,0,0,3.77400529610714,0.851940970882997,0.000452923640163978
48,0.00412947930037476,28.73922871625,15.32197376625,0,2.998074051,1,1,0,452.5688244125,-8.87871870670874e-05,-0.0212729365431494,"17",29.183156488125,0.547332500743618,15.8525531830952,0.902404292502908,0,0,3.74761553266964,0.821054218363094,0.00209710689363421
49,0.00412593044051146,28.84851054,15.7300945242857,0,2.99811148314286,1,1,0,465.577442685714,-9.23360469303877e-05,-0.0221327024681175,"17",29.1022732591964,0.368965942570927,15.6311055574107,0.773093372877554,0,0,3.74760816064881,0.821059811032142,0.00605394019721829
50,0.0041493460568723,28.94686966625,15.89975858125,0,2.998074051,1,1,0,478.6305556125,-6.89204305695471e-05,-0.0164735131236897,"17",29.0440297497619,0.228570851872475,15.5122514809821,0.425034813287989,0,0,3.74762375736012,0.821063228087342,0.0108101550144203
51,0.00416548924867545,29.0703694628571,15.5519099385714,0,2.99811148314286,1,1,0,491.736196385714,-5.27772387663977e-05,-0.0125905229970007,"17",29.0131231551786,0.190756170734579,15.2701379091964,0.723295793289053,0,0,3.74760816064881,0.821059811032142,0.0143922783796431
52,0.00417052949325803,29.1752734875,15.222582595,0,2.998074051,1,1,0,504.888761125,-4.77369941838173e-05,-0.0113812538646014,"17",29.0091585504167,0.242907881371911,15.2902086976488,0.535271891386492,0,0,3.74762375736012,0.821063228087342,0.0138798181418502
53,0.00415940544973554,29.2753647228571,15.7373393542857,0,2.99811148314286,1,1,0,518.0984953,-5.88610377063072e-05,-0.0140521150284183,"17",29.0401126347024,0.300145472177511,15.0567716863393,0.599020595296182,0,0,3.74760816064881,0.821059811032142,0.00977642969596104
54,0.00410614548299281,29.38607028875,15.39402755625,0,2.998074051,1,1,0,531.3449538375,-0.000112121004449037,-0.0269395082645465,"17",29.1257141805357,0.325648078991067,14.0427401794464,2.55638669378884,0,0,3.74682598450298,0.820191152186756,0.00619887448866575
55,0.00403792672510224,29.5095710157143,12.149647089,0,2.99811148314286,1,1,0,544.649466557143,-0.000180339762339607,-0.043692884235778,"17",29.2396970522024,0.365460556079926,14.1202186861131,2.62992174302674,0,0,3.92414082477381,1.08566573772991,0.00464341475176343
56,0.00398033096189823,29.33201871875,10.524287971875,0,2.998074051,1,1,0,557.9520293875,-0.000237935525543617,-0.0580592851742647,"17",29.3775519251786,0.436177372892299,13.6416668427291,2.78394115632983,0,0,3.87161973097917,0.994711881026437,0.0025528380748631
57,0.00394543406832331,29.1101506914286,13.5723415428571,0,2.99811148314286,1,1,0,571.148568457143,-0.000272832419118537,-0.0668652788087272,"17",29.4552552805952,0.517728379825134,13.2419029968214,2.97479922815466,0,0,3.49842774477381,0.773600035645373,-0.000522672740610118
58,0.00392547828492493,29.0597614725,14.64052541625,0,2.998074051,1,1,0,584.2803323125,-0.000292788202516918,-0.071936057075737,"17",29.4608929008631,0.609023391613172,12.9200250550774,3.19550604422191,0,0,3.49778113371726,0.774099391857954,-0.00418495094047196
59,0.00394329406873113,29.0706724771429,14.5834619757143,0,2.99811148314286,1,1,0,597.415395571429,-0.000274972418710717,-0.0674078249716166,"17",29.3443068272143,0.612637487245981,12.0347783208286,3.28429211288693,0,0,3.59763460315357,0.821131567612078,-0.010530374962497
60,0.00400131342666477,29.06333554375,14.115563945,0,2.998074051,1,1,0,610.5414580375,-0.000216953060777078,-0.0528015935120729,"17",29.3677562527143,0.595762462873296,11.4686118174,3.51417283225001,0,0,3.780837457575,0.753195429919133,-0.012855765450993
61,0.00406391125288957,29.0249038057143,14.2913408357143,0,2.99811148314286,1,1,0,623.667690171429,-0.000154355234552277,-0.0372783851276539,"17",29.4231584980714,0.646761164708946,10.7412446320286,4.77144297356395,0,0,4.12578120705357,1.12996893319017,-0.0175321942496676
62,0.00410641849898256,28.95893440375,15.2576166475,0,2.998074051,1,1,0,636.7557455625,-0.000111847988459287,-0.0268730208718635,"17",29.4394973305714,0.663773146066375,12.60279914155,4.42516301937047,0,0,3.89800343928929,0.821502883103154,-0.0263824117093927
63,0.00409846726788511,28.9294186457143,14.8402514628571,0,2.99811148314286,1,1,0,649.837089314286,-0.000119799219556738,-0.0288111912787716,"17",29.2920173914732,0.670689163260599,14.6801558887947,1.1759604178254,0,0,3.74756219969197,0.86541275991164,-0.0273537561145448
64,0.00403983206346676,28.94232894,14.042525550375,0,2.998074051,1,1,0,662.903439875,-0.000178434423975088,-0.043221134978948,"17",29.2594279780803,0.630652921540959,14.8958394130803,1.0866423735726,0,0,3.74762999603572,0.865491041955263,-0.0330955466950878
65,0.00397614578415573,28.8377815885714,10.2999247561429,0,2.99811148314286,1,1,0,675.978669157143,-0.000242120703286117,-0.0591113030854258,"17",29.2359271148661,0.627621307728076,14.7505509493795,1.22000152910232,0,0,3.74760192197322,0.865458624820184,-0.0301621364220456
66,0.00394661746703329,28.5897611925,14.2079963225,0,2.998074051,1,1,0,688.9322754125,-0.000271649020408557,-0.0665653824678181,"17",29.1954641649107,0.686885833898765,13.97102005475,2.71766527215708,0,0,3.74762999603572,0.865491041955263,-0.0218220049723715
67,0.00398240479098639,28.5150843671429,15.4969860471429,0,2.99811148314286,1,1,0,701.8316755,-0.000235861696455457,-0.0575384016118008,"17",29.1288779193303,0.798573490227097,14.6719945441964,1.05114998768712,0,0,3.74760192197322,0.865458624820184,-0.0141909083192441
68,0.00401787641571313,28.52638007375,15.21693823,0,2.998074051,1,1,0,714.710116675,-0.000200390071728718,-0.0486707492464493,"17",29.1400236312946,0.897747608301013,13.1149191892946,2.75049696988422,0,0,3.74762999603572,0.865491041955263,-0.00660403967049028
69,0.00403378082204924,28.5963622971429,15.31524398,0,2.99811148314286,1,1,0,727.616339928571,-0.000184485665392607,-0.0447201522061906,"17",29.1103493601786,0.827799830935418,13.2166928951607,1.52282614684842,0,0,3.74711705322321,0.864899109041624,0.000774312201386618
70,0.00407010820731827,28.67947888625,14.66670785875,0,2.998074051,1,1,0,740.54584875,-0.000148158280123577,-0.0357546721575535,"17",29.0735007875893,0.736359639308642,14.0319152452232,1.09463274624615,0,0,3.55357956010714,0.715426884948545,0.00606234484949555
71,0.00413449225831551,28.7371821385714,14.3347270042857,0,2.99811148314286,1,1,0,753.525785742857,-8.37742291263377e-05,-0.0200597284872659,"17",29.0611802108929,0.713380758413494,14.0571738117411,0.954915722496274,0,0,3.37329870434821,0.749208731922555,0.00873905661681782
72,0.00419649885734628,28.8592588025,13.220212097,0,2.998074051,1,1,0,766.523181075,-2.17676300955675e-05,-0.00517368630991655,"17",29.0387924497321,0.710800653373035,11.5242855496964,5.33280014165904,0,0,3.37286606057143,0.749534109826756,0.00798876810044149
73,0.00422245631304156,28.7636827871429,8.737306519,0,2.99811148314286,1,1,0,779.565711714286,4.18982559971266e-06,0.000992764705959104,"17",29.0092839164732,0.544939215583648,11.1338903983795,3.42774299298901,0,0,3.37284266550447,0.749512274454738,0.00623203385970159
74,0.00421510491213671,28.522901135,15.31307229125,0,2.998074051,1,1,0,792.48329145,-3.16157530513752e-06,-0.000749777337786917,"17",28.8654267134822,0.485345452948538,12.1867896752411,2.89657098603501,0,0,3.37286606057143,0.749534109826756,0.00695377260709122
75,0.004209569765279,28.5379401857143,14.9160235442857,0,2.99811148314286,1,1,0,805.372469257143,-8.69672216284763e-06,-0.0020638096855512,"17",28.6935847089732,0.519204391737897,14.7400691034375,0.728589961661306,0,0,3.37284266550447,0.749512274454738,0.00953977555292882
76,0.00421198802895902,28.66818178125,14.7429627875,0,2.998074051,1,1,0,818.284958625,-6.27845848282741e-06,-0.00148950651073765,"17",28.6641260717857,0.53993738178834,14.5369315566071,0.53798067832823,0,0,3.37286606057143,0.749534109826756,0.0131509389201605
77,0.00421438964452707,28.81263472,14.66309067,0,2.99811148314286,1,1,0,831.279192171429,-3.87684291477692e-06,-0.000919483264892662,"17",28.7042601980803,0.565672491870775,13.7304247465178,0.750122127090682,0,0,3.37284266550447,0.749512274454738,0.0187153637900022
78,0.0042283892454902,28.97241999125,14.77993832625,0,2.998074051,1,1,0,844.3217274875,1.01227580483528e-05,0.00239686876675993,"17",28.7417846410715,0.617008173395109,14.1761922199554,1.32547621284725,0,0,3.37286606057143,0.749534109826756,0.0226679798185063
79,0.004245109729864,29.0946910042857,14.95612025,0,2.99811148314286,1,1,0,857.446324314286,2.6843242422153e-05,0.00634340979540138,"17",28.6699873089643,0.628024472502812,13.9616733635357,1.31916778772519,0,0,3.59770757740357,0.821064936643687,0.00870369316113805
80,0.00421182879614102,29.23385687875,14.57427956375,0,2.998074051,1,1,0,870.6083784375,-6.43769130082711e-06,-0.001527311894578,"17",28.7262683365714,0.623855390201521,13.3921591688929,1.02724845295078,0,0,3.59771506383214,0.821058102500684,0.00385078708957348
81,0.00416035200564172,29.3608912628571,14.4923980071429,0,2.99811148314286,1,1,0,883.850794985714,-5.79144818001276e-05,-0.0138245709220941,"17",28.8215269822143,0.590070623967703,12.5942739194643,1.62996300549304,0,0,3.59808560277143,0.820720232431175,0.0042968351664913
82,0.00414885671345349,29.32842735125,14.380445405,0,2.998074051,1,1,0,897.105390375,-6.94097739883572e-05,-0.0165914527357067,"17",28.9440719329286,0.54465137319392,12.3025440614214,2.5853698873657,0,0,3.75652984146071,0.745148155166754,0.00677494051736281
83,0.00414716426818382,29.2780778957143,15.3116080842857,0,2.99811148314286,1,1,0,910.348010814286,-7.11022192580275e-05,-0.0169994664705069,"17",29.00823739,0.47446521657597,13.0056585094643,0.988883315035853,0,0,4.19821775301071,0.670907858031166,0.00570895218086025
84,0.00410713975479734,29.3231493175,15.67661975625,0,2.998074051,1,1,0,923.5783433875,-0.000111126732644507,-0.0266973952107827,"17",29.1643170953214,0.404499429960846,11.1938782233929,4.50508334712412,0,0,4.19734225332857,0.670390381107677,0.00176800829081516
85,0.00404853719326833,29.32688222,15.8315176157143,0,2.99811148314286,1,1,0,936.841552757143,-0.000169729294173518,-0.0410686286649762,"17",29.5374544220536,0.19794760253718,9.06531329108481,7.06090000018307,0,0,4.12240456861161,0.749553681140513,-0.00461185377576021
86,0.00403005044786254,29.29396997625,15.5361306625,0,2.998074051,1,1,0,950.071745,-0.000188216039579307,-0.0456453636188359,"17",29.6239252072322,0.311734692647304,12.0765196776696,5.23202709077689,0,0,4.07828289366071,0.724899469450418,-0.0135466154596584
87,0.00403902361434494,29.2220241071429,15.43002477,0,2.99811148314286,1,1,0,963.2992966,-0.000179242873096908,-0.0434212744879936,"17",29.7230654086607,0.433272646112333,10.2261445091741,5.69164295349982,0,0,3.36962644246875,1.44084369200455,-0.0238693479036978
88,0.00403521808916704,29.13951365875,15.75372598125,0,2.998074051,1,1,0,976.475208225,-0.000183048398274807,-0.0443639079897302,"17",29.73741636925,0.509101280921494,10.8988148799857,5.39534908272117,0,0,3.59517901195357,1.34576620931262,-0.0331884277718605
89,0.00403187550688811,29.0794993514286,15.35746987,0,2.99811148314286,1,1,0,989.639496642857,-0.000186390980553737,-0.0451926035657886,"17",29.7215918825714,0.596420489964511,12.6372465379178,3.85323041674673,0,0,3.87349617455,0.854999776511993,-0.0394347531447608
90,0.00403036187950592,29.00480382125,16.28235067625,0,2.998074051,1,1,0,1002.7470313125,-0.000187904607935927,-0.0455680892504393,"17",29.6405138610417,0.481100969315981,14.2803799873809,1.09723270400252,0,0,3.72783179855655,0.844074951294399,-0.044042089826465
91,0.00403123371648346,28.9941517542857,16.0859486242857,0,2.99811148314286,1,1,0,1015.85717985714,-0.000187032770958388,-0.0453517953545406,"17",29.6012606102381,0.391268274914272,13.9825816147202,2.40012676804018,0,0,3.71222722948214,0.785858853917531,-0.0484535113423891
92,0.00402213991168756,28.99679789,15.6044737075,0,2.998074051,1,1,0,1028.94363025,-0.000196126575754288,-0.0476101801892757,"17",29.5764247373809,0.361364261944787,14.5180650112679,2.41525342718311,0,0,3.49817882293155,0.773791900746801,-0.0526495538696335
93,0.00398908024831344,28.9830371242857,10.6086631458571,0,2.99811148314286,1,1,0,1042.05716842857,-0.000229186239128407,-0.055863567202131,"17",29.5292501960714,0.426157917835669,13.9068079622708,2.23924982249788,0,0,3.49757445727381,0.774259617073039,-0.0564947874938503
94,0.0039421957137477,28.685448295,14.12556274,0,2.998074051,1,1,0,1055.071204375,-0.000276070773694148,-0.0676864011902092,"17",29.45873503125,0.535481241117637,11.3932421703571,4.67800577949974,0,0,3.57347480463393,0.736057458808582,-0.0585689501467911
95,0.00387971628272368,28.5477238128571,16.0157225785714,0,2.99811148314286,1,1,0,1068.000377,-0.000338550204718167,-0.0836622286654132,"17",29.3473893943452,0.690515203530331,12.773037157625,4.74901941869917,0,0,4.19907119239881,1.42344417169826,-0.055719644796892
96,0.00383257601725229,28.6663284925,15.74921215875,0,2.998074051,1,1,0,1080.905133,-0.000385690470189557,-0.0958870898339743,"17",29.1786979932738,0.724605816007606,15.0358916910714,0.551124892241664,0,0,4.60451800967262,1.21549268355342,-0.0546523788994188
97,0.00385926482994033,28.8040947385714,16.0338517014286,0,2.99811148314286,1,1,0,1093.89733885714,-0.000359001657501517,-0.0889475497085037,"17",29.0430859371131,0.705765304200596,14.9618051617857,0.489048963238464,0,0,4.11008086586905,0.693952501813553,-0.0536438875420843
98,0.0039203974901619,28.9452505725,16.063856325,0,2.998074051,1,1,0,1106.92833825,-0.000297868997279948,-0.073231207671892,"17",28.8655118897143,0.779473470016636,14.9252443648214,0.701882534930563,0,0,3.99497717772857,0.708874238079289,-0.0581073390452757
99,0.00396195211818067,29.1041229085714,15.7730816871429,0,2.99811148314286,1,1,0,1120.05019357143,-0.000256314369261178,-0.0626873942141311,"17",28.7700401773929,0.830012497555876,14.8408554026071,0.832644580151791,0,0,4.19824419077857,0.670918497200687,-0.0612362767444036
100,0.00393276295448995,29.23691509375,15.8972844275,0,2.998074051,1,1,0,1133.21459825,-0.000285503532951897,-0.0700820362473182,"17",28.6826240285,0.918738060698788,14.8238637058214,0.893206529713159,0,0,4.19733361737857,0.670385553656193,-0.0606983479195339
101,0.00391029369345535,29.3548387971429,15.72958285,0,2.99811148314286,1,1,0,1146.46038357143,-0.000307972793986497,-0.0758117722270768,"17",28.7823289277143,0.880619838073579,13.5938473972,1.69681146214959,0,0,4.19732613095,0.670402293819374,-0.051085480265849
102,0.0039482938897563,29.2142075075,9.80490323225,0,2.998074051,1,1,0,1159.696971375,-0.000269972597685547,-0.0661406981034283,"17",28.6825662875357,0.908889332598026,11.6776447492857,4.84973347022558,0,0,4.19733361737857,0.670385553656193,-0.0496501649759313
103,0.0039671351080388,28.9155644828571,13.37583398,0,2.99811148314286,1,1,0,1172.83516328571,-0.000251131379403047,-0.0613800582452555,"17",28.5090876560357,0.809622728819171,11.7080213384893,1.51419430855333,0,0,4.19732613095,0.670402293819374,-0.0520740869833526
104,0.00391519420479325,28.768770995,13.35076409625,0,2.998074051,1,1,0,1185.853466375,-0.000303072282648597,-0.0745593233275414,"17",28.5245882227143,0.553592414729112,10.5879583083857,2.14791056215277,0,0,4.19692285055,0.670156496609264,-0.0559247085658639
105,0.00384981258367935,28.6337054785714,13.7074054885714,0,2.99811148314286,1,1,0,1198.83144257143,-0.000368453903762497,-0.0913997888664078,"17",28.6931782442857,0.263855032713124,10.2593882728286,2.89297733171228,0,0,4.32413906579643,0.790911842821406,-0.0570895692868279
106,0.00379382889267801,28.5193448325,14.26101022625,0,2.998074051,1,1,0,1211.7254015,-0.000424437594763837,-0.106048484990581,"17",28.8354878121071,0.43486196692368,9.36646573836784,4.62343681627091,0,0,4.62348185025357,1.09687043719929,-0.0540781557890926
107,0.00380260133384437,28.4109581671429,14.1209331957143,0,2.99811148314286,1,1,0,1224.60330542857,-0.000415665153597477,-0.103738862029949,"17",28.7932302316429,0.552989463410224,12.5672457447607,3.79200747341844,0,0,4.62391767237143,1.36006879383355,-0.0456798936171362
108,0.00386771921327146,28.3341627875,13.89271702875,0,2.998074051,0.5,0.5,0,1237.4050285,-0.000350547274170387,-0.0867592738071403,"17",28.449542610625,0.616338444513507,14.1621022123527,2.31533014785523,0,0,4.12234194662947,1.43590498023466,-0.034773531084451
109,0.00394091870209611,28.2578695414286,13.7348393085714,0,2.99811148314286,0,0,0,1250.202801,-0.000277347785345737,-0.0680103877678473,"17",28.0954619182589,0.535623679399247,15.1436046661607,2.93188751602914,0,0,4.31663400953571,1.55093908293448,-0.0202266620685869
110,0.00401649991301468,28.17587069625,10.87456385725,0,2.998074051,0,0,0,1262.93443775,-0.000201766574427167,-0.0490134025206634,"17",27.7383804610268,0.602716142450643,15.2373516954018,3.20414421957677,0,0,4.61975039860268,1.88316131830392,0.00270091465391838
111,0.00409309217034697,27.8233433428571,7.83765073085714,0,2.99811148314286,0,0,0,1275.62162714286,-0.000125174317094878,-0.0301235416850361,"17",27.416350375134,0.79553617897231,13.3623412029196,5.21767541719052,0,0,3.86163273235714,1.06114678061981,0.0194214677845125
112,0.00417024212716801,27.38342206375,6.74183699875,0.00314327,2.998074051,0,0,0,1288.066192875,-4.80243602738375e-05,-0.0114501602191499,"17",26.7598745232143,1.12945572062119,7.70174900439286,6.29353939039774,0,0,2.99807268188214,3.9560439978039e-05,0.0422185168730799
113,0.00424768308947553,26.8358011628571,2.35358891028571,4.59386890414286,3.00235585771429,0,0,0,1300.350876,2.94166020336824e-05,0.00694942001710963,"17",26.1511504568929,1.33588391308269,8.98470489039644,7.6512163403679,0.000628654,0.00140571307832715,3.15372068108571,0.347634641488156,0.0588920541295709
114,0.00432527513334914,25.20926322625,1.713651250125,21.09482268375,1.561202767625,0,0,0,1312.141084,0.000107008645907293,0.025051493734936,"17",25.29164998875,1.3656345698951,9.69657522415714,10.4764161627771,0.921499763928572,2.05292524269913,3.58743549812143,1.4538155412814,0.0783197311659346
115,0.0044029049079699,22.5833239542857,1.25261479642857,23.0792736028571,-10.5951022208571,0,0,0,1322.970517,0.000184638420528052,0.0428402697602497,"17",24.0580254805,1.07646027490115,10.3454442689607,11.766865289011,6.98102460245,9.89528071631041,0.869740309028572,3.82427314708019,0.100789730313226
116,0.00448047713381027,20.1810616675,1.12002979775,24.33030251375,-49.0025282425,0,0,0,1332.561360625,0.000262210646368423,0.0603052837648468,"17",22.2862849666786,0.898314865992017,10.7256389878214,12.8001888495977,12.5297311401714,12.2705219927038,-14.0260275982071,12.984778982025,0.123373721112974
117,0.00455789719895215,17.7163919757143,1.10766515385714,25.5264107971429,-77.44192218,0,0,0,1340.99779914286,0.000339630711510303,0.0774371161348544,"17",20.1275447936786,0.9013440025719,10.8464543682857,13.3911638514391,14.54020758775,13.320836887073,-40.1168618586786,15.7042772981534,0.140770616901992
118,0.00463503134811538,15.26474704,1.0401444165,24.43052642375,-35.142183985,0,0,0,1347.92375725,0.000416764860673532,0.0942187015245164,"17",18.5261898220153,1.46452806123746,15.1099882192908,13.2598785408423,10.8173776258418,13.5693567165335,-39.1124044390026,22.0505422376062,0.147393403977265
119,0.0047117163350026,12.6364643128571,1.23173614085714,24.7022349557143,94.3299808514286,0,0,0,1353.67465714286,0.000493449847560752,0.11062798281692,"17",16.4915234158532,1.78136597898192,12.1350325882817,13.1393123644452,14.3303132205159,13.70736028845,-19.5918765494464,43.1019936131331,0.153291184502157
120,0.00478761812503592,10.594989775,1.57068554875,16.103504268125,257.0507342,0,0,0,1358.64971675,0.000569351637594073,0.126608766333637,"17",13.9254465444643,1.8638086472893,12.1029244596528,13.013969217871,13.911450134246,13.4338604865778,50.9600486954941,74.5464913465703,0.157999707726026
121,0.00486216740982321,9.92184292228571,3.02922093228571,0.105789938428571,399.677258314286,0,0,0,1363.230762,0.000643900922381362,0.142060045771428,"17",12.3947787477175,1.92695579599988,13.9311732112614,12.1551704102477,8.27578517034903,11.5588741493795,146.062841116555,114.078161465799,0.161466071509339
122,0.00493355652079178,9.57728959325,10.061162965375,0,488.8984935375,0,0,0,1366.5479585,0.000715290033349933,0.156635869656323,"17",11.2135755507619,1.38925351040457,11.4493208721949,10.6326107643286,7.59495223435566,11.2704849305236,248.253607275848,155.753135436843,0.160386160249872
123,0.00499286775516231,9.38524435614286,13.0818198314286,0,523.2503437,0,0,0,1367.39355757143,0.000774601267720463,0.168586182755578,"17",10.990023996912,1.39885685552839,11.0312278721135,9.85664086127548,6.51026887117092,10.7277187249102,280.545352865013,165.219546465616,0.167164892403338
124,0.00498255077290318,9.60711726275,15.90840568875,0,480.6111572875,0,0,0,1365.179534125,0.000764284285461333,0.166517700976735,"17",11.9068152036396,1.79579315522988,11.7302679714692,11.6873752881751,8.2854024374789,11.551341482727,182.159992895594,126.311666638138,0.164700409132324
125,0.00491881594202982,10.8479407314286,20.9623415114286,0,209.295939842857,0,0,0,1360.95366614286,0.000700549454587972,0.153643577288763,"17",13.5924008675179,2.04865835375324,11.0497005685625,12.7136951934967,14.1306555476339,12.6845201011836,71.5691172459447,95.8491109117866,0.161138801865265
126,0.00484632840507912,12.64025196875,26.25755973375,0,59.420140595,0,0,0,1355.73525225,0.000628061917637273,0.13879712661846,"17",15.8213948487103,1.98338553729668,12.1584349304563,13.1172120555431,14.5641144667064,13.8828291634919,-2.28083756547817,54.0713317372033,0.156338556051103
127,0.00477137684838252,15.2894419071429,27.23917857,0,2.60858874485714,0,0,0,1349.56403828571,0.000553110360940673,0.123210649274848,"17",17.7447347524235,1.54665311534733,11.2746767410357,12.8236704964657,14.3074528292347,13.4647839270927,-41.2281935772679,20.6117637184275,0.150347554113529
128,0.00469518178285488,18.03134739,27.872167735,0,-18.01132101625,0,0,0,1342.076313625,0.000476915295413033,0.107112569209368,"17",19.7256859906845,1.27235207157481,9.22332283254761,12.6200614630325,16.3712414559822,12.7307449293937,-46.3377052455655,20.7242084295368,0.143649412391407
129,0.00461831040313226,20.7349325271429,27.8873247642857,0,-20.3316600171429,0,0,0,1333.378127,0.000400043915690412,0.0906046638566247,"17",21.9354144168155,1.17653581982751,9.12470412280952,12.1018107042027,14.4964930357679,11.9858867883258,-19.8554443722559,18.4058737288671,0.128039253424631
130,0.00454100291300624,23.14739230875,26.98669720875,0,-7.89543756425,0,0,0,1323.4332905,0.000322736425564392,0.0737236332345113,"17",23.8122418927976,1.13554868264436,8.82997269020536,11.1600725633786,9.66406610251785,11.0238620505785,-1.04106677928571,5.79716779602725,0.104766155872897
131,0.00446343517807296,25.1791226271429,24.9045564828571,0,5.71940388071429,0,0,0,1312.53932328571,0.000245168690631113,0.0564944288757498,"17",25.2779188616667,1.22192368251865,8.36608789515179,9.92095840573992,4.28372025056548,8.43793584037319,3.24973004303869,1.54114682908959,0.082417287891396
132,0.0043857079882145,26.630864255,22.4485671175,0,6.180667172875,0,0,0,1300.784379625,0.000167441500772652,0.0389268100334421,"17",26.2652589078869,1.22710761342111,7.87951889371132,7.35945009584979,0.766168695690477,1.87518290132247,3.12849321052381,0.317014868414385,0.0636141117761583
133,0.0043079142815366,27.7274599057143,17.2366337741429,0,3.77558821628571,0,0,0,1288.51345485714,8.96477940947526e-05,0.0210296024088237,"17",26.8637991133036,1.04179561451683,7.54176367011905,5.64273712748402,0.000523878333333333,0.00128323460396635,2.99807291006845,3.53883475589841e-05,0.0475853845823029
134,0.00423013509281767,28.06632209125,9.526104694125,0,2.99804122425,0,0,0,1275.833370625,1.18686053758223e-05,0.00280967063175463,"17",27.3193904998512,0.772722506318522,10.5435729073988,6.2322803671541,0,0,3.57379231595238,0.935128091103263,0.0302275233618815
135,0.00415245978626858,27.9757521571429,16.6429281457143,0,5.16969286785714,0,0,0,1263.20515528571,-6.58067011732677e-05,-0.0157233800740606,"17",27.8258785080714,0.557431253573989,14.3647941277714,3.39215104012637,0,0,4.29541512908214,1.78484992319856,0.007402216215244
136,0.00407502119728045,28.25625430125,16.755048885,0,6.486377644125,0,0,0,1250.487023125,-0.000143245290161398,-0.0345483093870378,"17",28.1279434428929,0.469515486073266,14.8618515946429,2.61608433953006,0,0,4.05292950425714,1.46688764387437,-0.0154482894986609
137,0.00399801031296867,28.7246974928571,17.3576527157143,0,5.99701896714286,1.42857142857143,0.714285714285714,0,1237.63267528571,-0.000220256174473177,-0.0536274417734406,"17",28.426466646,0.536253027362894,14.1082251756321,2.00875059318085,0,0,3.89748836750357,1.34132881666862,-0.0295749568121821
138,0.00392189614979744,29.25782102375,13.672060592625,0,5.996148102375,2,1,0,1224.512685625,-0.000296370337644407,-0.0728490083602189,"17",28.6770825336161,0.56373268825821,12.2910420327947,4.32016638968796,0,0,4.28086006487054,1.29683949849299,-0.0481498131392346
139,0.00384800580438557,29.3136938257143,6.56546106528571,0,5.99400642385714,2,1,0,1211.25961414286,-0.000370260683056277,-0.0918692151866791,"17",28.7159363087054,0.396050704579756,10.0667169066384,5.02320077251255,0,0,4.28085070685268,0.906380533669126,-0.0575137066434187
140,0.00378825155805842,28.98494462,11.971891445,0,5.13322958525,2,1,0,1198.086794375,-0.000430014929383427,-0.107519673674128,"17",28.6202366503571,0.239491399049008,9.83126247978572,3.1523238768583,0,0,4.12186643593304,0.749195532248546,-0.0616741242311279
141,0.00375813180143345,28.8787734628571,8.19691646342857,0,4.49511339085714,2,1,0,1185.028413,-0.000460134686008397,-0.115502283179308,"17",28.4360419126786,0.59695037933473,11.185718769625,1.94145372952071,0,0,4.12237521547322,0.749509155354263,-0.0613408517125406
142,0.00375759892861159,28.6370875325,11.297723812625,0,4.497111076875,2,1,0,1172.01692275,-0.000460667558830257,-0.115644085175072,"17",28.4770876869196,0.931213525749029,11.8105957199553,1.72826575324883,0,0,4.12237989446875,0.749537229446509,-0.0578531777280544
143,0.00376758495566226,28.5823266342857,12.4130455928571,0,4.497167225,2,1,0,1159.11680628571,-0.000450681531779587,-0.112990054974473,"17",28.7076262008482,1.04749849491337,11.4937945383929,5.5798339559524,0,0,4.12237521547322,0.749509155354263,-0.0554083367939806
144,0.00375512174850857,28.64380804125,12.1211238375,0,4.497111076875,2,1,0,1146.17430225,-0.000463144738933277,-0.116303548033685,"17",28.8169591493304,1.01291331512152,13.962028287125,1.71323604116202,0,0,4.12237989446875,0.749537229446509,-0.0570143955174705
145,0.0037602276798758,28.7204449071429,14.4290755742857,0,4.497167225,2,1,0,1133.235468,-0.000458038807566047,-0.114944747071571,"17",28.7750058727083,0.852332171267313,15.0027671594345,0.911204147305056,0,0,3.99745702298214,0.774104224485194,-0.0597599790867555
146,0.0038087645069299,28.912056835,15.60620948875,0,4.497111076875,2,1,0,1120.20043825,-0.000409501980511947,-0.102119395984166,"17",28.8257206325893,0.754810224774704,14.9962264500298,0.836348355500354,0,0,3.99822207283929,0.774698902734686,-0.0610911649974309
147,0.0038761956067012,29.1887714614286,15.0547981285714,0,4.50175752414286,2,1,0,1107.09313814286,-0.000342070880740647,-0.0845700977138772,"17",28.8788016701786,0.697941847116616,15.1150130248512,0.781142842410648,0,0,3.82882665660714,0.753417628107763,-0.0565949521826141
148,0.00394359278465347,29.47806927125,14.9339312925,0,3.485328878625,2,1,0,1093.822724,-0.000274673702788377,-0.067332074952513,"17",28.9560892702857,0.752241769960725,14.9673799356429,0.546560174893015,0,0,4.23503126331786,0.69632469423179,-0.0548882682157596
149,0.00399207156241898,29.7452499742857,14.7645021357143,0,4.68629114071429,2,1,0,1080.46014757143,-0.000226194925022867,-0.0551139725968453,"17",29.0653875970714,0.748346605246198,15.0901696021429,0.597977943851945,0,0,4.58816338346429,1.35822384982254,-0.0546943419628212
150,0.00396129007313091,30.009561945,14.83517317875,0,6.751727241875,2,1,0,1066.94408325,-0.000256976414310937,-0.0628545088923405,"17",29.3580215466964,0.694868776352366,11.7764881303214,5.79767410687053,0,0,3.48638317187946,0.705775115212977,-0.0559264324006699
151,0.00389564633137149,30.1191733042857,3.09924730628571,0,3.44639555914286,2,1,0,1053.36007528571,-0.000322620156070357,-0.079564652431956,"17",29.4909309576786,0.512394154395035,12.052574034558,2.2939503301146,0,0,3.37257476197768,0.749728523027392,-0.0567097003040991
152,0.003827564437565,29.957951535,12.831232897375,0,2.996908856625,2,1,0,1039.770669,-0.000390702049876847,-0.0971955724397544,"17",29.5445842871429,0.453985227704549,15.5404396653125,0.723502992731098,0,0,3.37343919932589,0.749115456235412,-0.0548119226134724
153,0.00377780226808295,29.9835226785714,16.32254388,0,3.00049761842857,2,1,0,1026.25441185714,-0.000440464219358897,-0.110281825935512,"17",29.6203554620535,0.501056928963092,14.1983266140893,3.00886886202533,0,0,3.69434372385268,0.80863686238397,-0.05098433835377
154,0.00375489098632942,30.2044126825,16.2422013425,0,4.283984704125,2,1,0,1012.650681625,-0.000463375501112427,-0.116365002569442,"17",29.6619559058036,0.638394417296565,14.7879861137054,1.55045227466758,0,0,3.74794217279911,0.865387794094828,-0.0463303558589077
155,0.00373098528554026,30.5275300557143,15.9638125985714,0,4.49766872657143,2,1,0,998.947723285714,-0.000487281201901587,-0.122751905196925,"17",29.731957790759,0.703706800395586,12.1809081595848,4.25054550173913,0,0,3.71760180700447,0.901466429983189,-0.0412747025287394
156,0.00373526527487209,30.72776779875,5.910946492625,0,4.497111076875,2,1,0,985.0875188,-0.000483001212569757,-0.121605415496006,"17",29.7427901798214,0.61037208031201,11.5761250091518,6.10878252489906,0,0,3.36967260065625,1.44076324198049,-0.0340195100165823
157,0.0037896387285564,30.5931916842857,2.49468426285714,0,4.497167225,2,1,0,971.235911657143,-0.000428627758885448,-0.107153563734713,"17",29.7050789413839,0.457821290206153,10.1996180360491,5.65879848070734,0,0,3.36963580050447,1.44084047456272,-0.0288821895256063
158,0.00385835095802961,30.32628917125,2.969339869625,0,4.497111076875,2,1,0,957.4633062125,-0.000359915529412237,-0.0891843772252958,"17",29.6156971462947,0.322438970991022,12.0026729393661,5.1629903390857,0,0,4.078273535625,0.72491806197677,-0.0219866212237884
159,0.00392545660551772,30.0562195114286,4.33198347871429,0,4.497167225,2,1,0,943.831445671429,-0.000292809881924127,-0.0719415798337169,"17",29.5383876476786,0.196604722603803,9.10403775595089,7.10950246471437,0,0,4.12241392664732,0.749534965069151,-0.0119546243390643
160,0.0039633868804662,29.769476065,2.238780450375,0,4.497111076875,2,1,0,930.301884,-0.000254879606975647,-0.062325324587774,"17",29.3134875438839,0.301929360691743,11.1136451761607,5.28602269996024,0,0,4.122376652375,0.749535067967666,-0.0051749897107974
161,0.0039293742374415,29.4320793842857,4.11111601714286,0,4.497167225,2,1,0,916.934095628571,-0.000288892250000347,-0.0709440708542877,"17",29.1298326198661,0.417747993830582,13.2524735107143,1.53754217147445,0,0,4.12350378008036,0.750269649152274,-0.000395727081718632
162,0.00386906411245262,29.02608215375,12.30414058,0,4.49528692175,2,1,0,903.7257169375,-0.000349202374989227,-0.0864116101584846,"17",29.0752145182589,0.510388916218098,12.2542859955268,2.95763837280406,0,0,3.57136113754018,0.715389484337294,0.00169339920046646
163,0.00383500663721564,28.8686976642857,7.90599604085714,0,3.77431322728571,2,1,0,890.661802085714,-0.000383259850226208,-0.0952530908043192,"17",28.9814488169196,0.618740178075674,12.5229181058036,1.84822207057792,0,0,3.37333859228125,0.749219639284371,-0.00204977593708576
164,0.00387612163767519,28.52852648625,10.0789808575,0,3.000013526125,2,1,0,877.68317765,-0.000342144849766657,-0.0845891807884653,"17",28.8791241139732,0.673846324397992,13.3488631266964,1.02002551760869,0,0,3.37284266550447,0.749512274454738,-0.000769504568393931
165,0.00393194354285353,28.3205636871429,12.2738878242857,0,2.99811148314286,2,1,0,864.863059857143,-0.000286322944588318,-0.0702904131572062,"17",28.8224432197768,0.667304994626223,14.3605463269196,1.24222145489667,0,0,3.37286606057143,0.749534109826756,0.000486480210708873
166,0.00394172889479024,28.30165895625,15.81750347625,0,2.998074051,2,1,0,852.0652119875,-0.000276537592651607,-0.0678048241760552,"17",28.7981350042857,0.605491105008013,14.1824695824554,1.37711006064731,0,0,3.37284266550447,0.749512274454738,0.00359625675967949
167,0.00391823135044841,28.4743371471429,15.7281985785714,0,2.99811148314286,2,1,0,839.258387528571,-0.000300035136993437,-0.0737838909937851,"17",28.7513613170536,0.550138091237335,13.6355088293303,0.829479307969231,0,0,3.37286606057143,0.749534109826756,0.00164357802582265
168,0.00388479642261232,28.6273636925,13.67254341875,0,2.998074051,2,1,0,826.3414351375,-0.000333470064829527,-0.0823536750766749,"17",28.6988297881697,0.530302353694084,14.0363234091518,0.872368205282871,0,0,3.37284266550447,0.749512274454738,-0.00396254975479611
169,0.0038341450723842,28.6841161814286,14.7292249228571,0,2.99811148314286,2,1,0,813.406657542857,-0.000384121415057647,-0.095477774014463,"17",28.6836044741518,0.538381702192331,14.5547254612054,0.584013146299615,0,0,3.37286606057143,0.749534109826756,-0.0080672198136841
170,0.00378436124820599,28.77265785375,14.85582350625,0,2.998074051,2,1,0,800.4170586375,-0.000433905239235857,-0.108547142050357,"17",28.7599130415179,0.579304819012509,13.9528061277232,2.09633335903043,0,0,3.37284266550447,0.749512274454738,-0.00979849448206407
171,0.00377475039542477,28.9203517185714,14.5442328771429,0,2.99811148314286,2,1,0,787.391316671429,-0.000443516092017077,-0.111089995803222,"17",28.9331438534375,0.621305921228595,9.95094591883482,3.12222861736015,0,0,3.37286606057143,0.749534109826756,-0.0100072327488224
172,0.0038203701990368,28.88280898375,8.149178780625,0,2.998074051,2,1,0,774.303667325,-0.000397896288405047,-0.0990769275516641,"17",29.1766278599286,0.720684919455326,10.5151995349072,4.48337205346841,0,0,3.29789642903214,0.670381368308787,-0.0132270096526479
173,0.00388689648065134,28.62600844,12.4251987871429,0,2.99811148314286,2,1,0,761.333664142857,-0.000331370006790507,-0.0818132373465099,"17",29.245612242,0.790782167287733,12.0899432757214,4.76446517888867,0,0,3.29827248973214,0.670202984474195,-0.00837653917444362
174,0.00395213466967152,28.5823516025,12.70249869125,0,2.999898206375,2,1,0,748.400703325,-0.000266131817770327,-0.0651684014509932,"17",29.0585022245536,0.715793440998839,14.0639393875,0.942128818181575,0,0,3.55356552307589,0.715402200194567,-0.00541677546394137
175,0.00398011246845941,28.5716396571429,12.7295609942857,0,3.72096548128571,2,1,0,735.501380828571,-0.000238154018982437,-0.0581141799638072,"17",29.0764623351786,0.733687381066702,14.1037325882143,0.984598453013716,0,0,3.74713109025446,0.864915338890426,-0.00750726879882278
176,0.00394098971049206,28.5834858475,13.01683036625,0,4.495171601875,2,1,0,722.5816035625,-0.000277276776949787,-0.067992369696479,"17",29.1136612308036,0.825011125542431,13.2051410139554,1.52502131980936,0,0,3.74761595900446,0.865474833691277,-0.0131879085373792
177,0.00391218967060748,28.59673333,12.9706228414286,0,4.497167225,2,1,0,709.6730186,-0.000306076816834367,-0.0753270215277038,"17",29.1338086175447,0.902834107117474,13.2237598105,2.75149739116746,0,0,3.74761595900446,0.865474833691277,-0.0200257502562429
178,0.00387381549784597,28.571873275,13.40598532625,0,4.497111076875,2,1,0,696.750638,-0.000344450989595878,-0.0851843184773129,"17",29.1249370930803,0.802268801048802,14.7105518929911,0.990299154741961,0,0,3.74761595900446,0.865474833691277,-0.028249297497625
179,0.00382719819411305,28.55610997,13.5602147214286,0,4.497167225,2,1,0,683.860098285714,-0.000391068293328798,-0.0972912627858253,"17",29.1918730045982,0.691365651182314,13.9309653137679,2.7269032369784,0,0,3.74761595900446,0.865474833691277,-0.0375675040167283
180,0.00382486047044316,28.54174532875,13.3999957575,0,4.497111076875,2,1,0,670.9555656375,-0.000393406016998687,-0.0979022679503174,"17",29.23461390875,0.629560439778979,14.7451883857188,1.2279380798252,0,0,3.74761595900446,0.865474833691277,-0.0449459908013022
181,0.00387546032820674,28.5364925042857,13.3785455028571,0,4.497167225,2,1,0,658.076834685714,-0.000342806159235107,-0.0847598064635608,"17",29.2539491016964,0.639066123896791,14.8383184214285,1.19447183874208,0,0,3.74757623672321,0.865428970500796,-0.0437419709034348
182,0.00394665943725519,28.51457699875,13.14846153625,0,4.49695218775,2,1,0,645.1801845875,-0.000271607050186657,-0.0665547480452977,"17",29.2875098617857,0.677679954018588,14.6452792533036,1.23701361273215,0,0,3.74821249286161,0.866164225220057,-0.0331603421428489
183,0.00402126357945396,28.49654688,13.0089549942857,0,4.49955336042857,2,1,0,632.310656414286,-0.000197002907987887,-0.0478280810359113,"17",29.3090601400893,0.702867997062637,12.0574863449286,4.77941033314868,0,0,4.03294873959821,1.28257057240822,-0.020324958572649
184,0.00409695496794085,28.47607567375,14.09415323625,0,5.63844219925,2,1,0,619.4386062875,-0.000121311519500998,-0.0291802509515993,"17",29.2605017580804,0.619151908601098,12.3690601380089,4.14167309265053,0,0,3.60175501571875,0.736614553883809,-0.0112052734020986
185,0.004172912892848,28.4742006328571,14.7728399071429,0,3.91372345185714,2,1,0,606.585996128571,-4.5353594593847e-05,-0.0108099310250891,"17",29.2586225870536,0.616066126185604,12.7772441070893,2.16383783769465,0,0,3.37276548472322,0.749601182150294,-0.00513971880740054
186,0.00424857099527781,28.4903334075,14.70838727125,0,2.99770917975,2,1,0,593.7103013625,3.03045078359626e-05,0.00715843113559878,"17",29.2926717939286,0.685088292420638,12.2633226839375,3.73859607462785,0,0,3.37285202354018,0.749506035764263,0.00608752304061078
187,0.00432305789560696,28.5091626457143,14.68464751,0,2.99811148314286,2,1,0,580.843885885714,0.000104791408165113,0.0245387387954441,"17",29.3106856414286,0.623263759125359,14.2865831136785,1.17503838847067,0,0,3.37384533519197,0.748883558361803,0.0102166060163929
188,0.00439239157385117,28.58831086375,14.03894744375,0,3.002028581625,2,1,0,567.941035275,0.000174125086409323,0.0404495967661909,"17",29.3167687441072,0.501058839226387,12.4344697819107,3.34781418232433,0,0,3.93360991943304,1.1221350440275,0.00887901940389191
189,0.00442436619074352,28.6681351671429,13.8604520585714,0,5.24114306671429,2,1,0,555.016517785714,0.000206099703301672,0.0477027746800944,"17",29.2655423114732,0.428964758464411,14.1784252998393,1.63850994939907,0,0,4.01241495519197,1.24850398513823,0.0101776196788512
190,0.00442792638810902,28.7319139525,14.07729129875,0,5.556307061625,2,1,0,542.043966025,0.000209659900667173,0.0485071307144898,"17",29.1886628536161,0.32294647489016,13.5825036737232,3.12218450195331,0,0,3.74641929971875,0.864095208357582,0.0105930322805004
191,0.0044782403730723,28.8690673314286,14.1727566885714,0,4.49238058785714,2,1,0,529.040800171429,0.000259973885630453,0.0598059353407461,"17",29.103736046875,0.30367763106636,14.9045300329464,0.708148695422278,0,0,3.74761595900446,0.865474833691277,0.0119280492158541
192,0.00452609645467766,29.02924023,14.29766619375,0,4.497111076875,2,1,0,515.9572112625,0.000307829967235813,0.0704355979268589,"17",29.0706489255357,0.276398473007884,15.2100384729911,0.584183721973092,0,0,3.74761595900446,0.865474833691277,0.0148276989588008
193,0.00450289071698594,29.1814993585714,14.3803045514286,0,4.497167225,2,1,0,502.815248328571,0.000284624229544093,0.0652953119052526,"17",29.0675904272768,0.233076750505188,15.0470052244196,0.742472149964713,0,0,3.74761595900446,0.865474833691277,0.0168773533617917
194,0.00443665390500633,29.32273262125,14.06434000875,0,4.497111076875,2,1,0,489.594541825,0.000218387417564483,0.050476207474297,"17",29.0845120972768,0.251041461900693,15.6299082911607,0.362675667534639,0,0,3.74761595900446,0.865474833691277,0.0158047761222511
195,0.00436695633494898,29.4593017042857,15.5349166685714,0,4.497167225,2,1,0,476.325660342857,0.000148689847507133,0.0346420160932501,"17",29.1274442426786,0.364490579740055,15.5770565553125,0.484375708376724,0,0,3.74761595900446,0.865474833691277,0.0119038989536108
196,0.00430271479965758,29.636777195,15.85459191875,0,4.497111076875,2,1,0,462.9715339375,8.44483122157324e-05,0.019821913088756,"17",29.1960134161161,0.529423114643556,15.5946740508036,0.91099778726066,0,0,3.74760362196875,0.865460587810396,0.00730693196992349
197,0.00422996358611173,29.83168054,15.1701945557143,0,4.49711787685714,2,1,0,449.5462975,1.16970986698828e-05,0.00276912578507726,"17",29.2706738960714,0.715894529592638,15.691263880683,0.967281379108948,0,0,3.78721166219197,0.913485666665737,0.004247223560504
198,0.00415449566865625,30.02858160375,14.706458861125,0,4.655493889625,2,1,0,436.0177657,-6.37708187855969e-05,-0.0152332167668261,"17",29.3061930620536,0.868519753946704,14.6730897381697,2.60993714706049,0,0,4.02303668132589,1.26609038164039,0.00398945909788721
199,0.00407883846061445,30.0559638542857,10.8844645392857,0,5.59885011428571,2,1,0,422.435190485714,-0.000139428026827398,-0.0336120010178966,"17",29.3152005249107,0.951498912785594,13.179293649009,2.25902130468795,0,0,3.74810899875447,0.866044499896223,0.0084157102258297
200,0.00400368618508618,29.896997245,10.84005609075,0,4.499083235875,2,1,0,408.891283525,-0.000214580302355667,-0.0522087743873509,"17",29.2634294107589,0.905986077128915,13.2500548145491,2.60149475804241,0,0,3.74761595900446,0.865474833691277,0.0105791257133737
201,0.00393004795229796,29.8218053614286,13.3508917857143,0,4.497167225,2,1,0,395.4097717,-0.000288218535143887,-0.0707726295384496,"17",29.1932260725447,0.860718858237452,14.0361352892411,1.25781818323351,0,0,3.74761595900446,0.865474833691277,0.0121080716451421
202,0.00386274475684874,29.82716683375,12.93215123,0,4.497111076875,2,1,0,381.9324995125,-0.000355521730593107,-0.08804624881921,"17",29.1281513475447,0.96354259349146,14.8876660975447,1.16220003307972,0,0,3.74761595900446,0.865474833691277,0.0121326361817827
203,0.00383244747554903,29.8688240257143,15.5085189514286,0,4.497167225,2,1,0,368.4539897,-0.000385819011892817,-0.0959206296398305,"17",29.1374105420536,1.09690888941709,14.8537497130357,1.59559478143084,0,0,3.74875119671875,0.866787724755881,0.0157684226077961
204,0.00385388861952611,30.000208715,15.4102307275,0,4.497111076875,2,1,0,354.929128925,-0.000364377867915737,-0.090341586837595,"17",29.2721657957589,1.07082823106236,11.1732162694107,3.36724076988747,0,0,3.49884690476786,0.706157382869416,0.0235501257224017
205,0.00387775608335333,30.1333105185714,14.6900419942857,0,4.49606651042857,2,1,0,341.354808728571,-0.000340510404088517,-0.0841675992987918,"17",29.3051994525446,0.950711700214188,11.2765627901964,1.96198384973172,0,0,3.8961042025625,1.0636302146088,0.0331637494718117
206,0.00388955760526889,30.22699966,9.86751651325,0,5.084028965,2,1,0,327.7098203,-0.000328708882172957,-0.0811288316717427,"17",29.2772136159821,0.769258455101256,12.930089353125,0.984647162939407,0,0,4.01988468244196,1.26481001374887,0.0413049904602298
207,0.00389659848727844,30.1217672257143,12.4495729514286,0,5.59197970271429,2,1,0,314.079334814286,-0.000321668000163407,-0.0793202669154818,"17",29.2981648885714,0.524949775248011,11.6838756509821,3.31231124235157,0,0,3.82000164635357,0.764866672714062,0.0447012952816447
208,0.0039099849159572,30.07963687625,12.749954145,0,4.48116791225,2,1,0,300.477543525,-0.000308281571484647,-0.0758907406387754,"17",29.4383188068929,0.456510866539864,10.0358440547393,3.03082134116904,0,0,3.29713455914643,0.670815023298182,0.0429322529508049
209,0.00395947595526307,30.0894469114286,6.72080004685714,0,2.99182921814286,2,1,0,286.890320314286,-0.000258790532178778,-0.0633125751569548,"17",29.4955023875357,0.379670965839875,8.85419748412499,4.0846200071626,0,0,3.29785975845357,0.670433259332652,0.038821406121592
210,0.00401425772431839,29.90197021,4.55742952725,0,2.99803087125,2,1,0,273.32630925,-0.000204008763123457,-0.0495718028111378,"17",29.4626398631429,0.417735317580083,11.5848051590536,4.22606329261601,0,0,3.29767818913572,0.66987244379581,0.0336755765387732
211,0.00403278398734332,29.5490215242857,10.2218451641429,0,2.99811148314286,2,1,0,259.899611657143,-0.000185482500098528,-0.0449673044227374,"17",29.3796813396429,0.492193224052363,14.4383882585357,1.32246163085185,0,0,3.49405358631429,1.10902303132595,0.0276407947768989
212,0.00405606966461813,29.2106116375,13.4403006125,0,2.998074051,2,1,0,246.628767275,-0.000162196822823717,-0.0392098159021019,"17",29.3780150175357,0.578743069498613,13.4304812083072,1.70749315386631,0,0,3.295333548125,0.664273356416432,0.0215180756101545
213,0.00408788349384351,29.1792703,13.3728390757143,0,2.99811148314286,2,1,0,233.446776385714,-0.000130382993598337,-0.0313969049839207,"17",29.4181443616429,0.709313553842236,11.8825522812286,1.529272239037,0,0,3.48024004751071,0.692043573066013,0.016735988686046
214,0.00410753773188148,29.184636715,13.32499709625,0,2.998074051,2,1,0,220.2579682125,-0.000110728755560367,-0.0266005010660262,"17",29.2862461038839,0.6951084054707,11.0226672924911,2.85320989699744,0,0,3.74789113771875,0.865792711212883,0.0154967032883156
215,0.00409892286634723,29.2183717914286,13.3531714757143,0,2.99811148314286,2,1,0,207.0643268,-0.000119343621094618,-0.0287000343266168,"17",29.1741226465625,0.598057546320285,15.0357248154286,2.2694432531222,0,0,3.74761595900446,0.865474833691277,0.0189165107167947
216,0.00406357581743476,29.22140462125,13.172796305,0,2.998074051,2,1,0,193.8589744625,-0.000154690670007087,-0.0373609285863745,"17",28.9893423215625,0.470934003892232,15.4106117008929,2.49573239751361,0,0,3.74812941761161,0.866068152693132,0.0238977276673145
217,0.00401544372708273,29.2218284442857,13.4784062685714,0,2.99811148314286,2,1,0,180.660640571429,-0.000202822760359118,-0.0492763988660219,"17",28.8104132084375,0.445111885618436,15.3507210884821,2.16406829076943,0,0,3.58858633194196,0.729632258520587,0.0277885097992566
218,0.00399947406311366,29.2224151475,13.6552814925,0,2.998074051,2,1,0,167.4539275,-0.000218792424328187,-0.0532613891359119,"17",28.6609779392411,0.524527819199174,14.8100144983928,1.90027566388093,0,0,3.37348251700447,0.74908666421474,0.0283825146545921
219,0.00402553685796774,29.2471172642857,13.2886472757143,0,2.99811148314286,2,1,0,154.251634942857,-0.000192729629474107,-0.0467659747136491,"17",28.3663472926786,0.672853939183447,14.7762998509286,2.1973774509238,0,0,3.01385896671786,1.0373630473906,0.0337156882617327
220,0.00407635149150041,29.2755996225,13.47937203375,0,2.998074051,2,1,0,141.0213932625,-0.000141914995941438,-0.0342219117973501,"17",28.3946344429762,0.600153094700785,13.821243503125,1.43569397171708,0,0,2.75884222966667,1.11428895291536,0.0419860060321546
221,0.00414766696544517,29.2731153142857,12.8974044328571,0,2.99701076828571,2,1,0,127.795636614286,-7.0599521996677e-05,-0.0168782591220538,"17",28.4804738658631,0.548636448334407,13.0926815715536,1.078553222202,0,0,3.07560873453274,0.981542901888719,0.0517849560718591
222,0.00422345293800392,29.26257443,13.703335625,0,3.585106270375,0.75,0.375,0,114.5672291625,5.1864505620728e-06,0.00122876651790449,"17",28.79639703125,0.385926619363839,10.97577727045,3.82204357884188,0,0,3.96010025861786,0.748340126276674,0.0684221633792575
223,0.00430042018445043,29.2404019614286,13.7880969457143,0,4.49652973057143,0,0,0,101.352174681429,8.21536970085825e-05,0.0192884761003889,"17",28.8162569330714,0.484697928677009,12.2097497105286,4.68481133653448,0.000437012425,0.000977189489312028,4.25712235565714,0.535842856385218,0.0751068465495846
224,0.00437798100472421,29.1507416875,6.707465802875,0.002185062125,4.497111076875,0,0,0,88.15392525875,0.000159714517282363,0.0371634007379962,"17",28.3095499064286,0.659830202852325,14.7953067847571,9.53918177956704,0.20577414,0.460124965051559,4.30877534511429,0.41978858635929,0.0836699340933447
225,0.00445585444591581,28.6100822071429,1.96646251442857,1.0288707,4.497167225,0,0,0,75.0797219042857,0.000237587958473963,0.0547945774005489,"17",27.2817330921071,0.841897585936585,16.7514744696857,11.539915110364,1.26251980412857,2.82156053700436,3.948846275425,0.656567595859867,0.0928430630964292
226,0.0045339125256204,27.58978116375,1.8611655835,6.3098802955,4.496231267,0,0,0,62.37883127625,0.000315646038178552,0.0721609985807072,"17",26.0437129237857,1.15260074566466,15.935789795425,12.9220545163566,3.27642873827858,5.602813217199,2.61202952336429,1.22889378211224,0.101051342830944
227,0.00461205906845093,26.4061543085714,1.71510042371429,12.9373163721429,1.14548002371429,0,0,0,50.16864295,0.000393792581009082,0.0892501491709652,"17",24.2763308827232,1.49840973275584,13.7863232218259,13.9020594979098,10.4263789846875,12.041632844753,-7.53685764408482,6.96337744697737,0.107203577730981
228,0.00469022889116239,24.5819434625,1.832456924375,20.56531251875,-17.90184348,0,0,0,38.63600205375,0.000471962403720542,0.106057124281329,"17",22.2278380051339,1.33781861605335,13.3967914426384,13.8606410994433,11.0573969716072,12.9182412092129,-25.3882310243036,17.3250958923204,0.120294624417246
229,0.00476836255952673,22.5396695,1.88940217857143,19.7086812414286,-44.7070049442857,0,0,0,28.0393841414286,0.000550096072084882,0.1225787056202,"17",19.2945963560204,1.93627443682502,15.1902738667117,13.0106880871168,9.99509658002551,12.5182624509196,-23.7228653698367,13.7836783844132,0.138063449436653
230,0.00484639569887796,21.11688409125,1.844853827375,21.46058665625,-28.46553351725,0,0,0,18.33437798125,0.000628129211436112,0.138811012043595,"17",16.8915589864031,2.171349681513,15.6045075261633,13.299260317782,11.8093618879082,14.7846344060715,6.41970827665561,19.8393557169844,0.153007190938269
231,0.00492426188138881,18.7578343357143,2.09096737557143,29.8375385828571,22.0966622737143,0,0,0,9.68359662771429,0.000705995393946963,0.154750129507841,"17",13.181495018996,2.83951817889048,14.5486754162004,12.5564999020877,12.4931034911905,14.9081433400956,104.35790416772,83.5818695368257,0.157738157757765
232,0.00500185392202771,15.16923140625,1.525024672375,32.1227838675,127.30207672625,0,0,0,2.221726780625,0.000783587434585863,0.170384365715982,"17",6.145378407358,5.3520839858829,9.94438701626786,9.75132865066393,14.3608885013988,22.7658681170053,118.128893948752,256.259667133373,0.17390598972352
233,0.00507904137252554,11.81182953,1.57706654257143,26.5524985557143,277.753962171429,0,0,0,-3.85208772471429,0.000860774885083693,0.185698274883434,"17",4.90663666118985,4.58691952486306,7.48077686638816,8.12571811346671,13.9803368435009,23.4094388609642,180.508660475588,318.411748013431,0.186133196178062
234,0.00515555183004406,9.62177269275,6.554736447625,6.360536496125,436.3743621,0,0,0,-8.134811292125,0.000937285342602213,0.200649896278834,"17",3.73189643291837,4.35010277909702,5.11204925004592,6.35528027927289,16.9252142552321,26.3537748549141,205.865019004017,321.866368241618,0.184622875834317
235,0.00523094118510558,8.99873151242857,15.9774788142857,0.000492131285714286,510.472911914286,0,0,0,-10.1559320715714,0.00101267469766373,0.215166957521691,"17",8.09929784029464,1.90015463674567,2.48612550773661,1.29577228123066,9.75880931915177,11.3573934578252,495.16819987872,157.502587003184,0.175624864368814
236,0.0053039047843214,9.2153877345,19.41694582,0,518.798292275,0,0,0,-9.362553003875,0.00108563829687955,0.229019037509821,"17",8.27918457472143,1.69402978686126,5.18439616904643,6.1369855924575,7.80714588157856,10.7604712017963,498.229142285833,136.572857942638,0.174212646756212
237,0.00536962948013944,10.6061844241429,23.58961794,0,381.631593528571,0,0,0,-5.97416850128571,0.00115136299269759,0.24133464425902,"17",4.54458772804412,4.6354373746715,5.77424805655147,6.67562270496533,15.625082354501,24.2733715610945,181.91243426585,329.188929349754,0.186285350958014
238,0.00538449302253856,13.2449524275,25.90952006,0,101.962064135,0,0,0,-0.66968931325,0.00116622653509671,0.244098896123077,"17",5.23778026390696,4.86538283686296,8.35427287703665,8.80366801489662,15.3663084325648,23.3288351842549,138.649658183733,281.192135461419,0.184797166171053
239,0.00532858834482843,15.7494346042857,26.39261544,0,17.6783389588571,0,0,0,5.71847623614286,0.00111032185738658,0.233662088596098,"17",6.07617082561655,5.85554027583215,9.13784133458365,9.88881356580526,16.3999530499652,23.7227078046925,68.081077005171,226.506313801,0.175484872016003
240,0.00525808482942301,18.215040865,25.25881434625,0,-21.46878398375,0,0,0,13.255147445875,0.00103981834198116,0.220342596204287,"17",14.8604063035873,2.42351644546575,15.1057649963353,12.9159560775772,12.8581079386508,15.3296513644285,57.6910673796567,53.2089081564953,0.161283536955965
241,0.00518465981940065,20.40169534,23.6356055857143,0,-28.4636958085714,0,0,0,21.8909587857143,0.000966393331958803,0.206279967822513,"17",18.6570966105952,1.69479209735902,13.9521538382351,13.4720409766676,12.7827709636012,14.2514835513638,-10.9702449891905,17.7055668578242,0.144864488550129
242,0.00511020755155642,22.0428118525,22.495016735,0,-14.4625989575,0,0,0,31.46339503,0.000891941064114572,0.191815757309694,"17",20.7445227893452,1.38679113609236,13.8634729342827,13.5085452236588,10.7126427931845,11.7842186930788,-29.2913902172024,16.0089369588295,0.143116603632085
243,0.00503584136174971,23.5005569557143,23.4213630085714,0,-3.10759920442857,0,0,0,41.7278379242857,0.000817574874307863,0.177156352306915,"17",22.7137995790476,1.40068575905898,13.9050468995714,13.580140813297,10.7991500675298,11.9407638355068,-20.5653373171399,15.9818981022752,0.128565897873126
244,0.00496338526847627,24.9691182775,23.03819612625,0,2.790283047125,0,0,0,52.673218485,0.000745118781034422,0.162663759490753,"17",24.7228384870536,1.44064386908874,13.9306622675506,13.3623636583511,9.10713871848215,10.388210439914,-4.53705474046131,7.1225382277245,0.115914278177351
245,0.00490359078834155,26.3390192114286,22.43917223,0,4.197201392,0,0,0,64.2649560185714,0.000685324300899703,0.150543488687322,"17",26.3013909637797,1.20879221411144,13.5900190934375,12.907340371152,3.78200399781548,5.16205877686322,2.92606314730357,1.34158363286004,0.104261381080971
246,0.00490575094205831,27.5010921625,21.63829195375,0,4.496512823,0,0,0,76.45257559625,0.000687484454616463,0.150983916550273,"17",27.5031246112798,0.92796468937889,14.2873058104762,11.9569425728197,1.22357828677381,2.52548247703832,4.04023310035417,0.628469662728735,0.0970706726181937
247,0.0048911320504625,28.2675505728571,19.4050703192857,0,4.49750501914286,0,0,0,89.0638402171429,0.000672865563020653,0.147999517908591,"17",28.4497485366071,0.682813776003821,13.4473332877768,9.14871501962258,0.171842627020833,0.41985720454613,4.34016463374107,0.383261908403377,0.0888373266883834
248,0.0048576064776914,28.46674425625,4.70666029875,0,4.509609362375,0,0,0,101.927149265,0.000639339990249553,0.141121560488642,"17",28.8869477711309,0.466828483668658,12.4728075830595,4.23947667441875,0.000364177020833333,0.000892047877088586,4.29702358480952,0.489136690423526,0.0813088877106064
249,0.00486335483936945,27.9874903757143,11.7509352341429,0,2.87526469142857,1.28571428571429,0.428571428571429,0,114.680610642857,0.000645088351927603,0.142304234103385,"17",28.874093264375,0.394172186078327,11.4303703295417,3.5953223487052,0,0,3.89760126057738,0.686620058120218,0.0758880963638523
250,0.00487926007449549,27.7629900175,13.42782011625,0,1.499330432125,3,1,0,127.268668675,0.000660993587053643,0.145569322392384,"17",28.6239706355357,0.470975072326194,13.0256538626143,1.19180575731137,0,0,3.39086439501429,0.677412060209835,0.0611633927039116
251,0.0048714206905868,27.6610645828571,15.4775297257143,0,1.56341556657143,3,1,0,139.784697442857,0.000653154203144953,0.143961355599939,"17",28.541348415,0.537393942509704,13.4899862586071,1.3242115617186,0,0,2.99792756228571,1.05987563713146,0.052183540988933
252,0.00484649931771247,27.73693943375,16.40290450375,0,3.012526507875,3,1,0,152.293261625,0.000628232830270622,0.138832392411834,"17",28.5292838911786,0.573663804088217,14.5586545631786,2.04456790641207,0,0,3.01096847534286,1.03738782306592,0.0442273586767428
253,0.00479743046572908,27.9871261914286,16.2167692928571,0,3.000633457,3,1,0,164.879333885714,0.000579163978287233,0.128656193391151,"17",28.5415367646875,0.61918296661337,14.9136520342857,2.02093421046641,0,0,3.37646513775893,0.747128195849905,0.0373979337929841
254,0.00472694462504273,28.28251748625,16.40906123,0,3.860992568625,3,1,0,177.5880112375,0.000508678137600882,0.113854775895988,"17",28.6570527134375,0.515066803350203,14.9991334728125,1.68289653817951,0,0,3.373487196,0.749120990925877,0.0319053576124298
255,0.00465269190193873,28.6128210157143,16.40175989,0,4.49922105942857,3,1,0,190.434275585714,0.000434425414496883,0.0980216948421671,"17",28.8046958017411,0.448491137003868,15.2641561338393,2.26003760414416,0,0,3.58858165294643,0.729598854161319,0.0260241460076947
256,0.00457831637918111,28.939212005,15.037582981,0,4.497111076875,3,1,0,203.4369936625,0.000360049891739263,0.0819070671941304,"17",28.9840653688393,0.476898936773986,15.4397392686607,2.4723026679955,0,0,3.74813409660714,0.866095144346679,0.024352757179032
257,0.00450578081880278,28.9977926528571,7.310637971,0,4.49826793985714,3,1,0,216.549811557143,0.000287514331360933,0.0659369385513893,"17",29.1976631251339,0.565947927606331,14.9483046856964,2.34345267072252,0,0,3.74761128000893,0.865447818956391,0.018639737525872
258,0.00444511793962456,28.6982615975,13.55243533,0,3.910078858125,3,1,0,229.5653213,0.000226851452182712,0.0523821418166541,"17",29.3315179680357,0.638641104305046,10.3562506186786,2.45842370268115,0,0,3.74781945903571,0.865731616631319,0.0163392456304178
259,0.00443900156592772,28.72318745,13.8641441971429,0,2.99874897771429,3,1,0,242.531433771429,0.000220735078485873,0.0510052187526027,"17",29.2409374284821,0.584222369309557,12.6960079239107,0.900794622842063,0,0,3.59748089250893,0.73062769302298,0.0212999735230858
260,0.00446203426593644,28.80630182375,13.88633489,0,2.998074051,3,1,0,255.5229925125,0.000243767778494592,0.0561805155011266,"17",29.2320772543303,0.49218346405649,14.1314415560268,1.31533079111354,0,0,3.61820784378572,1.23981767525232,0.0280747284941231
261,0.00447040880766858,28.8749587142857,13.6747276142857,0,2.99811148314286,3,1,0,268.555000557143,0.000252142320226733,0.0580556002745363,"17",29.3646715634821,0.462082870874504,13.3153624771518,2.26244299663978,0,0,3.37256986563393,0.74894171995192,0.0347472543496446
262,0.004495900985477,28.946350235,13.89947636,0,2.997915161875,3,1,0,281.61431795,0.000277634498035153,0.0637418293955117,"17",29.5174787120982,0.45927450799636,8.15971104083482,4.32323541927694,0,0,3.37284590759822,0.749547545658214,0.0402742430485772
263,0.00452483931373034,29.0266344957143,13.8195258871429,0,3.00054696657143,3,1,0,294.710318485714,0.000306572826288492,0.0701578054510765,"17",29.518386185625,0.489922211854681,9.79014076429464,3.46333035381122,0,0,3.37124173500893,0.750585226778444,0.0464799921866203
264,0.00452580039603287,29.0876761025,13.73919667125,0,4.125487560375,3,1,0,307.836856325,0.000307533908591022,0.0703701843139468,"17",29.4234694158036,0.500922949903618,13.0662948493081,1.51465729024321,0,0,3.74423903870536,0.860194765816228,0.0522522705228169
265,0.00455331742184625,29.1600731357143,13.8907226385714,0,2.99233071942857,3,1,0,321.000018114286,0.000335050934404403,0.076431810567664,"17",29.3712105024554,0.598793003413466,11.504690666875,3.56051356627768,0,0,4.30318325071429,1.0697989098734,0.0542092512043266
266,0.00461302482395568,29.21817716875,13.80364138625,0,2.99803087125,3,1,0,334.18694275,0.000394758336513833,0.0894595251503283,"17",29.3575285659375,0.836318035276056,11.2827170282321,1.9940182288106,0,0,3.89466980657143,1.0652476237484,0.0493214786865401
267,0.00465929974602366,29.1939250957143,8.39941208885714,0,2.99811148314286,3,1,0,347.397928971429,0.000441033258581813,0.0994409068221431,"17",29.3361286236161,0.96382127762472,12.1318532366161,2.88587335998216,0,0,3.49883610983036,0.706167590126352,0.0401365086362513
268,0.00464543112395754,28.8811995675,13.3991529675,0,2.998074051,3,1,0,360.5082001875,0.000427164636515692,0.096459921722877,"17",29.2400849898661,1.03780199884711,12.7446394305179,3.02507425758496,0,0,3.74875119671875,0.866787724755881,0.0301154981616985
269,0.00458908932544147,28.7753438557143,13.85440049,0,2.99811148314286,3,1,0,373.538458242857,0.000370822837999623,0.0842573397426341,"17",29.0959918009821,1.05464974140061,14.9334574172768,1.55929001489963,0,0,3.74761595900446,0.865474833691277,0.0221800772654531
270,0.00451719194696129,28.698719285,13.76335014125,0,2.998074051,3,1,0,386.5167519125,0.000298925459519443,0.0684662898606483,"17",29.1340050675893,0.972191463253854,14.1517162971429,1.42963725833929,0,0,3.74761595900446,0.865474833691277,0.0167204246259645
271,0.00444263159977426,28.6309725128571,14.3669177628571,0,2.99811148314286,3,1,0,399.466756071429,0.000224365112332412,0.0518226436336349,"17",29.2485948320536,0.935377966281069,13.143486168433,2.59244056784518,0,0,3.74761595900446,0.865474833691277,0.0130796915139719
272,0.00436738386575062,28.5886285775,14.253781555,0,2.998074051,3,1,0,412.38377335,0.000149117378308773,0.0347399126217498,"17",29.3100314226339,0.961235237145789,13.1749404816875,2.2285230773,0,0,3.74810899875447,0.866044499896223,0.00925850323736182
273,0.00429245109609212,28.6213008014286,15.2560096071429,0,2.99811148314286,3,1,0,425.307749,7.41846086502723e-05,0.0174336617554864,"17",29.4955255090357,0.910391302907638,13.9173746424143,2.53343703803172,0,0,4.11786279006071,1.1167804597819,0.00416911621898635
274,0.00421943125554675,28.70074482625,15.57988619875,0,2.998074051,3,1,0,438.2524709,1.16476810490228e-06,0.000276086705205181,"17",29.3862244038214,0.770297529649175,15.9071926920464,0.99790356801965,0,0,3.92919154512857,0.852427992968481,0.000435239946668098
275,0.00415559257125808,28.7808867057143,14.94522266,0,2.99811148314286,3,1,0,451.241243328571,-6.26739161837669e-05,-0.0149692237621473,"17",29.2214486301339,0.650160694610426,15.8071978043304,0.827608888179339,0,0,3.747617659,0.865476796607962,0.00438159608554279
276,0.00415272412325978,28.8803466,14.8564401525,0,2.998074051,3,1,0,464.261270775,-6.55423641820673e-05,-0.0156597241724441,"17",29.2841661718929,0.499070303158153,15.6466576243929,0.797464222339113,0,0,3.89750511295,0.821047384005239,0.00616920641366599
277,0.00418595278777839,28.9936275585714,15.1568168285714,0,2.99811148314286,3,1,0,477.341468557143,-3.23136996634573e-05,-0.00768991314354928,"17",29.193815735,0.348806410497708,15.5686285779643,0.419904779872771,0,0,3.89752621220357,0.821066645215727,0.00983679739546178
278,0.00418368439495481,29.118362075,14.8864437175,0,2.998074051,3,1,0,490.4585419375,-3.45820924870371e-05,-0.00823196598894516,"17",29.1321562020714,0.242107755562153,15.3167946346786,0.767366300566001,0,0,3.89751498257857,0.821056394017525,0.0126528278175197
279,0.00415755478616797,29.2651857185714,15.5931721942857,0,2.99811148314286,3,1,0,503.651477885714,-6.07117012738773e-05,-0.0144971486707872,"17",29.0903722135357,0.208179316084187,14.9136650898214,0.708764155116675,0,0,3.89752621220357,0.821066645215727,0.0124757207669316
280,0.00412339804819746,29.3993620675,15.24819881375,0,2.998074051,3,1,0,516.89787165,-9.48684392443871e-05,-0.0227466657344895,"17",29.0038021832143,0.258246347405221,14.912122642619,0.646459856813313,0,0,3.99745702298214,0.774104224485194,0.00652412015291599
281,0.00408881722359422,29.5363814942857,15.7528037885714,0,2.99811148314286,3,1,0,530.2123803,-0.000129449263847627,-0.0311685170890481,"17",29.0411906364881,0.256135729765289,13.8002172469762,2.42748141619147,0,0,3.996659250125,0.773488459157313,0.00246213533089437
282,0.00405971946038461,29.69825625625,16.15434584875,0,2.998074051,3,1,0,543.58417645,-0.000158547027057238,-0.0383103849616546,"17",29.1014988980655,0.309936947689118,13.7899538260833,2.44102763333503,0,0,4.17319191425,0.998647941794172,0.000348034780421624
283,0.00405373965878952,29.8900091842857,16.4064579385714,0,2.99811148314286,3,1,0,557.044624828571,-0.000164526828652327,-0.0397844301112258,"17",29.2750604733572,0.398785209173512,13.0887086235607,2.71931783932832,0,0,4.04632138054643,1.00394704048945,-0.00168088874374579
284,0.00406932787746162,30.07000991625,16.01413259625,0,2.998074051,3,1,0,570.5807580875,-0.000148938609980227,-0.0359464126741535,"17",29.3323043534643,0.470825196307228,12.6874570769357,2.95908955156861,0,0,3.59849848352857,0.820344514991247,-0.00406504673396446
285,0.00406663692374376,30.1350595,6.789610847,0,2.99811148314286,3,1,0,584.199903128571,-0.000151629563698088,-0.0366079085914999,"17",29.3260595810357,0.572089751173249,14.1461078966928,1.22044257937208,0,0,3.59771506383214,0.821058102500684,-0.00742724670557475
286,0.0040550285219238,29.903808265,10.72026607425,0,2.998074051,3,1,0,597.763793,-0.000163237965518048,-0.0394665364226601,"17",29.2987011022024,0.559230762339144,12.4595589299762,3.1163907235236,0,0,3.49771408315179,0.774151343709883,-0.00421065829481708
287,0.00404693947094948,29.6840471657143,14.4182066771429,0,2.99811148314286,3,1,0,611.226799085714,-0.000171327016492367,-0.0414633484242666,"17",29.26648812175,0.595893400794513,12.0723523849714,3.6892846999882,0,0,3.481018822775,0.69270260009461,-0.00841734011087297
288,0.00405335738253313,29.66335066375,14.93578202875,0,2.998074051,3,1,0,624.6221680125,-0.000164909104908718,-0.0398787366787419,"17",29.2640545212143,0.621976045903367,12.3655867946214,4.17066415015826,0,0,3.82598128830714,1.20329467894414,-0.0153381730410024
289,0.00406744066703505,29.7537832771429,14.4452968014286,0,2.99811148314286,3,1,0,638.0481948,-0.000150825820406797,-0.0364102848867409,"17",29.3594035094345,0.625272702632177,13.045268725875,4.10369713754799,0,0,3.74801520790774,0.821506181884971,-0.0263278995802293
290,0.00402812723026588,29.84623727375,15.69019995375,0,2.998074051,3,1,0,651.5115445125,-0.000190139257175967,-0.0461226967485491,"17",29.3038419500298,0.577593803424218,14.8725392918155,0.994047718685645,0,0,3.74758791781845,0.821023970610864,-0.0380565746770708
291,0.00396666336626124,29.9805985257143,15.8823958071429,0,2.99811148314286,3,1,0,665.026950457143,-0.000251603121180608,-0.0614989777685464,"17",29.3059315743214,0.552772461480462,14.8925836844678,1.10431384898554,0,0,3.897518725775,0.821076896323576,-0.0423142862781059
292,0.00393423778465637,30.1308376025,15.71159103,0,2.998074051,3,1,0,678.6021756875,-0.000284028702785477,-0.0697070953530412,"17",29.1543132354018,0.624166077632883,13.9736665080536,2.76514998102712,0,0,3.74762531704018,0.865464027827489,-0.0369430677750992
293,0.00397886315056146,30.2733934685714,15.5266946342857,0,2.99811148314286,3,1,0,692.254151142857,-0.000239403336880387,-0.0584281193290268,"17",29.0892981265625,0.734554044327959,14.7567759919196,1.04395417492285,0,0,3.74760660096875,0.865485639285238,-0.0271866030123525
294,0.00404852591217079,30.44862399375,9.30374602575,0,2.998074051,3,1,0,705.9649354625,-0.000169740575271057,-0.0410714151314053,"17",29.09000098625,0.818039526320676,14.7794969626339,0.994642660231926,0,0,3.74762531704018,0.865464027827489,-0.0221303167437592
295,0.00412167617036885,30.3061475357143,11.5117087031429,0,2.99811148314286,3,1,0,719.715851414286,-9.65903170729978e-05,-0.0231643400370443,"17",29.1492803453125,0.893860014690348,12.6531503446072,2.45706228004906,0,0,3.74760660096875,0.865485639285238,-0.0141855516873457
296,0.00419563172272442,30.1408979475,14.39598570375,0,2.998074051,3,1,0,733.3526831,-2.26347647174271e-05,-0.00538034053103686,"17",29.1177747322321,0.813872877552507,13.3826633380625,1.57709805488999,0,0,3.74714044829018,0.864904533031341,-0.00729457597204419
297,0.00426897505252996,30.1165482485714,14.0752742757143,0,2.99811148314286,3,1,0,746.967145028571,5.07085650881126e-05,0.0119495049234528,"17",29.0645896492857,0.7277938434484,14.1441172445089,0.956945218141356,0,0,3.55355616504018,0.71541188808744,-0.00368014742520195
298,0.00433923858192692,30.1028041775,3.7644160745,0,2.998074051,3,1,0,760.5691384875,0.000120972094485073,0.0282746314210724,"17",29.031314258125,0.72637759385031,14.1713250760268,1.17721561187454,0,0,3.37332209941518,0.749230557154238,-0.00471142211489202
299,0.00439268474113175,29.7855569271429,8.29800756714286,0,2.99811148314286,3,1,0,774.112601942857,0.000174418253689902,0.0405163388782688,"17",29.024395593125,0.733497046437633,11.0694975268482,4.97519093777275,0,0,3.37284266550447,0.749512274454738,-0.00785267479955625
300,0.00436863846785749,29.4771456325,10.84632849625,0,2.998074051,3,1,0,787.4802663625,0.000150371980415643,0.0350271376399238,"17",28.9305854264643,0.538097122793062,10.8696033104964,3.39571651799287,0,0,3.29791514508572,0.670402293407528,0.00122418536833309
301,0.00430437376298574,29.3595261671429,13.68378977,0,2.99811148314286,3,1,0,800.772052642857,8.61072755438926e-05,0.020207400770933,"17",28.7624620039643,0.501725065196172,14.1334096034286,1.85985167186046,0,0,3.29788894260357,0.670385553284269,0.00117357746996848
302,0.00423542005871903,29.37015423,13.739212735,0,2.998074051,3,1,0,814.019731725,1.71535712771825e-05,0.00405825182188035,"17",28.6837068156072,0.466252287190638,14.5896253535357,0.511755340677,0,0,3.29791514508572,0.670402293407528,0.00164506398640244
303,0.00416917660225316,29.4486283585714,13.5722995885714,0,2.99811148314286,3,1,0,827.310333685714,-4.90898851886875e-05,-0.0117056995869804,"17",28.6845365690357,0.460366072073265,13.9635674110714,0.772811031543085,0,0,3.29788894260357,0.670385553284269,0.0047475752809682
304,0.00413474101229732,29.5633482,13.67937799125,0,2.998074051,3,1,0,840.630325575,-8.35254751445271e-05,-0.019999564753161,"17",28.6959564830714,0.492277785112871,14.0540467791786,1.17978685323983,0,0,3.29791514508572,0.670402293407528,0.0187891121301729
305,0.00417720094259486,29.6394118171429,13.48505893,0,2.99811148314286,3,1,0,854.014674942857,-4.10655448469877e-05,-0.00978286717767318,"17",28.6988397946786,0.56944034098183,14.5094763612143,1.3989250359199,0,0,3.29788894260357,0.670385553284269,0.0177206111146814
306,0.00423778095842318,29.6532018625,13.74946950125,0,2.998074051,3,1,0,867.39575135,1.95144709813329e-05,0.00461551458591547,"17",28.8271694025,0.662436245105003,13.4746424139286,1.11377122552687,0,0,3.37287541860715,0.74952787092857,0.0142964065878677
307,0.00428045055698483,29.6493398385714,13.1366698357143,0,2.99806213485714,3,1,0,880.796640242857,6.21840695429823e-05,0.0146340153460613,"17",28.93111481375,0.622447700990537,12.800136385,1.95392853631854,0,0,3.37331817625,0.74919582495041,0.0143899484777475
308,0.00433860263862254,29.6322260425,13.7811413525,0,3.015946195,3,1,0,894.176121225,0.000120336151180692,0.0281280642565669,"17",29.0664916114285,0.555926644173155,11.9796719016429,2.85251051960184,0,0,3.56691351757143,0.720072739325736,0.0170726580773445
309,0.00440154857754783,29.6024637071429,13.5143232942857,0,4.50344949042857,3,1,0,907.5596859,0.000183282090105982,0.0425321687738061,"17",29.114560640625,0.494995907821843,13.3538221303125,0.913202302479773,0,0,3.75160456115625,0.859814879275267,0.0174825002747956
310,0.0044219217939752,29.60369260625,14.67801657125,0,4.497154256625,3,1,0,920.92470185,0.000203655306533353,0.0471501368325615,"17",29.2313319275,0.433174587062612,11.20421737,4.93206435457774,0,0,4.12397385589286,0.750580757607427,0.0139639637553055
311,0.00440906967402748,29.62248998,14.6151154428571,0,4.49726592157143,3,1,0,934.313821071429,0.000190803186585633,0.0442394492213403,"17",29.3978367140625,0.382485900953077,10.6455612844687,6.12855358446399,0,0,4.12236261534375,0.749525709838896,0.00820156770392759
312,0.00442446631759538,29.61661619125,14.27897151875,0,4.320741789625,3,1,0,947.6822738125,0.000206199830153533,0.0477254052021454,"17",29.6100735092857,0.321534229555539,9.62733851303571,6.48537959081826,0,0,4.12242796367857,0.749544321801132,0.000904263515586479
313,0.0044264721162528,29.6385918085714,13.88583193,0,1.486153417,3,1,0,961.075869771429,0.000208205628810952,0.0481786449713351,"17",29.68321456125,0.448905088891913,11.6620120370937,5.8385739660255,0,0,4.07825949859375,0.724907247380532,-0.00881236628115278
314,0.00437630096866095,29.61834143375,13.9897458525,0,1.48633804975,3,1,0,974.4474322,0.000158034481219102,0.0367795803285986,"17",29.7718045696428,0.581330043333429,10.0809541343571,5.86227368674514,0,0,3.36964983753571,1.44085512029308,-0.0189759094607001
315,0.00430742979844354,29.6285646757143,13.6442836628571,0,2.878017443,3,1,0,987.838725671429,8.91633110016929e-05,0.0209171325926851,"17",29.7764342084375,0.673333185880082,12.4301905665937,4.42175084099642,0,0,3.369658563625,1.44074859561186,-0.0270873627309945
316,0.00424082202977089,29.65738157875,13.57749653875,0,2.99891483675,3,1,0,1001.2137807375,2.25555423290424e-05,0.00533286658614873,"17",29.681898355,0.610159446671119,14.6941246860714,1.1451824658691,0,0,3.71774121942857,0.901627194318733,-0.0338676841043589
317,0.00420047825009363,29.7389788328571,14.6503252771429,0,2.99811148314286,3,1,0,1014.637258,-1.7788237348217e-05,-0.00422587070923974,"17",29.5811765625,0.497186025708095,14.8575832996875,1.62526979340097,0,0,3.6945211671875,0.808398535604328,-0.0399635697943137
318,0.00417417696989514,29.8435966875,15.66354239875,0,2.998074051,3,1,0,1028.084728125,-4.40895175467075e-05,-0.0105070525255639,"17",29.5651329610714,0.421008167032649,14.2184122484643,3.02727252617055,0,0,3.37347195242857,0.749131026195663,-0.0455936576645208
319,0.00414568605211644,29.9055399028571,9.848060325,0,2.99811148314286,3,1,0,1041.60226814286,-7.25804353254077e-05,-0.0173559702033108,"17",29.4539922547143,0.429575407393957,14.718557489725,1.15142085899575,0,0,3.5974670521,0.821284642818367,-0.0525809057647963
320,0.00411411205674922,29.76809888375,14.89831316125,0,3.0039520005,3,1,0,1055.057264875,-0.000104154430692627,-0.0250012293193382,"17",29.39686226075,0.574206758507779,10.6922279721786,4.86508127331205,0,0,3.68737936546072,0.761524038363932,-0.0552121780640458
321,0.00407756485370581,29.7350352557143,15.3486896214286,0,4.19669989042857,3,1,0,1068.50718871429,-0.000140701633736038,-0.03392429721971,"17",29.0854811457738,0.635026816140531,14.9257830363393,0.615278300824017,0,0,4.12435717973214,1.48143559171063,-0.0526149132559452
322,0.00406458274628569,29.77471404,15.3075997975,0,4.496512823,3,1,0,1081.937806125,-0.000153683741156157,-0.03711316549873,"17",29.1055023503061,0.689237166878145,15.1377946150255,0.570793290441522,0,0,4.37502601557653,1.26485232891274,-0.0500707443511348
323,0.00409067035772857,29.8174309028571,14.9940003014286,0,4.497167225,3,1,0,1095.41153028571,-0.000127596129713277,-0.0307153996773959,"17",29.111780270625,0.647351673929922,15.2084195476488,0.602336468578277,0,0,3.86024760024702,0.789941002111855,-0.0497212584124821
324,0.00410546121695303,29.84130226,14.944076145,0,4.497111076875,3,1,0,1108.874048375,-0.000112805270488818,-0.0271061665202819,"17",28.9562574208214,0.649003257193108,15.2699049570357,0.786545422593852,0,0,3.89844427203214,0.821906877856966,-0.0534866026791404
325,0.00411184276673132,29.8772270971429,14.91859214,0,4.497167225,3,1,0,1122.37557428571,-0.000106423720710527,-0.0255529683135318,"17",28.9266547919643,0.82246221017581,15.0654738516518,0.832235551716214,0,0,4.12237521547322,0.749509155354263,-0.0565324726655714
326,0.00413509153484449,29.846874755,11.771772731,0,4.497111076875,3,1,0,1135.854227625,-8.3174952597357e-05,-0.0199147933779482,"17",28.876290808884,0.932730604527863,14.7819648173214,0.855460968450845,0,0,4.12237989446875,0.749537229446509,-0.0536283381995538
327,0.00416233108516673,29.57752871,3.43892532857143,0,4.497167225,3,1,0,1149.30663671429,-5.59354022751177e-05,-0.013348984024657,"17",28.8272808587054,1.03459683430724,13.3431149585536,1.80952546202609,0,0,4.12237521547322,0.749509155354263,-0.0483381144923792
328,0.00418468987331121,28.97576450875,11.172363599,0,4.497111076875,3,1,0,1162.51830175,-3.35766141306374e-05,-0.00799166164667398,"17",28.6570980266964,1.02158612042543,10.0856050727946,4.85913511915936,0,0,4.12237989446875,0.749537229446509,-0.0478178835173206
329,0.00419952430596313,28.6282526528571,11.42186792,0,4.497167225,3,1,0,1175.53441371429,-1.8742181478717e-05,-0.00445300019057626,"17",28.4161171553125,0.866034497762102,12.4244979618348,1.388099887215,0,0,4.12237521547322,0.749509155354263,-0.0510400901764745
330,0.00415975256111399,28.404227255,11.43589424375,0,4.497111076875,3,1,0,1188.402301,-5.85139263278569e-05,-0.013968666350114,"17",28.4597650233036,0.60639831613626,10.4042494613884,2.42735530706699,0,0,4.12186643593304,0.749195532248546,-0.0538541958145664
331,0.00409233742761827,28.19011365,11.9539911228571,0,4.49495068214286,3,1,0,1201.19701028571,-0.000125929059823577,-0.0303079529497996,"17",28.6130130605357,0.268420843176083,10.8641665732589,3.16715816205282,0,0,4.28140484256696,0.90655572062276,-0.0532773226668746
332,0.00402177127546126,27.98566755625,11.6913348325,0,3.634192559625,3,1,0,1213.869082125,-0.000196495211980587,-0.0477018361533492,"17",28.7695334486161,0.508564235488861,8.85351049612945,5.25283239056855,0,0,4.49603555846875,1.22308458757724,-0.0483036747667051
333,0.00395335077445437,27.7576108828571,11.6259818985714,0,2.996057649,3,1,0,1226.47504771429,-0.000264915712987477,-0.0648607404552779,"17",28.6126830999286,0.483594001012974,14.0783401708464,1.76725608271539,0,0,4.02473868422857,1.2619601593024,-0.0392288971268237
334,0.00390392218825558,27.53678237125,11.59141168875,0,2.998074051,1.125,0.375,0,1238.947718125,-0.000314344299186267,-0.0774425197122097,"17",28.4761717871428,0.494850941012421,14.6497964323125,2.23335167693259,0,0,4.24741013411012,1.47444967768005,-0.0269024584831533
335,0.00391967118459364,27.3023945614286,11.6077048342857,0,2.99811148314286,0,0,0,1251.34526857143,-0.000298595302848207,-0.0734164880774442,"17",28.1493285859524,0.423201818748632,15.1773844763691,2.46424102188283,0,0,4.45850419423512,1.64570728342115,-0.0046170765438645
336,0.00398351556105308,27.02056925,7.291130243,0,2.998074051,0,0,0,1263.6021995,-0.000234750926388767,-0.0572595210815141,"17",27.8508574495834,0.502321975512905,14.7444831307619,3.17337885812201,0,0,4.44112808554464,1.6358315905862,0.00971477584417446
337,0.00405653913068268,26.4275981557143,1.97442190185714,0,2.99811148314286,0,0,0,1275.70773728571,-0.000161727356759168,-0.0390940785196285,"17",27.4977489686786,0.712591758439302,12.2574031085071,5.15000422638519,0,0,3.68892848251429,0.996824035165566,0.0239255595544715
338,0.0041320194419653,25.542921085,1.996142706375,0,2.998074051,0,0,0,1287.428529375,-8.62470454765472e-05,-0.020658001726038,"17",27.0641128827679,1.04106697045207,9.12815057889732,6.26477249384673,0,0,2.99807233960268,4.5671911646709e-05,0.0369788069898201
339,0.00420854618419306,24.6360157071429,2.000502497,0,2.99811148314286,0,0,0,1298.78261885714,-9.72030324878758e-06,-0.00230699499514131,"17",26.5299341443304,1.19286792780503,10.7307554887455,7.59803904764349,0.0007858175,0.001571635,3.19262298057143,0.388643623278393,0.0544174690563209
340,0.00428566150439705,23.74727073625,1.87786678725,0.0136299155,3.007076784375,0,0,0,1309.681396125,6.73950169552025e-05,0.0158506578312387,"17",25.677744801875,1.22180836188683,11.6512523333839,10.994027627703,1.14846722603571,2.29693445207143,3.73252517655804,1.63638811782826,0.071367477600777
341,0.00436309357186408,22.9499701628571,1.80653290742857,13.796670413,-3.44661927542857,0,0,0,1320.25948671429,0.000144827084422232,0.033757081118142,"17",24.3350393099107,1.01658474971595,12.4801721093437,12.4190071512554,5.2771131498125,10.5451416467451,1.94883020514286,3.42595778997133,0.0909608087823697
342,0.00444070117271114,20.98928159375,1.31744718525,25.772711685,-36.55261793375,0,0,0,1330.199881125,0.000222434685269292,0.0513880258838588,"17",22.6105358099107,0.612401340928737,13.0776869384643,13.4751221033304,9.21898600396428,11.2995895612087,-8.39438001432142,3.65644867170501,0.113849600793478
343,0.00451836901858802,18.6676214171429,1.02111506128571,22.59802374,-61.4693700042857,0,0,0,1339.07987185714,0.000300102531146173,0.0687268318705625,"17",20.746311873,0.684399878654297,15.0952119242786,12.853764491078,10.02060283975,13.7307490841605,-30.1510600571714,14.5335196298571,0.137768792525682
344,0.00459600369618789,16.4084251,1.09302381025,27.59720884375,-33.146698123375,0,0,0,1346.692513,0.000377737208746043,0.0857629035699485,"17",19.0651379030867,1.23081767004994,15.1138462175051,13.2551236301943,10.3506767215561,12.9375189880024,-41.377523027449,22.1497480772011,0.144311878956899
345,0.00467351242456457,13.1940060142857,1.23672063157143,28.82064918,70.1985738514286,0,0,0,1353.00735885714,0.000455245937122722,0.102486653155323,"17",16.9037130910491,1.37078154809834,13.4973215828705,13.3497585924653,12.5190212255804,13.453187316835,-30.8156828495558,28.7654038766848,0.15011590129298
346,0.00475076912519163,10.70683084375,1.125482346625,19.652431805,196.2386940625,0,0,0,1358.151844375,0.000532502637749782,0.118882264688246,"17",14.3277735070536,1.51826209304247,13.4751047237812,13.1981594694465,13.1938274254018,14.1757848420707,32.8002180246183,54.3971041469817,0.154739920806211
347,0.00482762132479447,10.0376344954286,1.62671667785714,1.754816665,332.213033314286,0,0,0,1362.82024957143,0.000609354837352622,0.134929605339521,"17",12.869970797224,1.93205313195386,13.8778484602289,12.2156840619211,10.3372133302354,12.2791856573896,112.666912271166,107.728114994676,0.158149013238112
348,0.00490376485836081,9.720139754375,6.984176777875,0.004337384125,459.6931592625,0,0,0,1366.56412725,0.000685498370918963,0.150578986536488,"17",11.0877074001841,1.40539893284635,11.3425394947473,10.1872276294213,7.01072513940522,10.9943480131942,266.764752372898,163.377063889008,0.161636257114388
349,0.00497869527808526,9.548278683,12.0307507257143,0,515.234084971429,0,0,0,1368.128583,0.000760428790643412,0.165743602051099,"17",10.7179695927589,1.30443023543194,11.877306386389,9.45126963083742,4.45165107259949,8.68859184577587,312.906193568482,165.219269207335,0.165743602051099
350,0.005050889545566,9.7727684235,17.15350903,0,500.907378575,0,0,0,1366.525992,0.000832623058124152,0.180140112817722,"17",11.3445580168766,1.37715768266356,10.9307583123945,10.991272844264,8.2854024374789,11.551341482727,225.285082612289,140.432339100855,0.164336950763442
351,0.00511397300545623,11.2061544628571,22.2900096757143,0,281.202224557143,0,0,0,1362.46079114286,0.000895706518014383,0.192552335458995,"17",13.0363524306607,1.95172800282127,13.0366323386804,12.5361187909172,11.3709346632589,12.4286417721691,95.8133810425679,97.0732260644264,0.161971604595988
352,0.00511658831015117,13.39690539625,24.99946254875,0,97.89817185875,0,0,0,1356.95275475,0.000898321822709323,0.193063608422443,"17",15.257379292381,2.09571525671417,14.9528676615556,13.1476049902938,11.7278466003571,13.9705284229761,12.9260582984107,49.328295956618,0.157687896776691
353,0.00505619976575514,15.7919463171429,24.7030119385714,0,6.23517040385714,0,0,0,1350.57232542857,0.000837933278313292,0.181190904080984,"17",17.0625369158929,1.39885035876611,11.8965086749133,13.5647009503089,14.3074528292347,13.4647839270927,-36.1086618857577,26.5306869648837,0.151943842633451
354,0.00498464001215544,18.05978358125,23.9022659775,0,-30.15772663625,0,0,0,1343.080102625,0.000766373524713593,0.166936924263616,"17",19.4836376191582,1.3263402256374,11.887443532898,13.5057173023567,14.0324926765561,13.1661729324534,-42.2910789270918,21.7379155192476,0.145389262066743
355,0.00491040341743331,20.0648267628571,22.8863550328571,0,-33.2281330957143,0,0,0,1334.59144828571,0.000692136929991463,0.151931838813555,"17",21.7639170040051,1.16593738439029,11.8050785001633,13.1276692353613,12.4255654592296,12.2367924286964,-19.9234751786684,16.8031511063704,0.130009494980841
356,0.00483499406388526,21.76145681375,22.26490284125,0,-11.64036099675,0,0,0,1325.14721,0.000616727576443413,0.136455639456043,"17",23.7122621548809,1.16834772936301,13.0147777604554,12.6411661329156,9.66179444993452,11.0262495584186,-2.85815250405654,5.98029935095637,0.107226445845058
357,0.00475916209359326,23.20450065,21.4246139171429,0,-2.49236261214286,0,0,0,1315.03779985714,0.000540895606151412,0.120647360609783,"17",25.3684366816667,1.1844026014192,12.183430226128,11.2933142113047,4.28372025056548,8.43793584037319,3.70327877596726,1.8263299805913,0.0909128644596934
358,0.00468349248942294,24.6082980825,19.80235080875,0,2.7489661925,0,0,0,1304.216795125,0.000465226001981092,0.104619828999787,"17",25.8921536619643,1.03210304955914,10.937766750125,10.3632224809199,1.14846722603571,2.29693445207143,3.79497252943304,1.5904641921438,0.0676448639271476
359,0.00460902113353505,25.4659335228571,16.9484084757143,0,2.998755604,0,0,0,1292.89058414286,0.000390754646093202,0.0885912383073011,"17",26.6482477489286,1.06921980861185,10.7872596170045,7.66027608730979,0.0007858175,0.001571635,3.19244037154018,0.388765230513304,0.0488581324532348
360,0.00454118540562706,25.93918794125,17.17442498875,0,2.998025167875,0,0,0,1281.247509375,0.000322918918185213,0.0737638201609263,"17",27.2026182467411,0.863172642706565,9.4947299731384,6.90293357490981,0,0,3.31873853752679,0.641300948885022,0.0315316220818299
361,0.00452203896437567,26.4932093971429,18.6407425657143,0,4.28068995957143,0,0,0,1269.41881471429,0.000303772476933823,0.0695387301643056,"17",27.5772988858482,0.583341291949367,13.4151089999286,5.2894253139456,0,0,4.29056048846429,1.53012068355895,0.0152100284528117
362,0.00453475784806089,27.13700344,18.85181375375,0,5.996400984,0,0,0,1257.27541875,0.000316491360619043,0.0723474255627155,"17",27.9006808563839,0.456460089141779,14.9575575648214,2.80764405700928,0,0,4.43899239485268,1.73591918301546,0.00302730251542213
363,0.00448334184906478,27.7862050214286,17.7326372314286,0,5.273368969,0,0,0,1244.87933828571,0.000265075361622933,0.0609444567096817,"17",28.2418557550893,0.501884984764632,15.0178036489286,2.79118735357789,0,0,4.12305440528571,1.43576667980305,-0.0105712084968738
364,0.00441092708116293,28.37178036875,17.2294331625,0,4.499050552,4,1,0,1232.1685235,0.000192660593721083,0.0446606301293029,"17",28.5790034984375,0.648126361461244,14.0163344235134,2.06238499945485,0,0,4.12187111487946,1.43574058311419,-0.0239835453470466
365,0.00433625138452763,28.88962392,16.6463620071429,0,4.497167225,4,1,0,1219.24796428571,0.000117984897085783,0.0275859792619366,"17",28.7184219251786,0.58996656055782,8.78784642354018,5.20255591467264,0,0,4.28084602783929,1.29683637703917,-0.0362318644485905
366,0.00426191451415012,29.05498148625,2.633579570125,0,4.497111076875,4,1,0,1206.1118355,4.3648026708273e-05,0.0102942168620457,"17",28.5594846592857,0.336620700012543,10.9936907930357,3.20865555417634,0,0,4.28086474388393,0.906384999698625,-0.0449474801025299
367,0.0041923351658892,28.4291748885714,6.34147511571429,0,4.497167225,4,1,0,1193.11874642857,-2.59313215526472e-05,-0.00616636102208545,"17",28.4037586738393,0.595904430568354,10.4077560423259,2.42932472136231,0,0,4.12185239890179,0.749186157132474,-0.049237012968783
368,0.0041534549098116,27.5632629825,8.647449365875,0,4.497111076875,4,1,0,1180.459542125,-6.48115776302471e-05,-0.0154837620283104,"17",28.3292391913393,0.806567302534746,12.4868740420848,1.31685576624871,0,0,4.12238925250447,0.74951851337509,-0.049401510503961
369,0.00412904500534207,27.1360520971429,13.8520704557143,0,4.497167225,4,1,0,1168.14842328571,-8.92214820997772e-05,-0.0213781115130338,"17",28.5066569763839,0.874593286405907,12.0189646404018,2.07241870931241,0,0,4.1223658574375,0.749527871425681,-0.0536055324705424
370,0.00408657773982289,27.254329255,14.6855461375,0,4.497111076875,4,1,0,1155.848986375,-0.000131688747618958,-0.0317163765582436,"17",28.7599443474554,0.951548760477243,11.2599031079464,5.41873037299559,0,0,4.12238925250447,0.74951851337509,-0.0552680091614374
371,0.00405920484280974,27.4636018414286,13.7499804157143,0,4.497167225,4,1,0,1143.50839542857,-0.000159061644632108,-0.0384371548497979,"17",28.8687027233482,0.921934301528577,13.9952599650714,1.70903595424083,0,0,4.1223658574375,0.749527871425681,-0.0601038641228543
372,0.00407564089026844,27.6705761375,13.8829071275,0,4.497111076875,4,1,0,1131.036182875,-0.000142625597173407,-0.0343962498445558,"17",28.93563600125,0.83586628308786,15.0591028504018,0.8335711359428,0,0,4.12238925250447,0.74951851337509,-0.0630987650284323
373,0.00411586321765636,27.8491371642857,13.9385280857143,0,4.497167225,4,1,0,1118.506907,-0.000102403269785487,-0.0245756725387594,"17",29.0002659306696,0.751798961371648,15.0664372318303,0.764949835808601,0,0,4.12351343222322,0.750296118000294,-0.0622568847911402
374,0.00414743982900696,28.02573942875,14.20301832875,0,4.497111076875,4,1,0,1105.866353375,-7.08266584348877e-05,-0.0169330230783036,"17",29.0754550049554,0.718515443836943,15.1058008738393,0.662958850504786,0,0,3.86944370294197,0.751628825908546,-0.0546761460480281
375,0.0041154008601344,28.2022251071429,14.4614202,0,4.497167225,4,1,0,1093.18104,-0.000102865627307447,-0.0246880143387163,"17",29.1445553110714,0.719509497575906,15.0938698695536,0.54003642824708,0,0,4.16949727289732,0.786040338485501,-0.0523715803926727
376,0.00405362524211633,28.3919287375,14.55416538625,0,4.497111076875,4,1,0,1080.38251,-0.000164641245325517,-0.0398126554771183,"17",29.2337523119643,0.746805869891899,15.2241706561161,0.597546326241726,0,0,4.61092646011161,1.56724013813434,-0.0534542014223459
377,0.00400826318079365,28.6426882342857,14.6970972457143,0,4.497167225,4,1,0,1067.51731214286,-0.000210003306648198,-0.0510662319467787,"17",29.4883296263571,0.668605220130977,12.3882251400071,5.20392924934648,0,0,4.13945198587857,1.58306135826487,-0.0552966072650635
378,0.00401723673499597,28.85936570375,14.98282931375,0,4.497111076875,4,1,0,1054.513901375,-0.000201029752445877,-0.0488299705767758,"17",29.616579427,0.525212829534603,10.2619086889036,4.46979507230631,0,0,3.38733892141072,0.650122715877123,-0.0546319773833849
379,0.0040742464794436,29.1171952685714,14.92233977,0,4.497167225,4,1,0,1041.43140585714,-0.000144020007998247,-0.0347384412739506,"17",29.53819150125,0.445851193489142,14.6676119196562,1.32302317388743,0,0,3.372542008875,0.74971291321452,-0.0509588635383558
380,0.00414642725613787,29.3544198925,14.571198675,0,4.497111076875,4,1,0,1028.2088955,-7.18392313039775e-05,-0.017177196957463,"17",29.6208257063571,0.385284721885573,14.5074382785214,2.70017859428469,0,0,3.29839237214286,0.670136320226057,-0.0491023181784165
381,0.00422125494325005,29.5438785785714,9.81483121242857,0,4.497167225,4,1,0,1014.91612128571,2.98845580820259e-06,0.000708205053291167,"17",29.6127370165714,0.436320718538014,14.8161316951786,1.41057350166095,0,0,3.55523923037857,0.766243064491711,-0.0435373397028211
382,0.00429703682988267,29.4581081675,13.32828464125,0,4.497111076875,4,1,0,1001.5756246375,7.87703424408228e-05,0.0185014167040887,"17",29.67699499975,0.528527319289215,14.4707990566071,1.11038454779351,0,0,3.57397594289286,0.844417534066089,-0.0377877391734096
383,0.00437304216800923,29.4919993371429,13.8109326128571,0,4.497167225,4,1,0,988.276234642857,0.000154775680567383,0.0360346556692228,"17",29.7468603018929,0.58686136705965,12.6730091858464,3.86764977527287,0,0,3.2713303395,1.26694892758786,-0.0318878122633625
384,0.00444867155865107,29.6201139425,14.06634394,0,4.497111076875,4,1,0,974.909139775,0.000230405071209223,0.0531812655504451,"17",29.7411119424643,0.508102992785073,10.8627124779857,5.36939662558958,0,0,2.99298747997857,1.50546347224322,-0.0245514584396299
385,0.00452281106401645,29.6334106785714,8.51327557457143,0,4.497167225,4,1,0,961.525113128571,0.000304544576574603,0.0697094570692647,"17",29.6742900107143,0.389275059740687,12.106776015675,5.15323048686745,0,0,3.559838282275,1.31830219434911,-0.0145114674064016
386,0.00458855561262961,29.49598290625,13.8636060975,0,4.497111076875,4,1,0,948.1612371875,0.000370289125187762,0.0841410326062313,"17",29.6113820456786,0.278472183385276,10.5576651141786,5.98937803546592,0,0,4.16209072886786,0.655155090395046,-0.00377785065306941
387,0.0046039228804975,29.4347023257143,3.73073751485714,0,4.497167225,4,1,0,934.853286057143,0.000385656393055653,0.0874844795037051,"17",29.44276736725,0.346143635359936,11.4394721161464,5.59650326735458,0,0,4.19734327658929,0.67041188092561,0.00459777955218632
388,0.00461801819340671,28.8950288675,9.98882836,0,4.497111076875,4,1,0,921.662716275,0.000399751705964862,0.0905413898584628,"17",29.30580406325,0.410439596254407,11.89897721025,4.54504128434422,0,0,4.19860993603929,0.67110455784924,0.0106453464475799
389,0.00465442800453939,28.6127067228571,11.8798220842857,0,4.497167225,4,1,0,908.692140942857,0.000436161517097543,0.0983947646212036,"17",29.2121412539286,0.481015168195132,13.3859223631071,0.794107019656746,0,0,3.90197354701071,0.81701614396648,0.0149775334248946
390,0.00465583359950345,28.471507015,12.94956118375,0,4.497111076875,4,1,0,895.7822116,0.000437567112061603,0.0986967099379568,"17",29.1796384976428,0.543876745757866,12.3399657918143,2.59839770527987,0,0,3.45672005305714,0.670515891346624,0.0159671174594222
391,0.0046851979302948,28.38703768,12.3836237228571,0,4.497167225,4,1,0,882.954795885714,0.000466931442852953,0.10498390141074,"17",28.9301493077678,0.620955493011972,12.6469364686161,1.87720099398371,0,0,3.37331519721429,0.749197814421327,0.0143655417909161
392,0.0047465219813743,28.3088740275,12.7978156175,0,4.497111076875,4,1,0,870.135554925,0.000528255493932452,0.117987874074468,"17",28.8306169138393,0.668084246178937,13.5407450567411,1.12240845432285,0,0,3.37286606057143,0.749534109826756,0.0152644957880629
393,0.00478650553839192,28.2540111014286,13.1835026514286,0,4.497167225,4,1,0,857.3743443,0.000568239050950073,0.126376350988926,"17",28.7739813608482,0.673637809633884,14.1562160415625,1.43804004779775,0,0,3.37284266550447,0.749512274454738,0.0204709589439169
394,0.00474831328795376,28.18243467875,12.54236343375,0,4.497111076875,4,1,0,844.6199082375,0.000530046800511913,0.118365196379104,"17",28.7879117111072,0.544208459579299,14.2969414412143,1.17922316178538,0,0,3.29790765865714,0.670406478513639,0.0249203254909225
395,0.00468978483217716,28.1168184971429,12.63410164,0,4.497167225,4,1,0,831.912161157143,0.000471518344735313,0.105962442335398,"17",28.7259351024643,0.49227841050033,13.9169579312143,0.772001003320753,0,0,3.29789642903214,0.670381368308787,0.0208970134627683
396,0.00463882435674055,28.07286696,12.93389319125,0,4.497111076875,4,1,0,819.2081905125,0.000420557869298703,0.0950367019065759,"17",28.6649372136786,0.467603006775178,14.5781378027857,0.474928606541576,0,0,3.29790765865714,0.670406478513639,0.0147776550791492
397,0.00458951598310676,28.06429369,14.7632650242857,0,4.497167225,4,1,0,806.5406308,0.000371249495664912,0.0843503076047343,"17",28.6624558043214,0.45499993826817,14.7752599916071,0.635865152548918,0,0,3.29789642903214,0.670381368308787,0.0108290628016488
398,0.00454322600701634,28.11925368,15.10759084625,0,4.497111076875,4,1,0,793.8420601625,0.000324959519574492,0.0742130735656845,"17",28.7969215977857,0.447364405050594,12.8120461984429,2.87181496738331,0,0,3.29790765865714,0.670406478513639,0.00780972260096657
399,0.00452403655959319,28.3005267157143,14.6192908085714,0,4.497167225,4,1,0,781.112818842857,0.000305770072151343,0.0699803791866982,"17",28.9601636906072,0.484544161513022,10.6545736225036,3.15607182707702,0,0,3.29789642903214,0.670381368308787,0.00681417487678409
400,0.00454793204677879,28.5095109525,14.86816314875,0,4.497111076875,4,1,0,768.268520125,0.000329665559336943,0.0752483740304699,"17",29.0028857202857,0.620785504602309,11.8634708591571,4.68020313490011,0,0,3.29790765865714,0.670406478513639,0.00945126303492572
401,0.00456275185334002,28.6891750428571,15.5728003328571,0,4.497167225,4,1,0,755.357482142857,0.000344485365898172,0.0785016576410662,"17",28.9963805964286,0.634569956765652,14.11268445025,0.836244690710368,0,0,3.29826126010714,0.670177874286306,0.0119389216283827
402,0.00454507062526977,28.86634210625,14.78421442125,0,4.497111076875,4,1,0,742.347539025,0.000326804137827923,0.0746190062311332,"17",28.9946964073214,0.661603952942448,14.1588737679286,0.989574640592321,0,0,3.44247845828571,0.667528272742107,0.010708680072501
403,0.00453259529544761,28.9851032485714,13.6868703028571,0,4.497167225,4,1,0,729.2858049,0.000314328808005763,0.0718704280150613,"17",29.0075519475714,0.752845243238036,13.6364031121286,1.61865157964274,0,0,3.59731593920714,0.820511864885588,0.00582925269111742
404,0.00452986090263956,29.02538398375,13.12129428125,0,4.497111076875,4,1,0,716.164128275,0.000311594415197712,0.0712669728874635,"17",29.0172949197857,0.824484541577859,13.5353229974357,2.56078542550997,0,0,3.59771880702857,0.821080313201018,-0.00192996082871705
405,0.00453970587960614,28.9996528342857,14.6883218428571,0,4.497167225,4,1,0,703.071680642857,0.000321439392164293,0.0734379653621069,"17",29.0061192088929,0.744068692669899,14.8369928447857,0.982247126973527,0,0,3.59770383420714,0.821042725463393,-0.00937452017562674
406,0.00452349389156229,29.08048374125,15.54730189375,0,4.497111076875,4,1,0,689.94436235,0.000305227404120443,0.0698604198182311,"17",29.0743235704286,0.653631646851293,14.0184153083,2.35595202602087,0,0,3.59771880702857,0.821080313201018,-0.0174819007292942
407,0.00447828281390799,29.2571274985714,16.3123497114286,0,4.497167225,4,1,0,676.779889471429,0.000260016326466142,0.0598154124188168,"17",29.1562980096071,0.571957473469328,13.8604257107322,2.25342350672121,0,0,3.59770383420714,0.821042725463393,-0.0272672197557076
408,0.00447910369308513,29.479035665,15.6772866825,0,4.497111076875,4,1,0,663.5059187875,0.000260837205643283,0.059998697835935,"17",29.1960081704643,0.564271823305406,14.7251766405393,1.01549133215879,0,0,3.59771880702857,0.821080313201018,-0.0320829878667018
409,0.00452606680063003,29.7255634885714,15.6743607328571,0,4.497167225,4,1,0,650.143137085714,0.000307800313188182,0.070429046112416,"17",29.2194976423214,0.60304521834734,14.7121750036071,1.02092521605941,0,0,3.59767205638214,0.820999213806326,-0.0272080125981221
410,0.00458793676583816,29.94077488625,15.86924857,0,4.497111076875,4,1,0,636.653863275,0.000369670278396313,0.0840061560644383,"17",29.3141779416518,0.694809367853651,11.7861867844375,4.6544300100814,0,0,3.74822652989286,0.866180407694275,-0.0163470873663172
411,0.00465794401292942,30.0719104171429,4.908669279,0,4.497167225,4,1,0,623.096767042857,0.000439677525487573,0.0991498909144823,"17",29.2609705183036,0.618358364564072,12.1993884702857,4.02256150311156,0,0,4.03293470256697,1.28256379854208,-0.00692473196201757
412,0.00472684153470854,29.82042369,6.16963002275,0,4.497111076875,4,1,0,609.5518078375,0.000508575047266693,0.113832966574248,"17",29.2545893933928,0.622788591123799,12.7933572660625,2.18316533994838,0,0,3.60176905275,0.73663730344335,-0.0013386079941529
413,0.0047810184885932,29.5696761985714,11.0968611071429,0,4.497167225,4,1,0,596.143517814286,0.000562752001151353,0.125229335257348,"17",29.287964484375,0.692293187212831,12.26925762425,3.74373645156926,0,0,3.37275144769197,0.749573108088617,0.00181141687567072
414,0.00475918915144221,29.4667035575,12.9385069625,0,4.497111076875,4,1,0,582.8020802875,0.000540922664000363,0.120653046016359,"17",29.1503810422857,0.647943753431624,14.3661959929428,1.03306701791731,0,0,3.29869856478214,0.669966509240282,0.00421641626914646
415,0.00469347555496286,29.4742710942857,13.5209108718571,0,4.497167225,4,1,0,569.4966336,0.000475209067521013,0.106749103420157,"17",29.1710771680357,0.542609571391859,12.7553653142786,2.98676489918393,0,0,3.74729365187143,1.05733582676763,0.00600896691641018
416,0.00462123418790412,29.37691190625,8.946681158625,0,4.497111076875,4,1,0,556.1757250875,0.000402967700462273,0.0912375489035782,"17",29.1460608826072,0.457588387333754,14.1148306515857,1.42609871227145,0,0,4.25816057749643,1.21285869131098,0.00676624195146548
417,0.00454738875968442,29.1224280214286,14.3324169628571,0,4.497167225,4,1,0,542.974039428571,0.000329122272242573,0.0751289088472991,"17",29.0973130733929,0.346330378348671,13.6814611987286,2.71293015150667,0,0,4.1083968521,1.10233122924532,0.00714629605922866
418,0.00447333207678818,28.9631323,9.0104266615,0,4.497111076875,4,1,0,529.8380292625,0.000255065589346333,0.05870930194056,"17",29.0568023037857,0.283158893396287,14.7581753640714,0.695129035955748,0,0,3.896568884775,0.820195029424539,0.00757551411359124
419,0.00440033136236381,28.7109771671429,14.33491577,0,4.497167225,4,1,0,516.823230457143,0.000182064874921963,0.0422555880495903,"17",29.0623671864286,0.24008336661254,15.0275640171429,0.649951998957817,0,0,3.89751498257857,0.821056394017525,0.00977243541625002
420,0.00433289527432836,28.6606371375,15.64409455125,0,4.497111076875,4,1,0,503.8643252,0.000114628786886513,0.0268117138303836,"17",29.1195077977083,0.199409617889162,15.0269162738988,0.691977085048468,0,0,3.74762375736012,0.821063228087342,0.0151730077107035
421,0.00429437843064061,28.75889755,15.6853272328571,0,4.497167225,4,1,0,490.914477714286,7.61119431987624e-05,0.0178825665648734,"17",29.1298571808928,0.216620971360004,15.2450694818155,0.708482756822553,0,0,3.74760816064881,0.821059811032142,0.0147413071981662
422,0.00429747460276196,28.93824946,15.92814108625,0,4.497111076875,4,1,0,477.8764411375,7.92081153201127e-05,0.0186032893638464,"17",29.1604510389286,0.322508832851244,15.4999932863988,0.411486134417274,0,0,3.74762375736012,0.821063228087342,0.0115894684493629
423,0.00434254157173049,29.1441426357143,15.8670996257143,0,4.497167225,4,1,0,464.773111085714,0.000124275084288643,0.0290355329478054,"17",29.0938993838929,0.411878525859952,15.58390674375,0.854624914159216,0,0,3.59769634777857,0.821049559606399,0.008352099472277
424,0.00440930498988742,29.4322577025,16.94130522125,0,4.497111076875,4,1,0,451.5356479625,0.000191038502445572,0.0442928186604101,"17",29.13333624525,0.596532193986124,15.6348027754643,0.813819748920948,0,0,3.59771642382857,0.82105996469788,0.0063166780703118
425,0.00447353349102016,29.7337320214286,17.0216101857143,0,4.497167225,4,1,0,438.178877614286,0.000255267003578313,0.0587543264747916,"17",29.2993474994196,0.860713116426476,15.6285883186295,0.90015520634392,0,0,3.78719762516072,0.913471120986377,0.00573697508558842
426,0.0044935587160105,30.05785883625,16.8252901675,0,4.497111076875,4,1,0,424.6674126,0.000275292228568653,0.0632207147690105,"17",29.3549421772322,0.986572489990745,13.1903957611429,2.24375035943475,0,0,4.02305071835714,1.2660973899597,0.00953744335989763
427,0.00447099014977447,30.3465397514286,11.8263247631429,0,4.497167225,4,1,0,411.027544928571,0.000252723662332623,0.0581856340861293,"17",29.2822273816518,0.922070741919916,12.622345890808,2.859205991795,0,0,3.74809496172321,0.866028312342447,0.0137064242236134
428,0.00448185836141436,30.2353235875,9.615946399625,0,4.497111076875,4,1,0,397.3205659,0.000263591873972513,0.0606135131510239,"17",29.1918857044643,0.859405745486694,14.1408204281697,1.14793462198213,0,0,3.74762999603572,0.865491041955263,0.0174009480264312
429,0.00454349966005621,30.0084870771429,13.6052834385714,0,4.497167225,4,1,0,383.731469542857,0.000325233172614362,0.074273304950224,"17",29.1177370495536,0.953036514126305,14.2435741671875,1.39418903819616,0,0,3.74760192197322,0.865458624820184,0.0244112523258787
430,0.00461564708932033,29.943415005,13.97271491875,0,4.497111076875,4,1,0,370.186402425,0.000397380601878483,0.0900278117690396,"17",29.1045643697321,1.06393246147536,14.8783217690179,1.60773179893638,0,0,3.74876523375,0.866803883958204,0.0305427499351427
431,0.00468876844916796,29.97770528,13.7521723257143,0,4.50170817585714,4,1,0,356.6605885,0.000470501961726113,0.105745696114309,"17",29.2388903448661,1.03667200493072,11.3532634527143,3.62718860796394,0,0,3.49910804637947,0.706649109238296,0.039430913392226
432,0.00476032307850536,29.9729267,8.1866684145,0,3.5031355745,4,1,0,343.119109625,0.000542056591063512,0.120891278189878,"17",29.2817771671875,0.92112541892663,12.4821941604554,2.26571421720892,0,0,3.74911358891964,0.867235505872471,0.0462005660018787
433,0.00482446501163201,29.7555208742857,9.58803210985714,0,4.50424549085714,4,1,0,329.626857871429,0.000606198524190162,0.134275588560237,"17",29.3035217245536,0.808564566712179,12.2845752435803,1.86102952074112,0,0,3.89289699801339,1.0639000463684,0.0549087484748934
434,0.00483439433698979,29.53949350875,13.59546497125,0,4.497154256625,4,1,0,316.2326137,0.000616127849547943,0.136331592958173,"17",29.3737974402679,0.59978390307265,11.7550973429911,3.78473087377882,0,0,4.30318649280804,1.06979969368142,0.0584814688591032
435,0.00477706634173282,29.54984126,14.5970916757143,0,4.497167225,4,1,0,302.896130514286,0.000558799854290973,0.124402360591801,"17",29.4613946076786,0.519093009930292,11.200244965067,2.93348031302288,0,0,3.74422500167411,0.860178383973449,0.0561348077940916
436,0.0047070565596045,29.7015420275,7.13289213875,0,4.497111076875,4,1,0,289.5042942125,0.000488790072162653,0.109638517260956,"17",29.4697831169643,0.475115050185571,10.3900436944643,3.03039292464284,0,0,3.37125577204018,0.750613300629044,0.0501696262636527
437,0.0046350817012899,29.5071297528571,9.53250385942857,0,4.497167225,4,1,0,276.110526842857,0.000416815213848053,0.0942295650756222,"17",29.4447911735714,0.483810873227431,9.15390644566518,5.12675277355761,0,0,3.37254971266072,0.748955155783787,0.04292528535543
438,0.00456414877503686,29.21637959875,13.50928547875,0,4.49598244525,4,1,0,262.859699475,0.000345882287595013,0.0788077684960022,"17",29.3338542659375,0.479067799449232,13.2292050913929,2.25915610274671,0,0,3.61805782817857,1.23991764495889,0.0357083613546363
439,0.00450363165228396,29.0931104085714,13.1646559357143,0,5.47793429542857,4,1,0,249.6909447,0.000285365164842112,0.0654598449520511,"17",29.2143088584375,0.500091998547802,13.8684765014732,1.63848907800726,0,0,3.36962970633482,0.742661427678985,0.0282656191115163
440,0.00450206819729554,29.022036825,12.1127957175,0,4.483621745625,4,1,0,236.5597989625,0.000283801709853693,0.0651126304111447,"17",29.2038171658036,0.607038571107027,12.3015579824643,1.43082331761181,0,0,3.60079090467411,0.73599072630789,0.022084087982709
441,0.0044976248082741,28.8735557742857,10.5349959517143,0,4.49686179428571,4,1,0,223.479986457143,0.000279358320832253,0.0641251768877877,"17",29.2778123347768,0.696409869219923,11.015623697625,2.84556347538372,0,0,3.74788177968304,0.86580351680529,0.020174170438798
442,0.0044749518654689,28.65873324125,13.1724882675,0,4.497111076875,4,1,0,210.4838171,0.000256685378027053,0.0590713353030825,"17",29.1733644391072,0.597979539312389,15.0808186081071,2.221370998797,0,0,3.74762531704018,0.865464027827489,0.0242072379438404
443,0.0044911461081122,28.5615384971429,13.7025439571429,0,4.497167225,4,1,0,197.566529871429,0.000272879620670353,0.0626836669861817,"17",28.9892363658036,0.470864303466437,15.33420921,2.57792495048124,0,0,3.74812005957589,0.866078958281845,0.0307042450288355
444,0.00453307275300053,28.582222485,13.2804237225,0,4.497111076875,4,1,0,184.656808775,0.000314806265558683,0.071975761133432,"17",28.8102665326339,0.444930925200006,15.3065022825,2.2115455268028,0,0,3.58859568997768,0.72962216038904,0.0363512774287319
445,0.00456871128452359,28.6045054085714,13.4498083171429,0,4.497167225,4,1,0,171.743074671429,0.000350444797081743,0.0798069099996761,"17",28.6548024100447,0.515392465716471,14.9016730525893,1.80908703702932,0,0,3.37347315896875,0.74909291689979,0.0412652986681581
446,0.00459184772165878,28.595504195,13.05996663625,0,4.497111076875,4,1,0,158.8183924,0.000373581234216933,0.0848582361927601,"17",28.5355473805804,0.618602526598154,14.5533111927232,2.5268122186422,0,0,3.37647917479018,0.747156268751235,0.0469092144669639
447,0.00462757866554447,28.5715466585714,11.61860327,0,4.497167225,4,1,0,145.906353785714,0.000409312178102622,0.0926095041153117,"17",28.4917313657143,0.660357252232802,14.0066353504911,1.75333466963192,0,0,3.01416868636161,1.19782035697308,0.054655875120713
448,0.00465219357374003,28.47863883125,11.7549615775,0,4.497111076875,4,1,0,133.0140313,0.000433927086298183,0.0979145837574,"17",28.524738459375,0.622938934304205,13.0210633751339,0.997440510164186,0,0,2.99790497713839,1.22386189268225,0.0630890111068384
449,0.0046589687034122,28.42247302,11.70396185,0,4.497167225,3.42857142857143,0.857142857142857,0,120.165979857143,0.000440702215970353,0.0993698544359001,"17",28.6038577164286,0.552357190996895,12.9275577816607,1.04965306221127,0,0,3.48903858595089,0.739958699279147,0.0703664596985108
450,0.00470506824350842,28.35842619375,12.340990765,0,4.497111076875,0,0,0,107.3349536625,0.000486801756066572,0.10921601625826,"17",28.7813946769196,0.462068815929851,10.0525924158304,3.8684391417778,0,0,4.20047128402232,0.601291791801458,0.0765081125182461
451,0.00477616157559897,28.3089596114286,11.5874435785714,0,4.497167225,0,0,0,94.5356260414286,0.000557895088157122,0.124212944799475,"17",28.7214046907143,0.551556936855261,12.5284841012277,5.31366525252171,0.00054626553125,0.0010925310625,4.49674420300447,0.0010135342881892,0.0834340307469733
452,0.00485138944443772,28.2227665875,10.780800271125,0,4.497111076875,0,0,0,81.76217892125,0.000633122956995873,0.139840885530036,"17",28.041409383125,0.455506142716386,14.2187196164018,11.6389873520199,0.257897356285714,0.513983827005043,4.26226759425,0.469621285175479,0.09242979480797
453,0.00492724120456808,28.0852145028571,6.89974482457143,0.00271872514285714,4.49755436742857,0,0,0,69.0362914342857,0.000708974717126233,0.155354975932517,"17",26.9866348312947,0.698820200492925,13.1256024865938,13.0085841518464,2.4386769036875,3.04919904459488,4.00954877378125,0.687027825207482,0.101335765093432
454,0.00500160651316857,27.5923370275,2.015161595375,3.44482731925,4.349354047,0,0,0,56.43763648625,0.000783340025726722,0.170334901062056,"17",25.1869407492143,1.18356786457662,15.3558108209357,12.4593626597386,6.81550395842858,9.77275401965994,-0.51858911800357,3.45054224344019,0.110719891364751
455,0.00506157451615017,26.2333211214286,1.88081425185714,21.14020342,-5.20073156628571,0,0,0,44.2258143585714,0.000843308028708322,0.182253341459919,"17",22.8739474883333,1.43138986627487,17.4937070379047,12.5778757128476,7.514369860625,11.7082228820009,-13.6321030271637,11.9217399118733,0.115571420254988
456,0.00512172790197094,23.78149479375,1.217570374125,24.520906645,-34.842117345,0,0,0,32.93895025125,0.000903461414529093,0.194067600103225,"17",20.9299926555102,1.35773765681753,15.0965506200995,12.7558101443163,9.18226525130103,11.4942404323571,-27.1729914658163,15.6519970509282,0.124251361818692
457,0.00519530547854157,21.4757338242857,1.07435582742857,23.1065888614286,-49.6782295714286,0,0,0,22.8616813042857,0.000977038991099723,0.208331162092008,"17",18.9063250005102,1.68178587918798,15.335504087875,12.8312968475427,10.9566608259439,13.8779225326768,-13.4693093919592,17.463003990008,0.141229804522482
458,0.00526949587107246,19.5119879425,1.06676980075,25.3985005425,-13.88284595175,0,0,0,13.9889248475,0.00105122938363061,0.222510434423945,"17",15.1958697597286,2.51916369341771,16.1210699313268,12.5934345380389,11.5722971447857,15.0140065473144,49.775082243316,56.0646027352373,0.156361948685271
459,0.00534124524303119,16.9024226757143,1.04551489985714,27.42949409,25.43693444,0,0,0,6.19836840228571,0.00112297875558934,0.236034553695577,"17",6.55983401455,6.09601148776024,10.0005800398545,10.3695817183674,15.579955397467,23.3793815117889,65.5609401028553,220.752945698096,0.171329356545996
460,0.00539989431652065,14.4046595475,1.4027991485,26.3331549075,73.009846065,0,0,0,-0.588933791125,0.0011816278290788,0.246955118490203,"17",5.63813887208661,5.06278563036139,9.23203523618482,9.42521712096539,14.5979930109366,22.9651213595024,136.815278481296,273.815245759424,0.180843717507584
461,0.00539084029751988,12.3273226171429,1.49978395685714,22.3128639571429,151.926762425714,0,0,0,-6.57755031457143,0.00117257381007803,0.245277008281489,"17",4.05816679747545,4.31616980644415,6.04140206278237,6.80004917843236,15.2070960043359,25.006163569408,183.786538755859,339.891186754924,0.189234933824188
462,0.00532833781899014,10.560813027125,1.343742022625,22.10184231625,285.1971823625,0,0,0,-11.730844705,0.00111007133154829,0.233615072068108,"17",7.27879277801786,1.17324768143308,2.86692000277381,1.28394393277305,5.6444649867857,9.58741902297689,565.158539050794,88.423480504401,0.178893969886901
463,0.00525919785415605,8.52541968842857,1.41994908057143,16.7143565968571,465.264674385714,0,0,0,-15.4850019542857,0.0010409313667142,0.220554252532165,"17",6.6554793228125,0.649540039825088,3.590405463875,0.3955208849867,0.10951918175,0.153155659981472,615.105471383333,25.8698185621098,0.180282645975076
1,0.00447408354915073,0.00923103285714286,2.91343087728571,0,-44.9867172942857,0,0,0,-10.7593343314286,0.000576823143249811,0.138027687690247,"18",6.05320063198393,2.77011931577338,6.68484252707678,6.47820736052954,6.49064848337857,13.3501451508526,475.621395471964,233.190429838955,0.147224479501478
2,0.00443090560617951,0.000604164,2.891656933,0,-44.97111076875,0,0,0,-10.7589850725,0.000533645200278591,0.12833013957925,"18",4.03616618506548,3.69473517968472,5.40887022090833,5.51985394954083,12.9954221079286,23.8219614889946,302.091547935119,315.411095684517,0.147531031383522
3,0.00440055763970014,3.72857142857143e-06,2.87423465142857,0,-44.97167225,0,0,0,-10.7591194028571,0.000503297233799221,0.121457419985131,"18",5.0451075572247,3.43824995350193,6.04310231377827,6.04849235084754,10.802539669125,20.920149560464,388.857352981399,292.493967989545,0.146922254853626
4,0.00443487472345671,1.56375e-20,2.836121871375,0,-44.97111076875,0,0,0,-10.7589850725,0.00053761431755579,0.129225518734894,"18",4.03616618506548,3.69473517968472,5.40887022090833,5.51985394954083,12.9954221079286,23.8219614889946,302.091547935119,315.411095684517,0.147531031383522
5,0.00448963016388727,0.00119836071428571,2.84690930385714,0.00537946371428571,-44.97167225,0,0,0,-10.7591194028571,0.00059236975798635,0.141496479861909,"18",5.0451075572247,3.43824995350193,6.04310231377827,6.04849235084754,10.802539669125,20.920149560464,388.857352981399,292.493967989545,0.146922254853626
6,0.00453841163016587,7.15125e-20,2.944147897375,23.11535181075,-44.97111076875,0,0,0,-10.7589850725,0.000641151224264951,0.152303239746147,"18",4.03616618506548,3.69473517968472,5.40887022090833,5.51985394954083,12.9954221079286,23.8219614889946,302.091547935119,315.411095684517,0.147531031383522
7,0.00458814626255262,0,2.894681593,65.2954761257143,-44.97167225,0,0,0,-10.7591194028571,0.000690885856651701,0.163202227996352,"18",5.0451075572247,3.43824995350193,6.04310231377827,6.04849235084754,10.802539669125,20.920149560464,388.857352981399,292.493967989545,0.146922254853626
8,0.00462279827735739,0,2.78015456275,65.57341025625,-44.97095187875,0,0,0,-10.7589850725,0.00072553787145647,0.170726359181878,"18",4.03616618506548,3.69473517968472,5.40887022090833,5.51985394954083,12.9954221079286,23.8219614889946,302.091547935119,315.411095684517,0.147531031383522
9,0.00459447818081383,5.3334e-05,2.75537161728571,64.7239911957143,-44.9390016485714,0,0,0,-10.7591944214286,0.000697217774912911,0.164581336804717,"18",5.50374885024513,3.19797979766509,6.34198692255032,6.25008025280672,5.90058953034415,12.8153659035771,428.293385220487,271.255129001522,0.14755293635188
10,0.00454248218679059,0.27961608375,7.5155543935,10.40606474575,-91.82692734375,0,0,0,-10.72270878125,0.000645221780889671,0.153199749911282,"18",3.18647878631485,3.67087047716316,4.87290181990131,4.98355877572219,14.927373351891,24.8087186941671,229.025733412726,313.860763903443,0.148007974798117
11,0.00450298343840647,1.86691141442857,22.1746290171429,0,-213.1962826,0,0,0,-10.3347088264286,0.000605723032505551,0.14446631368939,"18",3.04113565118661,3.63160526572602,5.00503444858125,4.88650061675239,14.7013079215839,24.1681886810894,212.983100374902,313.801272392152,0.147734723476372
12,0.00452625505882251,5.221522914875,22.95575509375,0,-98.5712374925,0,0,0,-8.715967581625,0.000628994652921591,0.14962104992489,"18",3.44695485190062,3.71519691370068,6.36884310043711,6.73019291339328,13.0977274021165,22.8900386022542,217.346866422197,315.601536295739,0.13807283864832
13,0.00457190184848469,8.40031720542857,23.44272432,0,5.03690532742857,0,0,0,-5.70004255342857,0.000674641442583771,0.159655427685783,"18",4.00934521160072,4.32929494565107,6.86755904182071,7.30973924502171,13.5144094208043,22.5897651256833,197.542972987916,310.470063259639,0.138821099572156
14,0.00458001691378106,11.032711554875,27.5273738425,0,88.080730015,0,0,0,-1.302757234375,0.00068275650788014,0.161428840989954,"18",4.29033702004464,4.996812971754,8.48294814586851,9.17099085015098,15.4271306479789,23.6528835219962,92.5271800095925,244.624160638163,0.132185412866947
15,0.00453148042082337,14.23986854,30.3043365685714,0,25.4168040438571,0,0,0,4.33902834342857,0.000634220014922451,0.150774839959254,"18",10.6489152379211,4.81814425003225,15.5905423427485,11.862670824392,11.8314103112381,16.5510562810481,111.494426060501,211.145204704866,0.118373324594536
16,0.0044711034082758,17.85547157125,33.61060426125,0,-4.7186565165,0,0,0,11.593389665625,0.000573843002374881,0.137361376089888,"18",16.5133066981094,3.61470298617458,15.7218119367589,14.1927786753419,16.5849339525446,18.2570787986813,21.3963848015826,37.0393182888201,0.112615831556892
17,0.00440837099766922,21.5708597442857,31.3086336214286,0,-0.767271261714286,0,0,0,20.4641618185714,0.000511110591768301,0.123231383689992,"18",20.0573208847917,2.67755581773242,15.9637228596607,14.9297897251281,16.2344526284821,18.0842404315856,-12.5914105825,11.59246590139,0.0963572931467387
18,0.00434461619891965,24.50418292125,29.74013528375,0,-3.399636965125,0,0,0,30.906251835,0.000447355793018731,0.108663574240217,"18",23.8099376784643,2.4586879126435,13.0052152644071,13.7408110010553,17.2267225588929,15.9752079326487,-12.7087595510679,8.22642939644783,0.0836111498454438
19,0.00428035977930589,26.9528988214286,29.4325524557143,0,0.261134058857143,0,0,0,42.5083720971429,0.000383099373404971,0.093763218080225,"18",25.3634079358036,1.98072466607045,16.0505021430089,14.8776325408989,11.2154743720982,13.3763636672457,-9.13488726719197,5.37885227426465,0.0737926455936747
20,0.00421580794465662,28.8777782025,29.46865793125,0,-0.060402548,0,0,0,55.1373114575,0.0003185475387557,0.0785674080691461,"18",27.2153940621428,1.75601980808582,15.6080064838482,14.6162986171273,5.42122449710715,7.83740164682801,-1.95281175997321,1.91181763526575,0.0642639049245804
21,0.00415109950411191,30.8579366171429,26.84488711,0,-0.804474949,0,0,0,68.6182217285714,0.000253839098210991,0.0630993920632674,"18",28.2586894440714,1.22181613704322,17.141564110925,11.1672297810986,0.0339487005,0.0714085708892355,0.130432770007143,2.18906155213119,0.0535600782730429
22,0.00408631630662328,31.57851340375,7.795699729125,0,-1.12682335625,0,0,0,82.79129799625,0.000189055900722361,0.0473700582341259,"18",29.0465406952976,1.25742740838342,16.6083839089256,10.0129046281966,0,0,1.83748292878571,2.6172497295742,0.0465224457731119
23,0.00402153095266827,31.1900093171429,8.41882074185714,0,1.19007283428571,0,0,0,96.9729975228571,0.000124270546767351,0.0313888170667056,"18",29.99630635975,1.18141204863953,11.0390059125214,8.57498201622419,0,0,2.752924994175,2.97130775997106,0.0387324272256086
24,0.00395681468745024,30.8938499825,12.02722022375,0,4.507299677625,0.25,0.25,0,110.9772434875,5.9554281549321e-05,0.0151654830740195,"18",30.5270863586607,0.813391534220059,10.620021603683,1.57223261396769,0,0,2.83291342674553,1.35884029863487,0.0317221752643476
25,0.0038922458646841,30.83161821,15.85623561,0,2.24692347071429,1,1,0,124.920654642857,-5.01454121681942e-06,-0.00128751209809419,"18",30.4626599783482,0.5844649950867,14.0355802711607,3.00603385700806,0,0,2.39809165242857,2.67071493564594,0.0262776374796557
26,0.00382795447805286,30.94854618375,16.3597097825,0,-0.03474071625,1,1,0,138.870391375,-6.93059278480592e-05,-0.0179432641207065,"18",30.5386937127679,0.419539273888207,15.2501226253036,3.46790560865206,0,0,2.12187472680357,1.30038574518006,0.0219898273862063
27,0.00376413331430144,31.1681530028571,16.7429663428571,0,1.49090888642857,1,1,0,152.899587985714,-0.000133127091599479,-0.0347562060138928,"18",30.7997089151786,0.371214206565016,13.6796244513929,3.95532791485171,0,0,2.18943009222768,1.48638333271564,0.0181110475325464
28,0.00370129362943312,31.41174668875,16.96115861375,0,1.499332595375,1,1,0,167.0325718125,-0.000195966776467799,-0.0515914567904971,"18",31.10494112,0.434529321124332,13.2794274985446,5.53425097523983,0,0,2.35228521307589,0.766225012334664,0.0151174004037065
29,0.00364106845811341,31.6233362771429,14.5017549771429,0,1.49905574157143,1,1,0,181.270555828571,-0.000256191947787509,-0.0679966734389641,"18",31.3538978367857,0.60800955742493,14.1724766965848,5.59385422261343,0,0,2.99931900128571,1.22573580582496,0.012401619923862
30,0.00359859014794204,31.78564795375,14.2869402625,0,1.4990370255,1,1,0,195.5961855125,-0.000298670257958879,-0.0797317009548495,"18",31.5245850333482,0.820646050862754,14.0027493155446,3.96784167899075,0,0,2.72433641778572,0.83876243066224,0.0105507671235927
31,0.0035840169292009,31.8855373085714,14.1671807842857,0,1.49905574157143,1,1,0,209.980554742857,-0.000313243476700019,-0.0837896253760571,"18",31.6271709334822,0.895500621006263,15.5949178665179,1.20000218685664,0,0,2.62335273537947,0.749543808097313,0.011210586910804
32,0.00356726438437452,31.96916578625,13.98767466625,0,1.4990370255,1,1,0,224.40554095,-0.000329996021526399,-0.0884748207327881,"18",31.6916126708482,0.779077489189316,14.8443237960446,3.09818878662991,0,0,2.62333818971429,0.749521632302951,0.0154395420997587
33,0.00356033534195264,31.9737676271429,17.7022986885714,0,1.49905574157143,1,1,0,238.845082928571,-0.000336925063948279,-0.0904191062359843,"18",31.6972816494196,0.729118510040775,16.719605414375,2.28965606108324,0,0,2.62332415266071,0.749524751648188,0.0231756812636014
34,0.003577718701552,32.05552735375,16.48812375,0,1.4990370255,1,1,0,253.29849015,-0.000319541704348919,-0.085548480888578,"18",31.723244021384,0.822600748191905,17.3928070025,2.14985880109605,0,0,2.62335041058929,0.749529779364678,0.0326121972237259
35,0.00362484532464163,32.17496502,15.7139832042857,0,1.49905574157143,1,1,0,267.8070923,-0.000272415081259289,-0.0724622260093044,"18",31.8341008010268,1.01164028955548,16.6292247647768,2.19359766919675,0,0,2.30267953373214,0.807822050058137,0.0400432624276337
36,0.0036841402879013,32.1955789025,12.99464274125,0,1.498878136375,1,1,0,282.3463018,-0.000213120117999619,-0.0562366467965427,"18",31.9256544264732,1.20951872159774,15.9093359604018,1.53510939099259,0,0,1.8739675693259,1.43542307486935,0.0424107437455012
37,0.0037454173418399,32.1421104928571,12.0565159371429,0,1.50144187657143,1,1,0,296.884743957143,-0.000151843064061019,-0.0397407947254358,"18",31.9463484935714,1.21896972158569,15.2742369725893,1.77037099832323,0,0,2.84870278408928,0.960963800168818,0.0412585227214917
38,0.00380715340593752,32.0709895525,14.35256583625,0,2.78471901675,1,1,0,311.38680145,-9.01069999633994e-05,-0.0233920733192097,"18",31.9609308741518,1.04454042490192,13.2334408663393,3.88426718970994,0,0,3.18632581117411,1.27936792493305,0.0387880475695906
39,0.0038685538020253,32.0384311142857,12.1403503568571,0,2.35201703471429,1,1,0,325.870286528571,-2.87066038756191e-05,-0.00739310344577504,"18",32.0184640658036,0.79903333432892,12.9860668467589,5.09486936040988,0,0,2.94538009813393,1.22827117977004,0.0360293062223502
40,0.00392846381465279,31.83605832375,5.26841206125,0,0.00369906925,1,1,0,340.3080911375,3.12034087518705e-05,0.00797461613483641,"18",32.040721809241,0.670659476310474,11.9591560022589,4.68136888077513,0,0,2.80648578958482,1.21383720281009,0.0346389385353507
41,0.00398332393455349,31.3465662942857,17.3823910714286,0,-0.00220416385714286,1,1,0,354.5802705,8.60635286525704e-05,0.0218427833563695,"18",31.9109617145982,0.474609917225245,10.2083891564464,7.11160628743713,0,0,1.87157257417411,1.43032329588503,0.0346715016975597
42,0.00400197399251998,31.4242761775,18.98848496125,0,2.297758298875,1,1,0,368.731560675,0.000104713586619061,0.0265138905788014,"18",31.91109614975,0.446472091717168,10.4919296827607,6.30611108810938,0,0,1.79851395521429,1.25510118418681,0.0342371543774233
43,0.00396035276453675,31.8457290057143,18.68947092,0,2.99781698442857,1,1,0,383.016756814286,6.30923586358309e-05,0.0160592565742306,"18",31.8091647923214,0.506433088167178,10.3578589592679,7.19476085590668,0,0,2.35583770953929,0.888766835111065,0.0329289627445119
44,0.00390602361248081,32.28720678875,17.8282371325,0,2.999997470375,1,1,0,397.5048298,8.76320657989095e-06,0.00224603129108036,"18",31.8108963988214,0.816204185702607,11.5211897227286,6.09796213416468,0,0,2.69914597510714,1.2558451871068,0.0339590569013598
45,0.00386316902283877,32.5588035057143,15.5338444014286,0,1.95298458814286,1,1,0,412.158424057143,-3.40913830621493e-05,-0.00878600902188964,"18",32.0764100169197,1.08472930061896,15.5652436851786,1.67130534948924,0,0,3.31947938274107,0.791681983977567,0.0369215738783337
46,0.00387321592290467,32.62939727,7.341276818625,0,1.4980739,1,1,0,426.8842154875,-2.40444829962493e-05,-0.00618869631713448,"18",32.2480909416518,1.07221487245643,14.5209208462411,3.94720692071704,0,0,3.33994542408929,1.11139895088437,0.0399515089935512
47,0.00388958122301884,32.4307853771429,4.03768472542857,0,1.49905574157143,1,1,0,441.588633071429,-7.67918288207929e-06,-0.00197234913466371,"18",32.3897758816072,0.907414111902981,12.3652253843438,5.44015017529773,0,0,2.80515704977232,0.936414804806775,0.0415063542934804
48,0.00386073309930464,32.14404760125,13.312760664125,0,1.4990370255,1,1,0,456.15959275,-3.65273065962794e-05,-0.00941675848331336,"18",32.2328404566965,0.698855069522205,14.2432036215223,8.46784992453417,0,0,2.623063011,0.749338353368236,0.0396675556213222
49,0.00380407920060052,32.0741096485714,15.4792985564286,0,1.49905574157143,1,1,0,470.657794814286,-9.31812053003994e-05,-0.0241998808274841,"18",32.0084558773661,0.597340719871552,16.3801781451741,3.19066626806305,0,0,2.62359933144643,0.74970839594699,0.0343422744570786
50,0.00374249795202419,32.02219347625,4.73219915975,0,1.4990370255,1,1,0,485.138237725,-0.000154762453876729,-0.040520555118305,"18",31.8759702070089,0.473244918316461,18.0246449028571,2.57385253763967,0,0,2.47658013508929,0.708011088197987,0.0264434296540372
51,0.00367982614600392,31.7746078585714,3.165205492,0,1.49905574157143,1,1,0,499.5553171,-0.000217434259896999,-0.0574083366222613,"18",31.7682126429911,0.329440598891529,15.1311297353839,7.62763013060233,0,0,2.24870725380357,0.865294279634122,0.0162874297618621
52,0.00361686249400235,31.48164128,6.47534693325,0,1.4990370255,1,1,0,513.83620555,-0.000280397911898569,-0.0746669086206966,"18",31.6580340808036,0.216899847043912,13.0942573124196,6.73299515669315,0,0,2.25304696927679,0.860357269148479,0.00556986574472014
53,0.0035540743543842,31.2566070728571,15.2019602628571,0,1.49905574157143,1,1,0,528.008801228571,-0.000343186051516719,-0.092179192954629,"18",31.5884688126339,0.0926774842185146,12.8831047575982,5.09714321748097,0,0,2.62489471908929,0.750577708022201,-0.00512354988797892
54,0.00349199782756508,31.2671417075,17.77432346,0,1.4990370255,1,1,0,542.1190487125,-0.000405262578335839,-0.109799827432208,"18",31.5271179970089,0.209829906709962,16.5157880191518,0.90546007034587,0,0,2.62334898468304,0.749528828745969,-0.0156945527267842
55,0.00343162284533534,31.5153928242857,15.03099245,0,1.49905574157143,1,1,0,556.304589885714,-0.000465637560565579,-0.127240560751198,"18",31.5067697222768,0.296090011489538,16.1208186009732,2.64640835374341,0,0,2.62332415266071,0.749524751648188,-0.0241929938054389
56,0.00337795687957403,31.60307398625,12.13883310125,0,1.4990370255,1,1,0,570.564469525,-0.000519303526326889,-0.143002789096546,"18",31.4763606491071,0.222732357716108,13.6868847894107,3.99118105309522,0,0,2.62380644937054,0.749834304487827,-0.0298272396316037
57,0.003358016154524,31.6145172857143,10.6083058042857,0,1.49905574157143,1,1,0,584.849946042857,-0.000539244251376919,-0.14892347274774,"18",31.3373328045089,0.182611268606699,13.2828331815179,3.87876841273081,0,0,2.48387527797321,0.70775791561619,-0.0328716429848686
58,0.00338751862959405,31.56873749125,10.7152825475,0,1.4990370255,1,1,0,599.1178975,-0.000509741776306869,-0.140176156706609,"18",31.3136842313393,0.445840108353735,11.5868880792589,2.70073135789853,0,0,2.56221352985268,1.33162602311989,-0.0339976598745162
59,0.00344174842410723,31.4971137971429,10.87152605,0,1.49446544257143,1,1,0,613.371192857143,-0.000455511981793689,-0.12429423778822,"18",31.3894020619643,0.708397911038144,11.5793597886116,4.01694247037974,0,0,2.85162046140179,1.14795480442586,-0.0329568018777009
60,0.00350117541143227,31.42136520875,11.1604086125,0,2.51280809075,1,1,0,627.577044775,-0.000396084994468649,-0.107175099412491,"18",31.4472307776339,0.808083405221542,14.3951666713839,3.0299291599676,0,0,2.45632659163393,0.713799352106965,-0.0303695137137765
61,0.00356011897221094,31.3279545,12.9795792328571,0,1.95218858742857,1,1,0,641.762561171429,-0.000337141433689979,-0.0904798803737412,"18",31.5095492074554,0.730454840468121,14.634329301875,3.18049818454743,0,0,2.08321929524553,0.804731332062259,-0.0298666488774628
62,0.00360342830224878,31.26189343875,17.657578165,0,1.497279112875,1,1,0,655.886814475,-0.000293832103652139,-0.0783881456908251,"18",31.5391160730804,0.585346361385853,15.1130342804911,1.95818002577896,0,0,2.19337651524107,0.634031275771355,-0.0323010840198723
63,0.00362234736660754,31.4536909657143,16.6260312071429,0,1.56341556657143,1,1,0,670.0524969,-0.000274913039293379,-0.0731515848191204,"18",31.5051903629911,0.46210014248015,16.4734570403125,1.94330966594898,0,0,2.74452401020536,1.49721051023552,-0.0371654642495543
64,0.00365913211514319,31.6964437425,16.8252013375,0,3.012355046875,1,1,0,684.3148079375,-0.000238128290757729,-0.0630478523155507,"18",31.4833975642411,0.304497339581066,17.7794455690625,1.28258389485367,0,0,2.94022750166071,1.63194566576523,-0.0382281931009167
65,0.00371646666702386,31.9551732428571,16.9843534271429,0,3.01543539342857,1,1,0,698.696342114286,-0.000180793738877059,-0.0475004487942829,"18",31.4560669884375,0.277206597162767,17.9950830277232,1.03762917744174,0,0,3.00263359770536,1.2231805955659,-0.0369853394754084
66,0.00377712748403559,32.2104708275,16.90840421125,0,1.554414625125,1,1,0,713.1890100625,-0.000120132921865329,-0.0313100495695258,"18",31.4533190617857,0.550502756791304,18.2215095730357,1.79034136392061,0,0,2.80822126755357,0.935429371523976,-0.0347221733768421
67,0.00383662877129158,32.37585042,16.1243005357143,0,1.49921855314286,1,1,0,727.7866522,-6.06316346093393e-05,-0.0156797890083329,"18",31.2395576908571,0.875495756256984,17.5481065338929,1.27290918851149,0,0,2.13780544610714,0.863878005374399,-0.0293040453407866
68,0.00388670950419381,32.4475346675,14.10819366875,0,1.499151356375,1,1,0,742.424401975,-1.05509017071094e-05,-0.00271093234417918,"18",31.2055506811786,1.03417686822998,16.3371120788929,2.20252897934107,0,0,2.35781533580714,1.32390428809279,-0.0269124836879888
69,0.00389508372463173,32.4487244914286,13.5498326328571,0,1.73740627485714,1,1,0,757.097071428571,-2.17668126918907e-06,-0.000558671751009321,"18",31.3412789331697,1.12965594865962,14.7689387120714,3.82328597079451,0,0,3.09097898159375,1.31950862810755,-0.0257206127917366
70,0.00385704885961025,32.40483288,11.577813605,0,4.00861604425,1,1,0,771.7414390125,-4.02115462906695e-05,-0.0103714990806472,"18",31.2329873530804,1.13635934975174,14.5674584715848,3.76612815770853,0,0,3.05810810387054,1.12873831929654,-0.0245609115738804
71,0.00380889945679686,32.2537027428571,7.95925679542857,0,4.449029879,1,1,0,786.3617741,-8.83609491040592e-05,-0.022933554746519,"18",31.1185849833036,1.15796620866003,14.8445748986161,4.48105468470331,0,0,3.52457374249554,0.879849733716469,-0.0187403495346834
72,0.00379645859447142,31.84983820125,9.797888153625,0,1.539962168375,1,1,0,800.8415304375,-0.000100801811429499,-0.0262051622135324,"18",31.042411874375,1.11516569622297,13.0165371364464,4.83931359171744,0,0,3.361309289875,1.4219852679726,-0.00949897615065742
73,0.00383759794070637,31.5382582085714,12.1531892314286,0,1.49891312242857,1,1,0,815.150607957143,-5.96624651945494e-05,-0.0154272112748215,"18",30.8723618286607,0.964954995504079,13.6550581005491,4.2760317305813,0,0,2.63356011749107,1.42463755972189,0.00115257499397234
74,0.00389235201953931,31.47925688,11.7612482,0,1.4990370255,1,1,0,829.375554725,-4.90838636160945e-06,-0.00126023905096506,"18",30.611215962,0.786926579230292,14.74005461,2.63287518318968,0,0,2.99806913611071,1.49909283407369,0.0113089270181331
75,0.00394357996846684,31.4750969957143,12.4266703214286,0,1.49905574157143,1,1,0,843.602962657143,4.63195625659205e-05,0.0118150856306203,"18",30.6433208735357,0.772512814079651,14.8146615890714,2.26373545104598,0,0,2.99939416176786,1.50067035619767,0.0146361938040723
76,0.00395387379527441,31.46232888,16.24912805375,0,1.500960444625,1,1,0,857.8026874375,5.66133893734905e-05,0.0144219593609103,"18",30.6521694107143,0.85014882302097,15.7403243723214,2.23112618408237,0,0,2.71438874001429,1.26134015527021,0.00928857171218499
77,0.00390666681982963,31.6077948942857,16.44686895,0,0.614643132142857,1,1,0,872.047377185714,9.40641392871075e-06,0.0024106883549635,"18",30.7207651946429,1.05440308584687,17.3019408930804,1.91999972731682,0,0,2.59804249637054,1.39008770254318,-0.000948709536055661
78,0.00384729547406592,31.80432324,14.65742775375,0,6.62425000000001e-05,1,1,0,886.36691875,-4.99649318349994e-05,-0.0129034187558723,"18",30.8319147185714,1.04261508198761,14.7881853645937,1.30062304349758,0,0,2.02402340722321,1.17372384474951,-0.010559827825935
79,0.00378547192595314,31.90626283,14.4704038542857,0,0.787213822714286,1,1,0,900.768361571429,-0.000111788479947779,-0.0291032831838365,"18",31.0697615303571,0.89249117528404,11.7517326359018,3.68366307691447,0,0,2.02375448616072,1.61862358713167,-0.019508356091163
80,0.0037226525209108,31.9777269075,13.5047357525,0,3.010587033,1,1,0,915.1925547875,-0.000174607884990119,-0.0458373876199474,"18",31.2734555134375,0.731461527162406,11.6986565448839,3.59267020079339,0,0,3.09376716964732,1.66320745920717,-0.0297167415272397
81,0.00365946782683153,31.9897733785714,11.7026085042857,0,2.998416914,1,1,0,929.655356357143,-0.000237792579069389,-0.0629561102659606,"18",31.4146269204465,0.626930746666174,12.4530478284821,2.05044104053264,0,0,3.49971625160714,0.651527507962738,-0.0418395846841958
82,0.00359629756481218,31.89837671375,16.66262190875,0,2.998074051,1,1,0,944.0747147625,-0.000300962841088739,-0.0803689821009215,"18",31.4716917946429,0.545264454988847,12.5762389054464,0.880804436733524,0,0,2.9947766263125,0.0062351978718882,-0.05447807631718
83,0.00353361324481793,31.9437429528571,16.8012541985714,0,2.99811148314286,1,1,0,958.502209271429,-0.000363647161082989,-0.0979529140853082,"18",31.3979331055803,0.54109798525563,14.8610615975446,2.45360115391825,0,0,2.99951400910714,0.00247759503812389,-0.0609784770320168
84,0.00347303857005914,31.94686939875,12.314307642125,0,2.998074051,1,1,0,972.9320167625,-0.000424221835841779,-0.115243963745741,"18",31.3340186963393,0.627522660554782,14.6460184127678,2.01568821053916,0,0,2.83114155297321,0.19370170967963,-0.0626309826515108
85,0.00342554679900615,31.7117847271429,8.91727549514286,0,2.99811148314286,1,1,0,987.333427142857,-0.000471713606894769,-0.129012734419729,"18",31.2685681629018,0.695597560143849,13.5248836691027,1.75219988218277,0,0,2.97016093121429,1.17347700799786,-0.0593300965502257
86,0.00339560834972874,31.3718917425,16.681125805,0,2.998074051,1,1,0,1001.5620197,-0.000501652056172179,-0.137790907615355,"18",31.2103646317857,0.576427240295784,12.3516430394107,2.47985168083743,0,0,2.67313791803572,0.788560867533197,-0.0536801966631574
87,0.003363901201499,31.3207513785714,16.3303892071429,0,2.99811148314286,1,1,0,1015.73071585714,-0.000533359204401919,-0.147172469874054,"18",31.172776708125,0.327279721210256,13.1297609125357,3.97873725488411,0,0,3.11074398092857,1.41391351508938,-0.0473995462220693
88,0.00333340514003117,31.33940385,15.95730898875,0,2.99823294025,1,1,0,1029.87140325,-0.000563855265869749,-0.156279495825983,"18",31.2014064315178,0.155077218664358,12.186729766442,5.3729686333984,0,0,3.18003743612946,1.53708430541822,-0.0408165684588139
89,0.00332664436909007,31.3478656185714,13.8907055371429,0,2.99572534842857,1,1,0,1044.04719228571,-0.000570616036810849,-0.158309742913812,"18",31.2197749864286,0.230331400132243,13.2168518742947,3.90776852823949,0,0,3.25914839274107,0.851931061972918,-0.0324848931901651
90,0.00335555117603087,31.3117107475,14.61212645375,0,1.852629509375,1,1,0,1058.190190625,-0.000541709229870049,-0.149657800239845,"18",31.1934351752679,0.360847440850968,14.8530071974107,1.1171025031025,0,0,3.37296776804464,0.749431930903013,-0.0222933866521164
91,0.00340437069313816,31.25123164,17.49975604,0,1.50094037528571,1,1,0,1072.33506442857,-0.000492889712762759,-0.135213738495781,"18",31.0016292603929,0.469256007112914,14.3501284571429,2.28577982198826,0,0,2.85979337133214,1.06723097279842,-0.0151698230618653
92,0.00345790495765097,31.317757025,16.8121628525,0,2.644322678625,1,1,0,1086.452556125,-0.000439355448249949,-0.119610940900123,"18",30.9804464643929,0.369435955287253,12.2714743278929,5.31949494715532,0,0,2.69848504343571,1.25393489219421,-0.00909694910507201
93,0.00351532331810683,31.3916744028571,13.9051206475714,0,2.99861298485714,1,1,0,1100.63270085714,-0.000381937087794089,-0.103142340057504,"18",30.97266552175,0.338653074672688,11.6855999237857,5.28787622216289,0,0,3.00794976058214,0.944701319390958,-0.0103680229404447
94,0.00356932700661344,31.2129778425,6.06242867575,0,2.998074051,1,1,0,1114.776016375,-0.000327933399287479,-0.0878967794451357,"18",30.9628131029018,0.495648089957048,11.9222827360536,5.50197032983297,0,0,3.17984889946875,0.363922255894687,-0.0169880583683315
95,0.00359003315810658,30.7861970371429,12.7572005562857,0,2.99811148314286,1,1,0,1128.79970214286,-0.000307227247794339,-0.0821124053747813,"18",30.6577810458036,0.694631899949139,12.9846558184911,8.82006867544245,0,0,2.98172763221429,0.0319879097441184,-0.0263910065126532
96,0.00354926937026647,30.6358306775,17.613826,0,2.998074051,1,1,0,1142.64736375,-0.000347991035634449,-0.0935320726410342,"18",30.3687083782143,0.809740758567379,13.6720298280357,4.44546635602193,0,0,2.61972039654018,0.75675721864918,-0.0368943968755996
97,0.00349839553982328,30.7340434071429,15.3207597214286,0,3.00270178242857,1,1,0,1156.517267,-0.000398864866077639,-0.107969397147331,"18",30.2482740116518,0.933504804835572,13.2703956881116,4.64484128976956,0,0,2.6231785815625,0.74961886193353,-0.0469925727343594
98,0.00346745060450529,30.717187985,8.681236161375,0,1.986067516125,1,1,0,1170.40001925,-0.000429809801395629,-0.116854215259633,"18",30.1851770372768,1.15052989369407,12.5944567534063,3.20864790462587,0,0,2.62609688008036,0.751378329035039,-0.0525450912519453
99,0.00344284644412801,30.4073029014286,8.74324487085714,0,1.50223787728571,1,1,0,1184.22380342857,-0.000454413961772909,-0.123975258961083,"18",30.1993172422322,1.26032240721577,14.1339912691429,7.37216662885445,0,0,2.66582808411607,1.18907888046207,-0.0602749752839793
100,0.00340920283109695,30.0964965925,14.0558271925,0,2.784947678625,1,1,0,1197.870064875,-0.000488057574803969,-0.133795352502035,"18",30.4003342950447,0.873548913809746,12.6964431750446,5.16953053048479,0,0,2.95950423972321,1.68581303188723,-0.0623351779195752
101,0.00338731544164511,29.9830780242857,11.881713354,0,2.99792926614286,1,1,0,1211.45068971429,-0.000509944964255809,-0.140236139856268,"18",30.4206611061607,0.851429204363861,11.2228194610759,4.93772253997286,0,0,3.31958276758929,1.45757191135367,-0.0574535827458939
102,0.0033994527655918,29.7976207775,8.813464831125,0,2.557868138875,1,1,0,1224.949772125,-0.000497807640309119,-0.136659375140562,"18",30.3122006119643,1.12898358417481,10.6467466296339,5.56179677959938,0,0,3.37303213972322,1.43547681693952,-0.0467027236052919
103,0.00343786779901666,29.3382210614286,6.88474605585714,0,1.49426910442857,0.428571428571429,0.428571428571429,0,1238.33153257143,-0.000459392606884259,-0.12542238949421,"18",30.3577856494286,1.4028188916429,10.1714821721428,6.03694360799473,0,0,3.48681122620714,1.38370198374829,-0.0323574400159808
104,0.00349464481213126,28.83943168375,14.850597747875,0,1.4990370255,0,0,0,1251.454120125,-0.000402615593769659,-0.109042100222284,"18",29.45460500475,1.67751920179932,11.2929476615714,4.17913904139885,0,0,2.1695041748,1.3105083542185,-0.0154566727104158
105,0.0035568029939222,28.6846564642857,8.77406296642857,0,1.49905574157143,0,0,0,1264.44566971429,-0.000340457411978719,-0.091411737840013,"18",29.2997214405357,1.90973831636507,11.4055184044786,4.55495107565236,0,0,2.39802734502857,1.34054886049801,-0.00516479444944877
106,0.00362033633818415,28.28553689,2.96345483775,0,1.4990370255,0,0,0,1277.31905825,-0.000276924067716769,-0.0737069116845497,"18",29.1043613429643,2.27873052311629,8.74596318047143,5.02907386148375,0.0897366468857142,0.200657242509352,2.35611185780714,1.32067132511307,0.00881604397386088
107,0.00368445499147639,27.4893307585714,3.060000408,0,1.49842137114286,0,0,0,1289.94970771429,-0.000212805414424529,-0.0561512292767015,"18",28.8143115039881,2.28693620485328,11.5381762609643,9.86889890046037,2.30446083315476,5.4279121207558,2.34155025552679,0.810942755618557,0.0212114703835229
108,0.00374890502413499,26.52440437,3.035826990125,0,0.9008220755,0,0,0,1302.13111075,-0.000148355381765929,-0.0388100414742469,"18",27.5508018322857,2.71222810477731,10.6332121687643,10.7729579743167,6.15864274904286,8.55300372751664,1.98285601245714,0.897016774211081,0.040061014963024
109,0.00381352941646191,25.57677904,2.967845405,0.00259059914285714,-3.89007570042857,0,0,0,1313.91332371429,-8.37309894390092e-05,-0.0217187293437604,"18",26.2093187173928,2.65723525199976,13.7566740958607,14.5954758431607,3.48437048446786,7.78753296469555,1.65308379196071,1.75036106886123,0.0542308763693914
110,0.00387824060461025,24.64162915125,2.941710594125,6.711753327,-16.88236602875,0,0,0,1325.228440125,-1.90198012906691e-05,-0.00489224776920505,"18",25.0875096674107,1.98533268715817,18.2998597391518,17.6584123165225,0.000647649785714285,0.00129529957142857,-4.54873614533483,4.64155292736164,0.0714512340900873
111,0.00394296446905808,22.9781729957143,3.35914299628571,24.9422566014286,-28.59939413,0,0,0,1336.03451385714,4.57040631571606e-05,0.0116589971436341,"18",23.2662475143304,1.2292226313796,19.3098090903125,18.8653654957142,1.6899659041875,3.34793509959051,-14.6168088586473,9.69887148922453,0.0963552232731334
112,0.00400763470124809,19.399105815,3.121366613875,30.913429285,-29.54195252,0,0,0,1345.453658875,0.000110374295347171,0.027927370249448,"18",20.9147612494643,1.91273866205438,23.1100434615833,15.5605720170084,6.43277954411905,10.5856077014223,-22.4365398191667,8.23722864850224,0.106045483276156
113,0.00407218491259086,15.4696329142857,2.56296857957143,35.1785431685714,16.8501202835714,0,0,0,1353.140517,0.000174924506689941,0.0439058415995692,"18",18.3762594823214,2.16396909816586,19.3821012076964,15.3988545961165,10.7514053179694,14.5769931894524,-22.335354438676,9.08477477081759,0.110692855928994
114,0.0041365195163164,10.87148152675,2.0807594655,31.748529955,182.58823367375,0,0,0,1358.88657825,0.000239259110415481,0.0595808899580836,"18",15.9588613312302,2.46865669204085,17.8276952575575,14.3618079093198,14.4729421723413,17.2133058259041,4.76579494210516,40.7006749948721,0.113957670336025
115,0.00420052510811892,8.61371167571429,2.03465170385714,16.5096439965714,386.509200357143,0,0,0,1363.23062614286,0.000303264702218001,0.0749356950948057,"18",13.4839582180276,2.9366336002731,16.4646640262338,13.5990808460567,14.573304237711,16.8083792642144,99.6257440579237,134.414025483117,0.115789178469539
116,0.00426397592100461,7.96378022875,3.66404393475,0.645236347,550.6861272,0,0,0,1366.371482875,0.000366715515103691,0.0899281913273438,"18",11.2276511383901,2.72684683647735,15.117813836706,12.6120691193652,12.2561058811016,15.0377406565876,235.860902037964,207.474750276222,0.116378797057349
117,0.00432651699903493,7.55709586442857,14.0343903138571,0,602.568886642857,0,0,0,1367.60029714286,0.000429256593134011,0.104488981291644,"18",10.6993560735687,2.63414075696123,13.0951847936648,12.1330788480252,12.3057394462555,14.9949209824703,279.073025775085,210.240704342746,0.125195665634017
118,0.00438715371888283,7.666701049,21.28882377375,0,589.0339520125,0,0,0,1366.341654875,0.000489893312981911,0.118406812071359,"18",11.5243969791726,2.61970264391504,14.603563008619,13.0297444300841,13.2774480378601,15.2281853502421,206.429814540086,186.211950075996,0.116784400060151
119,0.00444264007210418,9.43606789185714,24.7672936514286,0,387.455620028571,0,0,0,1363.118091,0.00054537966620326,0.130974961147973,"18",13.8887472506447,2.75306316916176,15.6344010637143,14.0377387147542,16.0306346614821,16.9692428262016,70.8427564608589,99.7444853470631,0.117476487656031
120,0.00446363208081596,12.16630134125,27.322804325,0,62.807161725625,0,0,0,1358.345138625,0.000566371674915041,0.135688952984994,"18",16.4329313299777,2.15713688280046,16.6408066241272,14.8740688936227,16.2820599438839,17.4631606844417,-2.48937590583482,36.7665594760553,0.115629307462868
121,0.00442202572007751,14.8316160714286,29.9582214942857,0,-11.0714813825714,0,0,0,1352.51531428571,0.000524765314176591,0.126324049494023,"18",18.9670333841369,1.63938975342148,17.6194144932649,16.0763903299106,12.5433062042976,15.1001603543953,-24.2126666146935,8.3328044925766,0.111612337903408
122,0.00436393917211908,17.92230703375,30.10913245125,0,-25.27146018875,0,0,0,1345.212974375,0.000466678766218161,0.113101280298997,"18",21.5132520926071,1.37359994783894,21.71022566365,16.9696222074933,7.71933545294286,11.2984364941147,-21.86955574525,9.07765871296498,0.106381473610577
123,0.00430271959486537,20.8558542185714,32.3793474385714,0,-24.0122228457143,0,0,0,1336.527536,0.00040545918896445,0.0989734380131972,"18",23.2086326106071,1.07230527079607,16.1196758715071,17.8272617424492,6.34042404363572,10.7953835785072,-17.4133259129179,10.471562409569,0.10113240341513
124,0.0042401268771641,23.83757364375,35.976111585,0,-6.678460981375,0,0,0,1326.422907375,0.000342866471263181,0.0843193443112167,"18",24.9983335641786,1.73087298666377,15.2282299101464,16.7642236082502,1.34286878522857,3.00129790932161,-7.01546212201786,6.82507841737653,0.0819472254184983
125,0.00417685896823728,26.8473815114286,32.3956629971429,0,1.04151568714286,0,0,0,1314.99225242857,0.00027959856233636,0.0692856730692544,"18",26.5059873688214,2.43550206040743,13.705418243175,14.6420861869169,0.00186220815357143,0.00293838576083303,0.275250572617857,2.81415249067528,0.0611353859796779
126,0.0041132097146239,29.0985809275,28.32720920875,0,3.77976464075,0,0,0,1302.282529375,0.00021594930872298,0.0539298285699914,"18",27.3797355885714,2.46181376068666,9.36698130565775,10.1225166043438,5.13220229086905,8.05261313459098,1.80251702296428,0.915884371173934,0.0472311110027759
127,0.00404939354921,30.24843329,17.2870544171429,0,2.59778542585714,0,0,0,1288.83031728571,0.00015213314330908,0.0382932817368102,"18",28.5274871467857,2.43322520889491,10.3884006297286,10.5749268020166,2.76535299978571,5.93587614163624,2.29030322146072,0.895733360079051,0.0221575132437918
128,0.00398557255831904,30.3365266025,16.69023677,0,2.78703554675,0,0,0,1275.11173425,8.83121524181208e-05,0.0224071334569906,"18",29.7148597091518,2.13019757286221,10.1129508415893,4.42725966808398,0,0,2.62285210578572,1.43517860742808,0.01145261350727
129,0.00392192728738997,30.3769357185714,16.5041622714286,0,2.99583970757143,0,0,0,1261.41272142857,2.46668814890506e-05,0.00630934149516982,"18",29.7883059819643,1.86338904210712,12.7951275656473,4.22948066458035,0,0,2.33832697942411,1.4491426215618,-0.00279922278063696
130,0.00385875813616653,30.47631574125,16.940279615,0,1.858047925625,0,0,0,1247.6481175,-3.85022697343891e-05,-0.0099284406835487,"18",29.9163269245536,1.64061634697889,11.8717060221071,6.19763477609055,0,0,2.96831778887947,1.69997323024696,-0.0186362187709639
131,0.00379665292269574,30.6649663942857,20.2100644185714,0,4.38285394871429,2,1,0,1233.86056342857,-0.000100607483205179,-0.0261539768150811,"18",30.1043138725893,1.42464115741804,10.177907361942,5.51559087656213,0,0,3.26302153692411,1.48964109550004,-0.0285892066182729
132,0.00373832306767994,31.01718995,17.5018387725,0,4.49799504225,2,1,0,1219.897417875,-0.000158937338220979,-0.0416367119291854,"18",30.2674718432143,1.07500181511643,10.5992492067098,4.66595171613629,0,0,3.37282348545089,1.43525883581636,-0.0462786129583096
133,0.00370046846692726,31.2019103585714,16.2811106957143,0,4.49721657328571,2,1,0,1205.850662,-0.000196791938973659,-0.0518144205864797,"18",30.3598698343304,0.825747948788798,11.8981279958214,4.03451530379726,0,0,3.28018636907589,1.41672611996359,-0.0554719126109392
134,0.00370081715609848,31.30943966625,16.4340142075,0,4.33861393325,2,1,0,1191.70937975,-0.000196443249802439,-0.0517201966422043,"18",30.3230451894643,0.86703068634988,12.682135385933,5.03602653938074,0,0,2.54486599538839,1.30065494514887,-0.0576792050886251
135,0.00371397696250232,31.3387340314286,16.15832208,0,2.99182921814286,2,1,0,1177.56969585714,-0.000183283443398599,-0.0481705849723726,"18",30.1207662211161,1.25574603238169,14.6288048290044,6.63581290454513,0,0,2.37194299252232,0.753457703330499,-0.0527439349475213
136,0.00372291432397991,31.32773436375,15.2501856675,0,2.99803087125,2,1,0,1163.393954875,-0.000174346081921009,-0.045767063071759,"18",30.1431656579018,1.16023599436871,13.0722668003572,3.39658920928533,0,0,2.62440719308036,0.750250141763966,-0.0442021344681945
137,0.00373577827646467,31.3248592657143,16.31819631,0,2.99811148314286,2,1,0,1149.25568571429,-0.000161482129436249,-0.0423176743963332,"18",30.0998402780714,0.855602390698,13.3936950708857,5.30662910679099,0,0,2.395518892975,0.825114916140091,-0.0352865864770419
138,0.00375069360791117,31.30376068875,16.61016292125,0,2.998074051,2,1,0,1135.095140875,-0.000146566797989749,-0.0383330602782799,"18",30.3707108538214,0.663504878294702,13.28130798645,7.28414676511875,0,0,2.682306505975,0.670119989663503,-0.0257217072920684
139,0.00376987795165824,31.3008291957143,16.3321072857143,0,2.99701076828571,2,1,0,1120.968347,-0.000127382454242679,-0.0332312180321095,"18",30.73368060225,0.567489226776669,9.09138288547858,5.49977766116559,0,0,3.13052166451786,0.333883151429859,-0.0151903738661511
140,0.00380503924412033,31.33059914875,16.01921716,0,3.725731270375,2,1,0,1106.80618575,-9.22211617805893e-05,-0.0239475405579395,"18",31.0625796302232,0.365713421965909,11.3372977285714,5.40722403309711,0,0,3.0989819065,1.06527940842137,0.00316556187323522
141,0.00382251494860074,31.3639072157143,16.43874735,0,4.49652973057143,2,1,0,1092.66076028571,-7.47454573001793e-05,-0.0193652762674601,"18",31.1122714420536,0.318622577554354,11.6934835064286,5.84511638927075,0,0,2.90943336737947,1.23699647399709,0.00790826162145795
142,0.00382138146083595,31.39138933375,15.704932925,0,4.497111076875,2,1,0,1078.47373725,-7.58789450649691e-05,-0.0196618495548853,"18",31.1211951504018,0.408055531379054,14.6109795637053,3.00429297833098,0,0,2.73729155985714,1.33027209521455,0.0062391272030581
143,0.00380664549267291,31.4263590514286,16.3400533142857,0,4.497167225,2,1,0,1064.301088,-9.06149132280094e-05,-0.0235254924595845,"18",31.1364264847768,0.451409010672422,15.1423835145982,1.08328347314116,0,0,3.08720316631697,1.08434120393236,-0.00110872946965452
144,0.00376812289797966,31.42297347875,15.88067747125,0,4.497111076875,2,1,0,1050.090951875,-0.000129137507921259,-0.0336968729713263,"18",31.1669729141518,0.341602858038974,12.9339944658572,3.75564858393742,0,0,3.25851213675,0.852191753547945,-0.0116919989637445
145,0.00372472669098938,31.3402306814286,7.418936897,0,4.49606651042857,2,1,0,1035.92407028571,-0.000172533714911539,-0.0452803674877664,"18",31.1574809428571,0.229892406630089,12.388728532692,5.42595828013371,0,0,3.18007715844196,1.53707803757344,-0.0216385104996908
146,0.00368032541346717,31.06621662125,4.305696402375,0,5.226850603875,2,1,0,1021.8093675,-0.000216934992433749,-0.0572726689131349,"18",31.1360099736607,0.320898045573548,13.0981857565089,3.88580573585935,0,0,3.11074398092857,1.41391351508938,-0.0302781094195967
147,0.00365024247372923,30.71436234,7.50703756371429,0,4.947734648,2,1,0,1007.86375185714,-0.000247017932171689,-0.0654802479865157,"18",31.1209350356696,0.496921518042374,14.563684663125,1.52336403831813,0,0,2.67313791803572,0.788560867533197,-0.038664680076183
148,0.00364675453422699,30.41122158125,14.66668204,0,3.197624682375,2,1,0,994.047576075,-0.000250505871673929,-0.0664362411624699,"18",31.2115461192411,0.625475152203422,12.71089641075,2.94214960422313,0,0,2.97016093121429,1.17347700799786,-0.0464619362439159
149,0.00366939257654689,30.3389251728571,15.9659032942857,0,4.37889609128571,2,1,0,980.357684714286,-0.000227867829354029,-0.0602477067857095,"18",31.3459463329464,0.624096381785245,13.5488329677634,1.59937139590312,0,0,2.83114155297321,0.19370170967963,-0.0525080650102147
150,0.00370395607707689,30.5451639825,15.53446677,0,2.641057842875,2,1,0,966.593648825,-0.000193304328824029,-0.0508723864573941,"18",31.4782947082857,0.493202783797132,14.7380981647857,2.19428839632863,0,0,2.93714333306072,0.139669410495842,-0.0580441101768002
151,0.00373878678566485,30.7924747828571,17.1902880871429,0,3.00313591514286,2,1,0,952.757049328571,-0.000158473620236069,-0.0415126752406261,"18",31.4452743792411,0.474675362072263,13.7613309629464,2.00675456790159,0,0,2.99825933804018,0.000563151747440964,-0.0544981748540745
152,0.00377365580882402,30.9818398775,12.79136554875,0,2.998117230875,2,1,0,938.7851979875,-0.000123604597076899,-0.0322296032713334,"18",31.4421494041964,0.582575941945091,11.7977107850446,1.65940397415343,0,0,2.99477518937946,0.00623417197072431,-0.0452542584866903
153,0.00381945972914792,30.8636703157143,9.67725306714286,0,2.99811148314286,2,1,0,924.817147957143,-7.78006767529994e-05,-0.0201648652911022,"18",31.3482577668304,0.712862082558486,12.3984694469464,2.14946955187151,0,0,3.49970689357143,0.651537114376453,-0.0331964681515062
154,0.00387596792459209,30.59819370125,9.458939541,0,2.998074051,2,1,0,910.9143887125,-2.12924813088292e-05,-0.00547842752334926,"18",31.201035235625,0.828505771674904,11.7614531727054,3.54231492631817,0,0,3.09369207918304,1.6632132264461,-0.0213955687963984
155,0.00392468756644091,30.30851259,9.71012605228571,0,2.99777368914286,2,1,0,897.1614881,2.7427160539991e-05,0.00701290071041427,"18",30.9827533575446,1.00172278173839,12.7641684517991,3.48675930488525,0,0,2.02063355734375,1.61612964372975,-0.0117340215382324
156,0.00395398335131271,29.96047989875,13.759869315875,0,2.985289973875,2,1,0,883.5306792375,5.67229454117909e-05,0.0144496675082646,"18",30.8172993303125,1.05918094272947,16.3835152374107,2.73811146907939,0,0,2.37621149279018,1.66630263529904,-0.00386126614502253
157,0.00396766564603263,29.9020183457143,20.1411888071429,0,4.39404231614286,2,1,0,870.043721628571,7.04052401317105e-05,0.0179040765548901,"18",30.7846504816518,0.994288110766209,16.3974449266072,0.332588840456917,0,0,2.26757306233482,0.886823483473591,0.00427433043491396
158,0.00394250675631714,30.15755949375,16.52320494125,0,3.07216458,2,1,0,856.4578885875,4.52463504162209e-05,0.011542907003486,"18",30.7758218899553,0.928298330761991,15.5446042300893,2.52623360728209,0,0,2.62494478001786,1.43804398513994,0.00951400524131509
159,0.00391452219205449,30.2195077928571,14.8561416214286,0,4.503612302,2,1,0,842.829828685714,1.72617861535704e-05,0.00441943015968072,"18",30.7492741437053,0.849035194102928,14.8042915809821,2.61379940749948,0,0,2.62333962670982,1.43523584648743,0.0136145174396331
160,0.00389768951065495,30.11921143625,13.5982295825,0,4.497154256625,2,1,0,829.186456575,4.29104754030678e-07,0.000110098139962211,"18",30.7342170934375,0.85135738631479,15.025510866875,2.94948704180024,0,0,2.62329785598214,1.43527547326871,0.010189044130316
161,0.00386123801108554,29.9705756514286,13.4219670585714,0,4.497167225,2,1,0,815.629977828571,-3.60223948153793e-05,-0.00928598571524031,"18",31.0055411046428,0.887151173851922,13.354684326725,3.76356978687924,0,0,2.40663071847857,1.33404606108958,0.00299477346828277
162,0.00382128627228002,29.86437798625,16.16787999,0,4.497111076875,2,1,0,802.1002639125,-7.59741336208994e-05,-0.0196867593263859,"18",30.9414457389732,0.978897109569101,13.4761949759955,4.25030758204939,0,0,2.63404236221875,1.42415200824127,-0.00764273325478242
163,0.00379785166506233,29.8210173971429,18.8887645628571,0,4.497167225,2,1,0,788.631700842857,-9.94087408385893e-05,-0.0258382900362735,"18",31.0808024490179,1.10317810860336,13.9399356962232,5.58873691599136,0,0,3.63467720118304,0.982214805721576,-0.0182744378444794
164,0.00378751025080494,29.9671677575,21.42033517375,0,4.497111076875,2,1,0,775.120948275,-0.000109750155095979,-0.0285649682110511,"18",31.2220144502232,1.12081239083065,14.0744537146205,4.06125445398127,0,0,3.62591054621875,0.75094699097514,-0.0255959404900736
165,0.00378302680614227,30.3773973671429,19.8120853128571,0,4.497167225,2,1,0,761.5127056,-0.000114233599758649,-0.0297494139206904,"18",31.3415763891518,1.13004443096642,14.6293484530982,3.86541247052735,0,0,3.15054271121428,1.22574624772263,-0.0285294592678771
166,0.00377281737863418,30.75908480375,18.14393366125,0,4.497269966,2,1,0,747.687577825,-0.000124443027266739,-0.0324518077767335,"18",31.4519788262054,1.06029159625506,15.5595089247321,2.62749262036961,0,0,2.57674305503125,1.42036392416462,-0.0297851543398635
167,0.00377397884749888,31.0661012285714,18.2379638414286,0,4.49478109,2,1,0,733.734417857143,-0.000123281558402039,-0.032144003296982,"18",31.4820885588839,0.918615357434719,16.8145754794197,0.664413551833116,0,0,1.92278367666964,0.860194207925171,-0.0308673369977152
168,0.00381084104981608,31.26221234125,17.33330108625,0,3.21302457925,2,1,0,719.642144425,-8.64193560848395e-05,-0.0224239329270892,"18",31.4471515425446,0.757703560086634,18.0604763938393,1.60261435630638,0,0,2.42915302055357,1.08957084423079,-0.0320697951203708
169,0.00386701454338842,31.3668987714286,19.1552324728571,0,3.72046397971429,2,1,0,705.506661042857,-3.02458625124993e-05,-0.00779107255383948,"18",31.4347244589285,0.520186545468744,18.5364536978572,1.5054290040479,0,0,3.00190285211161,1.22319251168096,-0.0331899453167374
170,0.00392675200653958,31.57120246,19.27875849,0,4.495171601875,2,1,0,691.2904018125,2.94916006386607e-05,0.00753877627106014,"18",31.5009503655357,0.382166003673231,18.0849578225,1.16600551217654,0,0,3.00427539925447,1.22586848961266,-0.0327935772028897
171,0.0039841992324365,31.9192890071429,19.59499309,0,4.50175752414286,2,1,0,676.956704314286,8.69388265355804e-05,0.0220624997842265,"18",31.5347305538839,0.452943811783563,16.5720587953125,1.83085608552821,0,0,2.68610865733036,1.36504806096613,-0.0298495771627622
172,0.00401764533179982,32.19756856125,18.37500567125,0,3.48526343075,2,1,0,662.468518425,0.0001203849258989,0.0304221456225502,"18",31.5237539075447,0.593585119793068,16.7302020633482,0.867799751922385,0,0,2.62294113936607,1.43547245225238,-0.0247779699108124
173,0.00401123261137298,32.4063573014286,17.2525897671429,0,2.99890748371429,2,1,0,647.884835371429,0.000113972205472061,0.0288247314692613,"18",31.5063743792411,0.726999435295466,15.3957823283928,2.28669545208476,0,0,2.19453789621428,0.631680706234939,-0.0193399865428925
174,0.00400063203891169,32.54633435125,17.911878005,0,2.998074051,2,1,0,633.2050242875,0.000103371633010771,0.0261785114330433,"18",31.4476494690625,0.799156874436674,13.9659902409375,3.01402858593215,0,0,2.29046556562947,0.706832904841378,-0.0165932289059221
175,0.0040225382100373,32.53156909,13.70801015,0,2.99811148314286,2,1,0,618.503770657143,0.000125277804136381,0.0316392518476301,"18",31.3718436224107,0.703088761050439,11.5543359768705,3.9345822283635,0,0,2.52931562975,0.711972252527811,-0.0168816802960702
176,0.00407605341398382,32.2633754725,6.263000294625,0,2.998074051,2,1,0,603.8523493875,0.000178793008082901,0.0448553723898124,"18",31.2857733523214,0.442031382373571,11.7190329699286,2.84963724443237,0,0,2.56949447050446,1.34400009377793,-0.0159348258517195
177,0.00413283059517111,31.7043575842857,8.37325086271429,0,2.99811148314286,2,1,0,589.394068442857,0.000235570189270191,0.0586886986126842,"18",31.3190410532143,0.199872817948086,12.9415314299107,4.12037288258134,0,0,2.79756117307143,1.1516166472984,-0.0123682385554456
178,0.00417463698047208,31.18771248,17.8671709075,0,2.998074051,2,1,0,575.2029159125,0.000277376574571161,0.0687535557628305,"18",31.4837120529018,0.245836969026779,12.9990348849464,3.94487806416811,0,0,2.62427465712946,0.750158935831551,-0.00797520382600138
179,0.00416512828942479,31.2677867428571,17.3632877542857,0,2.99811148314286,2,1,0,561.114977385714,0.000267867883523871,0.0664732290073697,"18",31.5621798006696,0.258864451559757,14.6238289223125,1.9669017036786,0,0,2.62333818971429,0.749521632302951,-0.00343199363028596
180,0.00414865155101249,31.44681001125,16.94999702625,0,2.998074051,2,1,0,546.9335813625,0.00025139114511157,0.0625095061509899,"18",31.5026000543304,0.219894494360921,17.2643021467411,0.513099400362124,0,0,2.62333494762946,0.749531948330811,0.00267797688627623
181,0.00412568461363398,31.6193659785714,16.6318530457143,0,2.99811148314286,2,1,0,532.696410228571,0.00022842420773306,0.0569581252670295,"18",31.4818423109375,0.163458949328169,15.3635376945089,2.96777966207677,0,0,2.62490875614286,0.750574553889882,0.00981342321997718
182,0.00408901721629337,31.64158033375,11.24300657375,0,2.998074051,2,1,0,518.391419875,0.000191756810392451,0.0480308042929156,"18",31.5300210153571,0.104405744147718,13.9930894839375,5.14920224827326,0,0,2.25303293222322,0.860351931378063,0.0174920247837314
183,0.00408309738659578,31.4692876514286,18.13897527,0,2.99811148314286,2,1,0,504.1422405,0.00018583698069486,0.046582016341242,"18",31.6656037025,0.221958156930549,14.4820729884911,8.28115712034945,0,0,2.24872129085715,0.865299680479319,0.0255784493980592
184,0.00410447494052341,31.58483542,23.07873780625,0,2.998074051,2,1,0,489.9135982375,0.000207214534622491,0.0518039798561514,"18",31.8377183878572,0.446858307532973,15.2798552586429,7.31459646312477,0,0,2.47656609803572,0.708010510929061,0.0329371325243284
185,0.00411912100456717,32.0915564414286,21.5145679285714,0,2.99811148314286,2,1,0,475.547394814286,0.000221860598666251,0.0553659445418262,"18",31.9888828968304,0.592194245221845,16.4728578242322,2.359542517809,0,0,2.6236133685,0.749705270496132,0.0390603748579401
186,0.00413171304460913,32.55491966875,19.5114881225,0,2.998074051,2,1,0,460.9351639375,0.000234452638708211,0.058418254026642,"18",32.1337798158036,0.681840888482995,15.6320771809286,4.35559443584394,0,0,2.62304897394643,0.74934146660337,0.0443506021971911
187,0.00414821439962041,32.9406950357143,19.8072711257143,0,2.99701076828571,2,1,0,446.152039971429,0.00025095399371949,0.0624041286784482,"18",32.269909791875,0.882365391352516,15.1110256044375,7.88896534416945,0,0,2.8054118682009,0.935960560264911,0.0483004765223462
188,0.00417268599103113,33.2517015075,18.26083616375,0,3.725731270375,2,1,0,431.185375725,0.000275425585130211,0.0682861030390312,"18",32.0120996470833,1.01656718844425,10.5963392432917,4.94537009342164,0,0,2.8027679485,1.21883400194513,0.0496577012911845
189,0.00419438912328846,33.4149805971429,17.5321479742857,0,4.49652973057143,2,1,0,416.130343528571,0.000297128717387541,0.0734738610348415,"18",31.844259482381,0.928917272871746,13.3574905100476,4.00938725827238,0,0,2.577943668,0.551839789468414,0.046030605002483
190,0.00417158034781168,33.4081843625,14.48570266625,0,4.497111076875,2,1,0,401.0194351625,0.000274319941910761,0.068021096349522,"18",31.7124785483333,0.632902718561864,13.35291803875,4.91570542573394,0,0,2.499019887875,0.866053430267938,0.0411476903021744
191,0.00411845007890387,33.1673763342857,7.587726241,0,4.50175752414286,2,1,0,385.981560985714,0.00022118967300295,0.0552030504941277,"18",31.8257046322143,0.470417602439738,12.8930573318286,6.85293194102861,0,0,2.79566433817857,0.754910754991178,0.036493922181125
192,0.00406014032496189,32.61272445375,5.1200035015,0,3.48526343075,2,1,0,371.102403325,0.000162879919060971,0.0409436885159495,"18",31.7614330762053,0.237056325979836,12.5758000550848,6.35416979354073,0,0,2.44836912430804,0.713875086086252,0.0373648487190111
193,0.00400331044149272,31.8707729028571,10.6793675902857,0,2.99890748371429,2,1,0,356.544479214286,0.000106050035591801,0.0268477822631716,"18",31.7885887072322,0.556415546561974,13.2368839089911,6.8823600572499,0,0,1.87009676589732,1.43289372876516,0.0369775984254088
194,0.00396477088422422,31.48456985375,19.13812204,0,2.998074051,2,1,0,342.2571328,6.75104783233009e-05,0.0171742221519251,"18",31.9901286116071,0.678477611499397,10.2411714283571,5.73506707019836,0,0,2.21940629821875,1.8877344886202,0.0381992846006288
195,0.00398178511082732,31.6047931728571,18.5069577242857,0,2.99811148314286,2,1,0,328.027882371429,8.4524704926401e-05,0.0214563922353168,"18",32.01032445625,0.798485556413729,12.4330129769107,5.0165567195081,0,0,2.837204602625,1.26562372815487,0.0410399247715369
196,0.00401731946705744,31.8975072075,18.2339078725,0,2.998074051,2,1,0,313.6756831,0.00012005906115652,0.0303410339456223,"18",31.9431506390625,1.04102776286531,13.8074533411161,3.82151461804033,0,0,3.50714509621875,0.779123642661359,0.0456412543490986
197,0.00403912999146094,32.1651871914286,17.8815367357143,0,2.99811148314286,2,1,0,299.210633885714,0.000141869585560021,0.0357554729631362,"18",31.9329813911607,1.21561421955464,15.0397052715625,2.18630576867042,0,0,2.84934371913839,0.959763513556435,0.0514005459017588
198,0.00405983242399969,32.3885332225,17.283881195,0,2.998074051,2,1,0,284.6214967,0.00016257201809877,0.0408678505878468,"18",31.9308078970982,1.21097809385114,15.2295008446428,2.13527931435307,0,0,1.87392316802679,1.43543854017248,0.0564132838863439
199,0.00408689886235202,32.42404446,14.0537263985714,0,2.99811148314286,2,1,0,269.976167614286,0.000189638456451101,0.0475126106332562,"18",31.8639602175893,1.02206336803729,16.4356896283482,2.24377259873229,0,0,2.30268421275,0.807815843676007,0.0520674512023493
200,0.00409316013560207,32.31890285125,13.8525323275,0,2.998074051,2,1,0,255.349551425,0.00019589972970115,0.0490434735087746,"18",31.7436839530357,0.831864361034849,17.0892632678571,2.17713803590811,0,0,2.62334573157143,0.749539137400392,0.046658456276662
201,0.00407805743711011,32.2294047,14.67943687,0,2.99811148314286,2,1,0,240.775176785714,0.000180797031209191,0.0453469092732526,"18",31.6984321096429,0.729693913645746,17.6482614199554,1.38806906479995,0,0,2.62332883167857,0.749515393612476,0.0385014275824059
202,0.00403522803798347,32.18740358375,18.81528652375,0,2.998074051,2,1,0,226.22280355,0.00013796763208255,0.0347889679678568,"18",31.7125197902678,0.787097143235413,14.7994472665357,3.11253330554597,0,0,2.62333351069643,0.749530990338663,0.0307193525710435
203,0.00398682642164769,32.34427464,18.2467128928571,0,2.99811148314286,2,1,0,211.661076971429,8.95660157467703e-05,0.0227216845251661,"18",31.6521432721875,0.902756488703705,15.5649779969643,1.24419424067615,0,0,2.62335741439732,0.749534450061617,0.0255590907607273
204,0.00397540005335467,32.44687235875,14.99641797,0,2.998074051,2,1,0,197.018719325,7.81396474537508e-05,0.0198515386216727,"18",31.5651629525,0.831102800010696,13.9490456368839,3.96028299797821,0,0,2.72433173876786,0.838771544266837,0.0232752858927823
205,0.00399231809807165,32.3104529628571,8.28042435342857,0,2.99811148314286,2,1,0,182.383544271429,9.50576921707304e-05,0.0240981922798156,"18",31.406795233884,0.623721334878975,13.5576257874331,5.31328918783003,0,0,2.99924978783482,1.22584874113322,0.0224814374754321
206,0.00400678133316448,31.93730843625,5.782812454375,0,2.998074051,2,1,0,167.8606685875,0.00010952092726356,0.0277144119847712,"18",31.16630223375,0.400546788266721,14.0157737215857,5.06773906132129,0,0,2.18169468953571,0.765396113626143,0.0225294956475069
207,0.0040213176584195,31.4998219028571,5.61429550528571,0,2.99811148314286,2,1,0,153.530215714286,0.000124057252518581,0.0313357775893186,"18",30.8733977327143,0.361248113511784,14.2922928296857,3.68921087690902,0,0,2.04972585106786,1.32460859646212,0.0239851868154841
208,0.00404381022896845,31.05858766875,10.81449251475,0,2.998074051,2,1,0,139.398711125,0.000146549823067531,0.0369135262920288,"18",30.6206642069643,0.406946816359354,15.4720400567429,3.04401276521196,0,0,1.69055163819286,1.48271721799676,0.026426837553641
209,0.00406963154445649,30.7720449614286,17.1065121871429,0,2.99811148314286,2,1,0,125.444649442857,0.000172371138555571,0.0432786183825318,"18",30.5364516246786,0.532377247073908,14.3997113389286,2.72766142229527,0,0,2.36785801608572,2.31389478249212,0.0293404318771835
210,0.00408990000804482,30.7774291525,17.70534525125,0,2.998074051,0.25,0.125,0,111.5408723,0.0001926396021439,0.048246674366931,"18",30.6004390834286,0.723261676096549,10.9014613276964,1.49999271184277,0,0,3.16779067692143,1.3948294093983,0.0335618077299396
211,0.00413245328380205,30.9372052385714,11.9091810248571,0,3.00270178242857,0,0,0,97.59753902,0.000235192877901131,0.0585973983341415,"18",30.1952568526488,1.16364742713788,10.6023083840774,7.74393192447799,0,0,2.49244963419345,2.73313379155073,0.0395483839099311
212,0.0041745637935341,30.74648811625,3.82487629375,0,1.98622640525,0,0,0,83.64718632375,0.00027730338763318,0.0687360242797075,"18",29.4458972491072,1.46707353705166,12.1921921453929,9.58466631693176,0,0,2.33164035926429,2.59973974530442,0.046428266610777
213,0.00418211648382111,30.3548077471429,3.16711355957143,0,1.495261443,0,0,0,69.8445400142857,0.000284856077920191,0.0705436062170373,"18",28.69189730625,1.52324720558135,18.7587846107708,10.7451398156475,0.02829058375,0.0653562002268657,-0.0253851831607138,1.99481021412859,0.0526061468940204
214,0.00420241785383649,29.9326908375,3.066903081375,0.1615296895,2.51663836425,0,0,0,56.22716172875,0.000305157447935571,0.0753861910015612,"18",27.5478708902143,1.69275171859742,18.3801367733286,14.0943488908871,4.33697959768572,7.20739782722473,-1.57432991757857,1.85944280041013,0.0629635864568926
215,0.00425576720036242,29.2401473885714,2.96982708,16.6180828784286,-2.94464527642857,0,0,0,42.8313074414286,0.000358506794461501,0.0880012029492523,"18",25.6813061129286,1.85681148940379,18.72691220555,14.2064709421751,8.97237949767858,12.6234980016257,-7.25568300198215,6.2734426109741,0.0719771390039883
216,0.00431750172734334,27.33558728625,3.469341308,26.53179337125,-10.755637517375,0,0,0,30.02225795875,0.00042024132144242,0.102403082351084,"18",22.9285252765178,1.69733404304294,15.3891837535089,14.6238781076963,14.9004548558036,17.4413172804954,-13.1970400594911,9.41502709078848,0.0851771442209138
217,0.00438054726985287,24.3099299214286,2.778842147,33.3012258257143,-13.4027318657143,0,0,0,18.3491796871429,0.000483286863951951,0.116899814937665,"18",18.3789773212202,2.6345235336398,20.5513052632559,14.2830651784913,10.6842483241964,16.8680340158643,-6.12148793090477,19.3118257579511,0.0980691699626492
218,0.00444394019561858,20.2354131475,2.086473041,37.19156345375,2.2945717545,0,0,0,8.370306232125,0.000546679789717661,0.131267564929235,"18",13.5143588193054,3.43173468828992,17.7093244852232,13.2855187828807,13.4755351917857,17.7170594408593,70.5873890835589,95.0691774415798,0.111770739748594
219,0.00450725036345214,15.3869311014286,2.34797628928571,40.4090593114286,62.3391243357143,0,0,0,0.338124443,0.000609989957551221,0.145413442335274,"18",4.95970944045238,5.29949676232573,10.1330470058482,10.3969477948443,14.141536427314,23.0169725061861,89.4706761116838,234.168712501222,0.124092261352182
220,0.00457009675112776,10.35690955425,2.378448031875,29.56886497125,234.096992425,0,0,0,-5.39972911075,0.000672836345226841,0.159260525559901,"18",4.17822874982486,4.3283537082756,7.50506539867376,7.86522533356364,12.994624443081,22.291482137712,190.138893462512,306.531114256461,0.137518954065054
221,0.0046319205727431,8.66657445442857,2.35688811628571,7.221571817,460.0467684,0,0,0,-9.43047191085714,0.000734660166842181,0.172697742276426,"18",2.98522021134099,3.54891338728099,5.82263418994133,6.05985560406837,14.0012456396037,23.7736852021343,192.688844042764,319.6821394272,0.146617095581667
222,0.00469082381852959,7.635226636625,4.5803963645,0.51173575575,608.894373,0,0,0,-11.674478155,0.000793563412628671,0.185334370693104,"18",6.5736518195,2.13519333931663,5.8785605191199,6.04278430299568,9.19914254618877,15.452567845634,510.058006247704,169.19547069075,0.15062387328142
223,0.00473466354921966,6.879909108,18.2925753242857,0.000751254714285714,621.257988057143,0,0,0,-11.5019028714286,0.000837403143318741,0.194636817174651,"18",6.70634867164063,2.01211960143605,5.71628999979241,5.6133263527327,8.11321669738392,14.6322943972438,522.412552091741,160.494856518511,0.148416306966728
224,0.00474532326687351,7.923762701125,21.851185205,0,492.4654344125,0,0,0,-9.2492469735,0.000848062860972591,0.196885706783547,"18",3.24346358602679,3.66908797900574,5.66510027750244,5.95979554679574,13.6930786476672,23.2457234850958,204.841476968093,317.142341662395,0.145168170765291
225,0.00471486748196566,10.2813842302857,28.0883936714286,0,248.496405557143,0,0,0,-5.39318679271429,0.000817607076064741,0.190446959343713,"18",4.40706877961839,4.4077218630934,7.31519068138492,7.77533830403163,13.6084852033836,22.0901000890861,191.766971201864,300.697512680914,0.136069515965398
226,0.00465827158291496,13.612900575,29.04089508875,0,23.617536454375,0,0,0,-0.215755403125,0.00076101117701404,0.17837062392002,"18",4.58348373895031,5.08032768612008,9.3109666544177,9.8006714746714,14.7563858371972,23.3318798381586,92.3338560967842,239.001663234883,0.129935918395946
227,0.00459733449326255,16.7955082828571,29.0408576028571,0,-16.7313432142857,0,0,0,6.38591050828571,0.000700074087361631,0.165202827381122,"18",13.1497866566885,3.42835728117981,16.4502652499306,13.4437456171758,14.9728168797619,18.1082889731991,80.2894704499861,95.4408206947489,0.115880900335712
228,0.00453490593030342,19.64939337,25.51138684,0,-31.790857265,0,0,0,14.500336985,0.000637645524402501,0.151530490432291,"18",17.3661517001563,2.86377050133795,16.4822157391027,15.0525586485118,16.5849339525446,18.2570787986813,9.79646148514509,26.0825760505491,0.106414669137137
229,0.00447183447324374,21.3528443028571,24.3093337428571,0,-23.5911758642857,0,0,0,23.7252251114286,0.000574574067342821,0.137524871568198,"18",21.5607217933631,2.58724271694303,16.5205942730476,15.1555037460234,14.4192909857738,15.9847213867968,-12.8176574238631,10.7576016414195,0.0963921235828967
230,0.0044084787682923,23.00100747,28.10034928,0,-6.565493119125,0,0,0,33.7186131,0.000511218362391381,0.123255830203997,"18",24.3094659096428,2.48079579057493,15.8132586931786,14.0405211373371,11.8604151809821,13.3239131671535,-11.5599140536488,8.46909544948463,0.0838823234091269
231,0.00434511828211345,25.0058241785714,27.0431891114286,0,-1.09195232957143,0,0,0,44.5482306585714,0.000447857876212531,0.108779132013334,"18",26.2744463255357,2.20660168508396,16.1007313512917,14.2421911439332,10.2466633944703,11.7143057043673,-6.53717671438989,5.88067797676476,0.0703747326094619
232,0.00428205797344994,26.6785452875,25.199609535,0,-2.8369600375,0,0,0,56.25427568125,0.000384797567549021,0.0941598803725086,"18",27.9453408814286,1.80006140677115,15.827931158003,14.0713559241403,3.64107127965477,6.66805796874435,-0.892501870607143,2.35698089432623,0.0617213260024258
233,0.00421976926393819,27.7703347128571,19.6401553457143,0,-0.955652630857143,0,0,0,68.5947769528571,0.000322508858037271,0.0795066015305723,"18",28.380778126875,1.37516371892981,16.5169163022277,12.7935450682133,0.042435875625,0.0794902366200267,0.401954120223215,2.42854449163918,0.0557222885445037
234,0.00415962850792377,28.435873835,27.6854555675,0,6.062489077875,0,0,0,81.27359425875,0.000262368102022851,0.0651519214177494,"18",29.2845222999107,1.54808541537976,16.0770354539777,9.95536569035271,0,0,0.683338725816964,1.9076845324458,0.0478264003023887
235,0.00410853129204559,29.8679386928571,25.8439695357143,0,7.07501653342857,0,0,0,94.4287821742857,0.000211270886144671,0.0527917671872116,"18",29.8665391230357,1.53845045903079,11.7406844151295,10.7879180662303,0,0,2.28773642961161,2.9440520861032,0.0444969043982973
236,0.0041107614694262,30.6235913575,11.572338170875,0,2.640287747125,0.375,0.125,0,108.1676467,0.000213501063525281,0.053334436111605,"18",30.2696159243303,0.97663790111753,14.0614373090759,7.98333309259591,0,0,3.71723573675446,2.46206407086346,0.0394335614836317
237,0.00414206344447753,30.5700791771429,15.2331653071429,0,-1.49811338928571,3,1,0,121.995705728571,0.000244803038576611,0.0609202324233804,"18",30.4131025034822,0.712360117851013,12.9711625307545,3.21346611627044,0,0,3.66106320472322,0.983040640649104,0.0362047471986819
238,0.0041661188614656,30.6286131725,17.8420633025,0,0.2449516835,3,1,0,135.80085545,0.000268858455564681,0.066711025823083,"18",30.4457559874554,0.56877054646999,14.8431258516964,2.56547089869689,0,0,1.83300695873661,2.28728443082853,0.0340772876648867
239,0.00418124866718175,30.9430634057143,17.7423427885714,0,3.00968188728571,3,1,0,149.698521471429,0.000283988261280831,0.0703360781213362,"18",30.5613767869286,0.476342914258812,13.0027795442143,3.79477771457968,0,0,1.79810048699643,1.55108768419026,0.0328161149562165
240,0.00417341178800085,31.26422208,17.86082473375,0,2.998117230875,3,1,0,163.7472726625,0.00027615138209993,0.0684600279014935,"18",30.8694488416428,0.505779705277608,12.56023615375,5.00796524835815,0,0,2.44108213111786,0.693530142911521,0.0310571326968595
241,0.00416855074325151,31.5622792671429,16.8613865957143,0,2.99811148314286,3,1,0,177.939882085714,0.000271290337350591,0.0672945838792272,"18",31.1210203308571,0.623099988985754,14.1177936673321,5.04609983809486,0,0,2.78385700094643,1.16573738886723,0.0291887542855603
242,0.00417933297563294,31.79000564625,16.06862471875,0,2.998074051,3,1,0,192.2558107,0.000282072569732021,0.0698778105944218,"18",31.4676534385714,0.803821653097005,14.2009397847857,4.12222233098537,0,0,2.72434577582143,0.83876650296622,0.0281455039377271
243,0.00416124197717985,31.9224037614286,16.0824958085714,0,2.99811148314286,3,1,0,206.650685514286,0.00026398157127893,0.0655397340247141,"18",31.5940714046875,0.883314683908859,15.5914500940625,1.19814211397946,0,0,2.62334337734375,0.749537569833554,0.0285393469397705
244,0.00412916126045323,31.97505706625,16.03591921875,0,2.998074051,3,1,0,221.0803179625,0.000231900854552311,0.0578004540018382,"18",31.6784493446428,0.773114030412942,14.8559679435,3.1042416792356,0,0,2.62334754775,0.749527870785715,0.0313672015320272
245,0.00414275492784471,32.0199739614286,18.39232296,0,2.99811148314286,3,1,0,235.538619257143,0.000245494521943791,0.0610871602475083,"18",31.686052425625,0.722810689173339,16.1305044790625,2.00073801490582,0,0,2.623314794625,0.74951851275,0.0380145019588028
246,0.00419314378345731,32.18893082125,19.92105694,0,2.9981229345,3,1,0,250.0300129875,0.000295883377556391,0.0731769108292326,"18",31.6810048064286,0.794578259079807,17.0106235075,1.62156365908313,0,0,2.62334754775,0.749527870785715,0.0469914814043676
247,0.00424967723660719,32.6072205028571,19.1946752628571,0,1.71553300742857,3,1,0,264.655361757143,0.000352416830706271,0.0865691873272896,"18",31.729528380625,0.922803144737873,16.8108201840625,2.48718900430642,0,0,2.6233270155,0.749526660354238,0.0540777048779365
248,0.00430207998923879,32.92997864875,16.07312988875,0,-4.59251249999993e-05,3,1,0,279.461155525,0.000404819583337871,0.0988247754890699,"18",31.84496489,1.12821814993477,16.6897223039285,2.2657079120062,0,0,2.30286230246429,0.808020291858706,0.0559903936130878
249,0.00431793287840542,33.0079417042857,15.6651261728571,0,3.12840509085714,3,1,0,294.364716428571,0.0004206724725045,0.1025029385997,"18",31.9268577296875,1.19675813820267,15.3762379015625,1.81167134452068,0,0,2.06659003009375,1.66939995843752,0.0534691940598779
250,0.00427257104053181,33.01808629375,14.3481302475,0,3.747481945125,3,1,0,309.276006775,0.000375310634630891,0.0919419147377694,"18",31.9583947267857,1.04112478708059,13.5626898476786,4.06200017437148,0,0,3.03155659760714,1.22515188546037,0.0481177474143609
251,0.00421519003192674,33.0262381457143,13.3252086442857,0,1.50077546228571,3,1,0,324.203242371429,0.00031792962602582,0.0784208269127884,"18",32.0164261028125,0.79560924190175,13.2417972475625,5.14301107640774,0,0,3.50705671884375,0.778997772180244,0.0423157555063967
252,0.00415627213680385,32.98897319125,8.27889625875,0,1.498741455625,3,1,0,339.1170747875,0.000259011730902931,0.0643447036875626,"18",32.0500380478571,0.68825068016944,13.2207340986428,3.98752699726128,0,0,2.80699429125,1.21310695410493,0.0376095150505719
253,0.00409965409041772,32.5874583271429,3.76254208328571,0,1.49905574157143,3,1,0,353.952027557143,0.0002023936845168,0.0506287544239701,"18",32.011340430625,0.668311616705222,11.3374777003125,6.02216645830701,0,0,1.8714940026875,1.43035058871903,0.0362672269702007
254,0.00406491901112225,31.96755555875,4.564015457375,0,1.4990370255,3,1,0,368.531854775,0.000167658605221331,0.0421199720102763,"18",31.8969812975,0.5142517974846,11.9739082391072,6.19523847786592,0,0,1.87338318764286,1.43631564438319,0.0350254361407086
255,0.00409113344120816,31.3783969128571,5.69817778371429,0,1.49905574157143,3,1,0,382.841610228571,0.00019387303530724,0.0485482091669498,"18",31.9168567621875,0.514440370269625,11.5227792531562,7.74419243202043,0,0,2.57003320153125,0.864490557685038,0.0344908873867557
256,0.00412575313713658,31.03417781125,8.0915523075,0,1.49898814225,3,1,0,396.929878925,0.000228492731235661,0.0569747341303604,"18",32.0050760457143,0.79804811586043,12.3785990765357,6.68424896700957,0,0,2.99918543332143,1.22584868644908,0.0362606246242598
257,0.00413107332726191,30.7941978714286,15.8080702657143,0,2.78273493271429,3,1,0,410.9015982,0.000233812921360991,0.0582634110223035,"18",32.136405001875,0.992924192889363,13.636114195625,4.05342326206732,0,0,2.998542685125,1.22397894696318,0.0436144361179967
258,0.00413235144585045,30.83880259375,16.28713414625,0,3.9121558945,3,1,0,424.8271382,0.00023509103994953,0.0585727545700188,"18",32.2369397610715,1.09181015061353,14.4011548761071,3.88249044134401,0,0,3.05759018364286,1.05984018702524,0.0475058993328103
259,0.00415103310320457,31.1099056714286,15.69818179,0,2.99874897771429,3,1,0,438.862384085714,0.000253772697303651,0.0630833959550667,"18",32.3220001121875,1.03590174510009,12.5124634734062,5.5669188217722,0,0,3.03350877896875,1.09696682094158,0.0512044961582083
260,0.00418142389950699,31.2726348025,10.680458896375,0,2.998074051,3,1,0,453.0340917,0.000284163493606071,0.0703779863318221,"18",32.1921581739286,0.77407206074533,15.4976343449286,8.12901947281424,0,0,2.62323174267857,0.749451011311727,0.0519896157824474
261,0.00423118080887379,31.1571144157143,13.9686457565714,0,2.99921219828571,3,1,0,467.169771471429,0.000333920402972871,0.0822072568422456,"18",32.0373359740625,0.542758981746317,15.558131430125,4.26260177002361,0,0,2.623314794625,0.74951851275,0.0498551181753572
262,0.00428825645948443,31.16882688375,18.172714265,0,2.4110418325,3,1,0,481.2317017375,0.000390996053583511,0.0956063820193593,"18",31.87304209,0.479078953725561,16.97362777575,3.26010261542576,0,0,2.62362272653572,0.749711502871034,0.045362684169599
263,0.00434155572875016,31.3975249257143,16.0136422942857,0,1.49964388771429,3,1,0,495.374486085714,0.00044429532284924,0.107958897830136,"18",31.7110381325,0.422047205351718,15.6708977280625,7.78565420754344,0,0,2.47655674,0.708001319840163,0.0385249954046138
264,0.00435951397418727,31.4827942075,15.40214212625,0,1.51690916925,3,1,0,509.577564925,0.00046225356828635,0.112086728346756,"18",31.6367167603571,0.242538605194328,13.2471323544286,6.80937257473647,0,0,2.24873064889286,0.865310486072841,0.0302239274979383
265,0.00431617068884319,31.5442927142857,17.8581719171429,0,3.00439374885714,3,1,0,523.817597657143,0.000418910282942271,0.10209474577872,"18",31.5730941859375,0.106516706301469,12.269097309875,4.39806178438421,0,0,2.2530235741875,0.860341125902055,0.0203581508375675
266,0.00425742776840284,31.74760981375,17.07832674375,0,2.998117230875,3,1,0,538.1076710875,0.000360167362501921,0.088391319240154,"18",31.4762887221428,0.156449819622606,16.7107493125,1.12443747510617,0,0,2.62491811417857,0.750580757512722,0.0100159037550713
267,0.00419586613437388,31.9368444528571,12.1862485801429,0,2.99811148314286,3,1,0,552.507871671429,0.000298605728472961,0.07382593877744,"18",31.4594610625,0.205827697625319,17.343838141875,0.392982157883991,0,0,2.62332558959375,0.749525709672231,0.000556940808469896
268,0.00413320980585975,31.772591115,8.0251813205,0,2.999947089625,3,1,0,566.9098231375,0.000235949399958831,0.0587804500828764,"18",31.5174239835714,0.297980516345707,14.7271516043214,2.13361830963515,0,0,2.62334754775,0.749527870785715,-0.00772094998832756
269,0.00407020769477837,31.2671483842857,8.65649135357143,0,2.43838700514286,3,1,0,581.1701123,0.000172947288877451,0.0434201814507329,"18",31.4636934871875,0.271229596325044,13.12500567325,4.13419720106933,0,0,2.62426529909375,0.750152718017625,-0.0142367075138738
270,0.00400741529540276,30.7290759925,12.73183799575,0,1.496959000125,3,1,0,595.1568447125,0.000110154889501841,0.0278726217849954,"18",31.4482023292857,0.247883389313302,10.5680514187143,2.88710071974044,0,0,2.79757053110715,1.15161881993836,-0.0189923575192399
271,0.00394588738891203,30.5845729428571,14.2833958385714,0,2.62550039585714,3,1,0,609.006361085714,4.86269830111104e-05,0.0124000225719785,"18",31.425527824375,0.655373462310334,11.1914703279063,3.73372211760878,0,0,2.56948511246875,1.34399611472276,-0.0215257015503987
272,0.00389364397708647,30.61792794625,18.20170876125,0,2.33350681125,3,1,0,622.8173119875,-3.61642881444935e-06,-0.000928372061464344,"18",31.4388920267857,0.819583956260927,13.4155884407143,1.75364840075427,0,0,2.52932498778572,0.71198046776201,-0.0217628721994031
273,0.00387602962516487,30.8507616385714,16.67119715,0,1.50455916185714,3,1,0,636.701512871429,-2.12307807360493e-05,-0.00546250889830002,"18",31.451340784375,0.805838559584014,15.0169572046875,3.57484056680066,0,0,2.29045620759375,0.706820413246113,-0.0223456404418161
274,0.00384965052198773,31.12170546375,16.19949319625,0,1.49908020525,3,1,0,650.6997496125,-4.76098839131893e-05,-0.0122914752823657,"18",31.4713801167857,0.66059030671791,15.2309602689286,2.05712254029486,0,0,2.19474625439286,0.632034137127367,-0.0266614865717406
275,0.00379878262367405,31.2562400257143,14.0500972,0,1.49905574157143,3,1,0,664.796019728571,-9.84777822268692e-05,-0.0255931923900032,"18",31.4715567225,0.490295535184481,17.010806039375,1.20785827788312,0,0,2.744530126125,1.49720372682513,-0.0326622160761242
276,0.00375543857691975,31.32918762125,17.65965687625,0,1.4990370255,3,1,0,678.9210529125,-0.000141821828981169,-0.0370687687903724,"18",31.4651606653571,0.318666697509307,16.87705565,2.27826864122846,0,0,2.94023218067857,1.63194015632158,-0.0364783682597469
277,0.00374243988856437,31.49774066,17.6163922971429,0,1.49905574157143,3,1,0,693.111335671429,-0.000154820517336549,-0.0405360698652562,"18",31.41392872875,0.281537232428275,18.0058991725,1.03257913455396,0,0,3.0026289186875,1.22318826440178,-0.037329742309349
278,0.00375345678682984,31.77642276,16.480141815,0,1.4990370255,3,1,0,707.396225625,-0.000143803619071079,-0.0375966200886362,"18",31.3836485367857,0.512289373329023,18.5055721935714,1.48627112347315,0,0,2.80822594657143,0.935420640143667,-0.0359103521357667
279,0.00376966876069037,31.9987691257143,16.3692824671429,0,1.49685431214286,3,1,0,721.806249171429,-0.000127591645210549,-0.0332867096870739,"18",31.420979935,0.763187666663469,17.6049935471875,1.43823420510047,0,0,2.3022931704375,0.902605638285092,-0.0333000066625639
280,0.00377348550510874,32.15876415875,12.63533529625,0,2.81190230825,3,1,0,736.2959263,-0.000123774900792179,-0.032274733925103,"18",31.4330607807143,0.93926345975899,17.0407411682143,0.979232795329701,0,0,2.24322280435714,1.50105811516612,-0.0312335957824781
281,0.003768880503125,32.11082354,9.64738846114286,0,3.77303823828571,3,1,0,750.832417885714,-0.000128379902775919,-0.0334958368068268,"18",31.37522472,1.10759358400519,15.5360013796875,2.59577043601986,0,0,2.57736527403125,1.42148434095577,-0.0301707751479809
282,0.00376155905212372,31.9470708425,10.860891413125,0,2.99989919525,3,1,0,765.3003166125,-0.000135701353777199,-0.0354403323598476,"18",31.24615453,1.20898368647346,15.046386366,4.42104853290405,0,0,3.15051702596429,1.2257086210468,-0.0291420045210348
283,0.00375974618179415,31.7699784842857,12.5372111085714,0,2.59445636571429,3,1,0,779.697989757143,-0.000137514224106769,-0.0359223950497904,"18",31.1194570478125,1.2366421428434,14.4765161798437,4.82618912361441,0,0,3.6258965091875,0.750925276635541,-0.0224629895127606
284,0.0037622287112362,31.66863294375,10.38806614375,0,1.5009660045,3,1,0,794.019991325,-0.000135031694664719,-0.0352623211991103,"18",31.0442648589286,1.15362356464641,13.3070430435,4.49571126433684,0,0,3.63469123821429,0.982231239608847,-0.0139034753701638
285,0.0037867456385264,31.5284968285714,10.2801546414286,0,1.49905574157143,3,1,0,808.308472314286,-0.000110514767374519,-0.0287668658686222,"18",30.95228588625,0.962455867901814,12.7959738327813,3.1777245052277,0,0,2.6340283251875,1.42412752333514,-0.00275401647785722
286,0.00381348759913992,31.4010331825,15.64169278,0,1.4990370255,3,1,0,822.5096328625,-8.37728067609993e-05,-0.0217296949206851,"18",30.8210162467857,0.830263766848861,13.5574051371429,3.46088164894881,0,0,2.62331189303571,1.43527384464006,0.00755224718011673
287,0.0038429188708429,31.4828115657143,16.3149651285714,0,1.49905574157143,3,1,0,836.712594457143,-5.43415350580194e-05,-0.0140416454386196,"18",30.5884639045714,0.781292731343347,15.4858176745714,2.88298139715263,0,0,2.69828276835357,1.25420207763578,0.0113098626719842
288,0.00387786070923043,31.64681775125,16.5242904775,0,1.4990370255,3,1,0,850.964018775,-1.93996966704893e-05,-0.00499020816321138,"18",30.5710196134286,0.845030038017444,15.9023629968571,2.35222039139497,0,0,2.69958186385714,1.25650997625395,0.00984484394417192
289,0.00386589853424014,31.7869889771429,16.0254622642857,0,1.49905574157143,3,1,0,865.302382842857,-3.13618716607793e-05,-0.0080797112895814,"18",30.7496076751786,0.948606783606724,16.5221519799107,0.221628297327111,0,0,2.26756838331697,0.886828889928146,0.00259737354602555
290,0.00382022194903422,31.853135565,15.2035884,0,1.499049597375,3,1,0,879.6687557,-7.70384568666992e-05,-0.0199653229800525,"18",30.8007626833482,1.03792104253825,16.5889837034821,2.64945709401221,0,0,2.37621302883929,1.66630155717504,-0.00547092119576733
291,0.00379791803706479,31.88003191,15.0428305185714,0,1.48442339728571,3,1,0,894.075833414286,-9.93423688361293e-05,-0.0258208139928131,"18",30.9760292712946,0.993750660775631,12.8043579221562,3.52252179769148,0,0,2.02429010736607,1.61452780363601,-0.012362460282867
292,0.00382172016811937,31.9061494775,15.02995942,0,4.0899055235,3,1,0,908.4762146625,-7.55402377815495e-05,-0.0195732187107014,"18",31.19450584375,0.821166913398287,11.7646709473482,3.54627729188012,0,0,2.44232154762946,1.6531792498363,-0.019989303845217
293,0.00384779488599167,31.9369575271429,14.39110523,0,3.61309330542857,3,1,0,922.910349528571,-4.94655199092492e-05,-0.0127736186131573,"18",31.3405557544197,0.704498761605256,12.5581829944464,2.36028010404302,0,0,3.61890994808928,0.71929185216669,-0.0311541831976713
294,0.00384396880385453,31.89528582125,13.71206570875,0,2.9971109255,3,1,0,937.3210024625,-5.32916020463893e-05,-0.0137684703812297,"18",31.4525673306697,0.59364762772352,11.9674706653571,1.93274683233165,0,0,3.14877078436161,0.309607201992113,-0.0421056796761443
295,0.00381217228097283,31.8080879557143,13.4505958557143,0,2.99907238114286,3,1,0,951.722806671429,-8.50881249280892e-05,-0.022074666547093,"18",31.467073845625,0.498305742090959,13.8266984262054,1.99749600122875,0,0,2.99776897412946,0.000464544539607861,-0.0512558240233764
296,0.00379205257280415,31.71620550625,14.1543725675,0,2.687322834875,3,1,0,966.0593204875,-0.000105207833096769,-0.0273663971248705,"18",31.4188170087946,0.548404962610037,14.8840295641072,2.50557290846436,0,0,2.99959845760714,0.00240314175088945,-0.0549763388716072
297,0.00381777298829771,31.6129316357143,13.6271388485714,0,1.50556209942857,3,1,0,980.3684595,-7.94874176032094e-05,-0.0206065804766586,"18",31.1445421009286,0.703520108946152,14.0322470330679,1.75696825218777,0,0,3.14069246063571,0.712214213859141,-0.0516481048129375
298,0.00387332513424887,31.5359092775,13.4893466175,0,1.498741455625,3,1,0,994.6186895375,-2.3935271652049e-05,-0.00616050016078962,"18",31.0514812116429,0.649244366737244,13.1020535366,2.69391958041418,0,0,3.01565368144643,1.02133939894784,-0.0442425690307433
299,0.00393426298201352,31.4401352085714,14.9132960914286,0,1.49905574157143,3,1,0,1008.84822771429,3.70025761126007e-05,0.00944971972541975,"18",31.0396204965357,0.467181461204284,13.1523552432429,3.42048712204198,0,0,3.12805726402857,1.22520579420209,-0.0356851725305905
300,0.00399648109230252,31.34986675875,14.4688132925,0,1.4971136065,3,1,0,1023.0147215,9.9220686401601e-05,0.0251404001021092,"18",31.2239735439732,0.187136931344703,12.2978504661741,5.44007485461548,0,0,3.18052296989732,1.53637564677625,-0.0272787139203147
301,0.0040589493497238,31.3250288728571,14.6680661642857,0,2.54418263714286,3,1,0,1037.17648371429,0.000161688943822881,0.0406503119762105,"18",31.2259844579018,0.234413395617054,13.1670386563482,3.88430275430778,0,0,2.99738113508036,1.22431773797703,-0.0190116375010157
302,0.00412106030567124,31.34813512,13.88237651625,0,3.000960595875,3,1,0,1051.316127625,0.000223799899770321,0.0558366383335747,"18",31.1876586134821,0.357716824870782,15.0494296094196,0.945428689022225,0,0,3.25877327836161,0.852697403993822,-0.00924701296290209
303,0.00418204589161931,31.2875179714286,10.7082644742857,0,1.95298458814286,3,1,0,1065.48358342857,0.000284785485718391,0.0705267265351415,"18",31.1372728779464,0.452127980654961,15.2572274753572,1.20514005975876,0,0,3.08721720334822,1.08436553943955,0.00138202197367103
304,0.00423967006111369,31.05301294375,4.0850717485,0,1.498188230875,3,1,0,1079.55417175,0.00034240965521277,0.0842116020991321,"18",31.1124527209821,0.399625708216993,14.4521994663839,2.8973276390188,0,0,2.73727752282589,1.33024733500282,0.00911701350949625
305,0.00428006774377545,30.7060098785714,3.91888957671429,0,1.90271085957143,3,1,0,1093.52023457143,0.000382807337874531,0.0936949888888812,"18",31.1054009125446,0.310797892099235,11.8769371126786,6.0218307962814,0,0,2.90928803080357,1.23674776495735,0.0109386547202266
306,0.00425428763667822,30.34033658,3.8022046995,0,2.9969398595,3,1,0,1107.296198125,0.000357027230777301,0.0876534816495269,"18",31.1161835339286,0.338639369708808,12.2736816148571,5.12958358159363,0,0,3.224331779275,0.96419817285062,0.00617812881003241
307,0.00419901210029098,29.99584716,5.610475455,0,2.93375165857143,3,1,0,1120.93650471429,0.00030175169439006,0.0745754352922141,"18",30.9181389628125,0.450066052338329,9.96160974309823,5.93981822433911,0,0,3.17971416600446,0.364011808958968,-0.00621379295031455
308,0.00413890968973612,29.64921089125,7.77314477775,0,1.484584568875,3,1,0,1134.3947005,0.000241649283835201,0.0601585454171305,"18",30.5510858444643,0.608345337533222,14.658348788625,7.62256188268451,0,0,2.98173699025,0.0319942907575401,-0.0171336820211485
309,0.00407735844247454,29.1747342371429,7.42373059857143,0,1.49875031085714,3,1,0,1147.70207628571,0.000180098036573621,0.0451754907630351,"18",30.3311167883036,0.787071644381762,14.8861861889643,4.76412479396083,0,0,2.61971103850447,0.756750979958705,-0.0272403787530342
310,0.00401529469464829,28.6560880925,8.924281326125,0,1.4990370255,3,1,0,1160.740159,0.000118034288747371,0.029836896099372,"18",30.2728271940625,0.948271051834114,12.6971291184688,4.03103458088421,0,0,2.62433551441964,0.750393498442847,-0.035140235274686
311,0.00395332953186275,28.41530025,23.7011971885714,0,1.49905574157143,3,1,0,1173.61168685714,5.6069125961831e-05,0.0142842966813923,"18",30.1809631817411,1.14787738007514,10.9345758633929,3.04116279186669,0,0,2.37193831350447,0.753464930930698,-0.0453996330288689
312,0.00389220364217072,29.2200971225,17.83176494625,0,1.4990370255,3,1,0,1186.61014925,-5.05676373019912e-06,-0.00129836001027073,"18",30.1218459713393,1.22696080450191,14.1494934465134,7.35692801845341,0,0,2.54487067440625,1.30064992877458,-0.0531971659865234
313,0.00383362432938452,29.3690455885714,9.32592190771429,0,1.49905574157143,3,1,0,1199.88321457143,-6.36360765163993e-05,-0.0164631900103451,"18",30.3226327178125,0.886450179470488,14.0245887554554,4.44733639610899,0,0,3.28018169005803,1.41673396335375,-0.0543951585215241
314,0.00379070961048646,28.869707105,9.00575472875,0,1.4990370255,3,1,0,1213.036850375,-0.000106550795414459,-0.027720611661433,"18",30.3923064641071,0.867558921890118,10.6792910014509,4.63212792193116,0,0,3.37282816446875,1.43525069096971,-0.0482555208447412
315,0.00378668039572016,28.2236173942857,10.1986461808571,0,1.49905574157143,3,1,0,1225.93091857143,-0.000110580010180759,-0.0287840952715959,"18",30.2092846450714,1.00444583288976,10.2800902699321,4.88593614302524,0,0,3.20999933955357,1.29550906543871,-0.036707540101373
316,0.00381922561197918,27.93822393,12.954457847125,0,1.4990370255,1.125,0.375,0,1238.601014,-7.80347939217394e-05,-0.0202261630543239,"18",29.949664388,1.32625170195217,10.7088954506571,5.46468217804305,0,0,2.88623160209286,1.48361468697019,-0.0220168900739554
317,0.00387452134084057,27.7963679785714,12.247699023,0,1.49905574157143,0,0,0,1251.19226871429,-2.27390650603494e-05,-0.00585171588785105,"18",29.8691642612946,1.6144240609667,11.0542598212143,4.78613883371169,0,0,2.33711628310714,1.45004048321448,-0.0145834948174554
318,0.00393399797204382,27.4447632975,6.283199103375,0,1.4990370255,0,0,0,1263.674372375,3.6737566142901e-05,0.00938235796286246,"18",29.7634609762946,1.85178423936246,12.6860982297545,4.09033916394364,0,0,2.62277492491071,1.43504419168568,-0.00371007920821764
319,0.00399283324845831,26.7027769942857,3.09193803742857,0.448683234428571,1.49795502671429,0,0,0,1275.93315228571,9.55728425573905e-05,0.0242272193582309,"18",29.8391930878214,1.86563667948186,11.4284080272714,4.83245374145436,0,0,2.65568879397857,1.2450680571245,0.0103571615122979
320,0.00404112387062161,25.74181443,3.11362354775,13.3780817645,2.086069244625,0,0,0,1287.777568875,0.000143863464720691,0.0362489919009858,"18",29.2239053259822,2.15888660058075,12.2070949002232,11.2718429501928,0.112170808607143,0.224341617214285,2.34136171566964,1.02586769985484,0.0234385567580822
321,0.00403455506674901,24.0934357828571,3.22412466842857,17.4151319807143,2.99909039628571,0,0,0,1299.08477971429,0.000137294660848091,0.0346221800354911,"18",28.4151433446428,2.19719519461356,12.4854840438482,11.4834412972337,3.344520441125,6.68904088225,1.7287974165,0.801590287963024,0.0343918901246957
322,0.00400057115674264,22.95149609375,3.105076392,0.006720441625,1.202347281125,0,0,0,1309.652265375,0.000103310750841721,0.0261632931799785,"18",27.6552184786428,2.39537416661451,18.4319103779607,14.0648585644169,3.48302639614286,7.78828378920155,1.55919706061071,1.7926608455754,0.0472127048030203
323,0.00401126518939303,22.2368472157143,3.09184549571429,0,-10.2638330614286,0,0,0,1319.87401442857,0.000114004783492111,0.0288328531341211,"18",25.9385832645089,2.29735796723142,17.3899295035357,16.5826069434675,0.00232776019196429,0.00317288877359578,-0.565704541504463,2.36383858825747,0.0671289124408132
324,0.00406136335584242,21.83461365375,3.005502112125,0.04811028975,-27.40217227375,0,0,0,1329.788109625,0.000164102949941501,0.0412448718700977,"18",24.6504924849286,1.76007688228068,21.8298831461464,17.2221166765833,1.3423506654,3.00158733747647,-7.57313917820715,6.6165945282089,0.0837599299943335
325,0.00412174072613847,21.3104599014286,2.95881015214286,13.6544206632857,-30.0143835585714,0,0,0,1339.49056257143,0.000224480320237551,0.0560017328080473,"18",22.8165028786012,1.35737439026968,18.8296211326845,17.2717060216557,5.28368670302977,9.99661983511769,-18.5131420683839,9.74579236865553,0.10436495785246
326,0.00418413014203113,19.01678883875,2.9195660325,30.6919872775,-9.818039803875,0,0,0,1348.46608625,0.000286869736130211,0.0710249829420659,"18",20.3560832838691,1.75185162468046,17.7442858855625,16.052867998778,11.5850177582857,13.848636462998,-26.1094925473809,4.14317234443939,0.11015696290914
327,0.00424703715048753,14.9282757657143,2.36830195671429,33.47251982,80.0997019542857,0,0,0,1355.96626728571,0.000349776744586611,0.0859477503759694,"18",17.0257218266071,2.32931567182008,20.6620083371942,14.8126736027614,12.0979949663839,16.7514444366992,-14.9040314052768,15.53036500838,0.113509196242376
328,0.0043099332324456,10.852749595375,2.26155835875,29.21476639375,251.44668005,0,0,0,1361.68598025,0.000412672826544681,0.100648563957357,"18",14.2260803234524,2.69195066679496,17.120272475377,14.0304121791454,14.5657311356746,17.3149574366292,50.7756538398433,81.6231328501154,0.115793695286164
329,0.00437239398286716,8.63418297057143,2.11017110957143,13.2053731204286,474.210062257143,0,0,0,1365.905577,0.00047513357696624,0.115036832216282,"18",11.7871437072273,2.57640311438715,15.7393259085325,13.0278250943516,13.2840003030812,15.9714377957243,182.086155656718,174.126041070433,0.116493138752839
330,0.00443373937069305,7.904049097,3.79968305625,0.011319713125,621.21414345,0,0,0,1368.13320575,0.000536478964792131,0.12896948036583,"18",10.2785844807595,2.67964533598415,13.0550732745,11.2433202612148,10.6649741867548,14.5421865381203,323.417950902217,227.142214423587,0.12896948036583
331,0.00449246875584091,7.53004239057143,11.554306486,0,620.751041814286,0,0,0,1367.80330685714,0.000595208349939991,0.142128535244577,"18",10.474908915773,2.66650012878825,13.16227090225,11.6597873293522,11.4267580572372,14.7772865486038,302.179872979926,219.71807945647,0.135549007805204
332,0.0045389365750314,8.221056521375,24.9758910825,0,479.32466585,0,0,0,1365.171885125,0.00064167616913048,0.152418900144467,"18",12.1437524258125,2.41269453975398,14.8156693911357,13.3474788175143,14.6124003333893,16.1821476468134,152.362304637389,151.295507994016,0.121625390380215
333,0.0045278537939413,10.854902252,24.78293456,0,176.687083697143,0,0,0,1361.08315,0.000630593388040381,0.149974201212574,"18",14.6474775823839,2.54073499915565,16.1624397147991,14.6812017235486,16.3864475276339,17.5653124867568,35.0367251076808,71.177130496833,0.118901014006747
334,0.00447418832527751,13.41278522375,30.01719981625,0,-9.749274013625,0,0,0,1355.78259425,0.000576927919376591,0.138051105871079,"18",17.5418556270153,1.96052335262701,19.3255524116148,15.4697806822241,13.8262799615816,17.3060970452214,-15.6404253183699,16.6231675948616,0.115145323550956
335,0.00441417704650154,16.4829389771429,32.0696960485714,0,-31.4126215757143,0,0,0,1349.25051628571,0.00051691664060062,0.124547567973671,"18",20.1647555059949,1.67741795403436,15.6264687636964,15.6888980286542,14.3145848324592,14.5593394352371,-23.7821421554515,7.22639719990566,0.1123309617962
336,0.00435208569770296,19.67059973875,34.53791566125,0,-19.21754204125,0,0,0,1341.107230375,0.000454825291802041,0.110381351976431,"18",22.261308003631,1.12249344048138,18.8324710590208,17.2685612351396,6.44079792574405,10.5797770779902,-20.7018116566875,10.731074712146,0.10656328626357
337,0.00428908123197965,22.7511736085714,35.31591207,0,-7.50423615071429,0,0,0,1331.566625,0.000391820826078731,0.0957986963500286,"18",23.6479389133929,1.61777365569814,15.9518509691429,17.7226586420622,1.35197272335,2.99628086546736,-13.2618767703857,9.11436902224453,0.0905555130782383
338,0.00422558783270721,25.6890309025,34.74408505875,0,-5.082551506625,0,0,0,1320.580591125,0.000328327426806291,0.0808845348696332,"18",25.19823605475,2.58823495401604,14.5303127019714,15.7201838742457,0.00186220815357143,0.00293838576083303,-2.50533024548929,4.79599197364784,0.0700747631567126
339,0.0041618843925611,28.3786764128571,31.09113322,0,-0.616605433857143,0,0,0,1308.37407971429,0.000264623986660181,0.0656941027891786,"18",27.4743539950893,2.72623246527234,15.2671046674509,14.0352067084017,4.35378299517857,8.70756599035715,2.10314768422768,1.52062333823675,0.0480204023014479
340,0.00409817036093626,30.1809949,26.4812578025,0,0.732913624375,0,0,0,1295.0675035,0.000200909955035341,0.0502667731519226,"18",28.7625898239286,2.63564919821257,12.3858570821518,11.3221394787628,3.344520441125,6.68904088225,2.44092382633482,0.883094569547228,0.0349150467981564
341,0.00403467345350841,31.5707808171429,26.0827499557143,0,3.58141926371429,0,0,0,1281.14068942857,0.000137413047607491,0.0346515228050448,"18",29.4194809607589,2.45718709916631,7.90900216757589,6.47394076033146,0.112170808607143,0.224341617214285,2.57037588686607,1.42109224576642,0.0244908703418455
342,0.0039718517679908,32.35308335625,8.890379025125,0,4.4974759485,0,0,0,1266.617372,7.45913620898804e-05,0.0189585794981628,"18",29.6368660011607,2.00333909279342,9.67583955448661,4.66797169928015,0,0,2.62277492491071,1.43504419168568,0.010577262327433
343,0.00391154217514087,32.0411085242857,7.14193387671429,0,4.497167225,0,0,0,1252.06589328571,1.42817692399509e-05,0.00365786806622737,"18",29.3520761179167,1.52129207377678,11.885889342622,4.01019220544825,0,0,2.05775964991667,1.20368880954739,-0.00505829187576376
344,0.00386382257749152,31.7238963125,7.437555766875,0,4.497111076875,2.5,0.625,0,1237.64351825,-3.34378284093991e-05,-0.00861684754968994,"18",30.0162579836607,1.35877155809994,10.8549637734598,6.7437825814513,0,0,3.23423626354018,1.45861149545168,-0.0301992043372271
345,0.00382360742498426,31.3788273685714,4.19767966328571,0,4.497167225,4,1,0,1223.39700757143,-7.36529809166591e-05,-0.01907951668659,"18",30.2212917410714,1.02424902584523,10.9044312259063,5.1737466993178,0,0,3.37301810269197,1.43546216043502,-0.044191522976319
346,0.00379282635021303,31.015191885,5.228418048375,0,4.497111076875,4,1,0,1209.280639625,-0.000104434055687889,-0.0271623655512583,"18",30.3329875074107,0.785289281211387,11.859902117875,3.97753566759655,0,0,3.31983702908482,1.45784585455849,-0.0546998357281997
347,0.00378751445930938,30.66449749,7.77674867557143,0,4.49812812285714,4,1,0,1195.35249371429,-0.000109745946591539,-0.0285638570584172,"18",30.3157215981697,0.855640565775486,12.751058417808,5.10092831872999,0,0,2.88156217416518,1.59576607871129,-0.0623131540982573
348,0.00382431609269145,30.3260467025,7.995209646625,0,4.186359860625,4,1,0,1181.557262375,-7.29443132094693e-05,-0.0188941937844849,"18",30.1235161380357,1.2592772444249,14.8558389321295,6.67955012584678,0,0,2.37039257924554,0.751744375397038,-0.0593923334962845
349,0.00387618030760572,30.0228422857143,10.8826002985714,0,3.00461784114286,4,1,0,1167.94020285714,-2.10800982951994e-05,-0.00542363419333558,"18",30.1438844324107,1.16121256415711,12.8052641397321,3.08396742833339,0,0,2.62438704010714,0.750236758297867,-0.0514411356702444
350,0.00391602044036263,29.85767186625,11.725829843875,0,2.99777848125,4,1,0,1154.402498625,1.87600344617109e-05,0.00480209796662301,"18",30.2177722690179,0.952325278198615,14.7258409913571,4.90439447033429,0,0,2.62326183203572,0.749674347660054,-0.0418131056642611
351,0.00396253219372317,29.7356648957143,17.5476110568571,0,2.99811148314286,4,1,0,1140.95534157143,6.52717878222506e-05,0.0166094170770918,"18",30.4651596505357,0.728059445574237,15.2685300281964,6.8159420404751,0,0,2.61971103850447,0.756750979958705,-0.0315440154803304
352,0.00401944349801863,30.121469985,23.9336118575,0,2.998074051,4,1,0,1127.4632135,0.000122183092117711,0.0308696126699211,"18",30.8245741195536,0.596030150286632,10.4918999634018,5.46510814680153,0,0,2.98173699025,0.0319942907575401,-0.0206649445943958
353,0.00407224072549507,30.78864228,13.9625884371429,0,2.99811148314286,4,1,0,1113.70236971429,0.000174980319594151,0.0439195473918055,"18",30.9628342888393,0.495638165346116,11.2032439617678,5.33175275603208,0,0,3.17983954143303,0.363928487342944,-0.0108972977923178
354,0.00408407867694787,30.78872702375,11.08643334,0,2.998074051,4,1,0,1099.770554375,0.000186818271046951,0.0468223173523006,"18",31.01865014625,0.37258194004046,11.8353915697321,6.09365213479721,0,0,3.01041868797768,1.09082849543919,-0.00464898891117018
355,0.0040390546882998,30.6869264657143,10.1717664997143,0,2.99811148314286,4,1,0,1085.89907914286,0.000141794282398881,0.035736829378652,"18",31.0538264640625,0.382203790843617,12.7964012849375,5.99102494755283,0,0,2.62357843350893,1.43494376791496,-0.00461357125669961
356,0.00398442775790339,30.51967193875,13.89584442625,0,2.998074051,4,1,0,1072.06089225,8.71673520024705e-05,0.022119856079482,"18",31.1221185908036,0.443640705222058,14.4636994648661,2.62305102902005,0,0,2.82522320141518,1.22909531285404,-0.0114408551477306
357,0.0039448652147421,30.4628865928571,16.1943536171429,0,2.99811148314286,4,1,0,1058.31072871429,4.76048088411804e-05,0.0121409410366464,"18",31.2170902897143,0.316947911925427,14.8048310486786,0.973418311088157,0,0,3.06890011631071,0.939958429106145,-0.00814178514236888
358,0.00395588522261019,30.65476648375,15.758269265,0,2.998074051,4,1,0,1044.49855525,5.86248167092707e-05,0.0149305531938531,"18",31.2453931128571,0.207535195626451,13.3516226068643,3.39761782790694,0,0,3.20646378387857,0.747140040970032,-0.0185043543319821
359,0.0039423381913648,30.8744365414286,14.8230954471429,0,2.99811148314286,4,1,0,1030.61708042857,4.50777854638807e-05,0.011500150310308,"18",31.2290059152143,0.147801777097071,12.9408456109036,4.94924716355452,0,0,3.14367653695357,1.33363476874917,-0.0279873543069063
360,0.00388985434479644,31.0687909675,13.64202016375,0,2.998074051,4,1,0,1016.605559625,-7.40606110447928e-06,-0.0019021327884241,"18",31.1599916171429,0.317769266250564,13.0420767630714,3.87694575969071,0,0,3.11075333896429,1.41391252093311,-0.0363136658162933
361,0.00383158874100255,31.1647175414286,13.41758419,0,2.99811148314286,4,1,0,1002.56016647143,-6.56716648983692e-05,-0.0169943137659452,"18",31.125391385625,0.497524597475803,14.292605616875,1.85554940263018,0,0,2.67312856,0.788555725689096,-0.0443345621129132
362,0.00377527303782477,31.18254294125,12.333268005,0,2.998074051,4,1,0,988.4598074125,-0.000121987368076149,-0.0318011374543943,"18",31.209796995,0.625593065976211,12.6756256323571,2.9490232957769,0,0,2.97017028925,1.17347730494252,-0.051587581231392
363,0.00373690640328667,31.1755464442857,12.1921848914286,0,2.99811148314286,4,1,0,974.389334428571,-0.000160354002614249,-0.0420157409283162,"18",31.3348003078125,0.628536379037941,13.5242817736563,1.627642299129,0,0,2.8311321949375,0.193690954843663,-0.056785095863263
364,0.00376447585538149,31.13096234375,12.093980115,0,2.998074051,4,1,0,960.3013076,-0.000132784550519429,-0.0346652088420472,"18",31.4092746653571,0.555371091990703,14.89571967,2.48826572226187,0,0,2.99952336714286,0.00247040354042544,-0.0568702062483178
365,0.00381915178837235,31.09279297,12.1407405385714,0,2.99777368914286,4,1,0,946.255685,-7.81086175285694e-05,-0.020245492710619,"18",31.4488426284375,0.517527175655313,13.8162422565625,2.00933754390579,0,0,2.9946909105625,0.00617049441205423,-0.0502166050757794
366,0.00387608839142894,31.01986810125,12.09891586,0,2.985461434875,4,1,0,932.2100194,-2.11720144719795e-05,-0.00544734755467058,"18",31.4176385382143,0.63055585447917,12.0025160164286,1.93719052730047,0,0,3.49667372185714,0.654594247438165,-0.0386961511926498
367,0.00392108953497304,30.8801529314286,12.2390972642857,0,4.37707318485714,4,1,0,918.239056271429,2.38291290721206e-05,0.006095711353165,"18",31.2913215328125,0.752636303306086,11.4572395194375,3.36986882787802,0,0,3.64961047221875,0.763688558230768,-0.0268731976484255
368,0.00395305952215904,30.683216045,7.83532336425,0,4.499875281375,4,1,0,904.3082675,5.57991162581208e-05,0.0142159950344229,"18",31.0952464278571,0.921443992312803,11.7049766610357,3.63535810174222,0,0,2.22054138121429,1.30877109368848,-0.0168799187990334
369,0.00398574023549078,30.2861783814286,7.596546219,0,3.61275461571429,4,1,0,890.535175642857,8.8479829589861e-05,0.022449203608268,"18",30.881046805,1.09469494462723,14.3408250655312,0.716519893052283,0,0,1.8703791848125,1.43160826202897,-0.00844881336937527
370,0.00402774167311073,29.90624851625,13.7424147925,0,2.9971109255,4,1,0,876.9346048625,0.000130481267209811,0.0329319929061631,"18",30.7571316982143,1.09039939175364,17.3513761171429,1.88610309424502,0,0,2.37646316825,1.66642590368734,0.0003629912061065
371,0.00406616811582043,29.7317245757143,16.7919844471429,0,2.99811148314286,4,1,0,863.479594128571,0.000168907709919511,0.0424272137499795,"18",30.75714278625,0.937885374446663,16.916984493125,0.978157948713509,0,0,2.26755902528125,0.886818611573055,0.0101804877396692
372,0.00407368331018575,29.76186502,18.3713145,0,2.998074051,4,1,0,850.0342086,0.000176422904284831,0.0442737330345935,"18",30.7733082617857,0.8241943774628,15.2851251210714,2.19940228036983,0,0,2.62495881707143,1.43804233821206,0.0132877328532141
373,0.00403849932110161,29.9158166928571,17.5427234128571,0,2.99811148314286,4,1,0,836.568407885714,0.000141238915200691,0.0355993206267033,"18",30.7566257075,0.79080243822672,14.97159124,3.0527446898964,0,0,2.62332558965625,1.43523747552086,0.0137388084674561
374,0.0039812683068477,30.02700133125,18.8851943975,0,2.998074051,4,1,0,823.015410775,8.40079009467804e-05,0.0213265917830885,"18",30.9370196339286,0.764386924959883,13.9742626657143,3.13880985990811,0,0,2.39845691952857,1.34082327410639,0.010805796302428
375,0.00392046125260869,30.2467342985714,18.3743096171429,0,2.99811148314286,4,1,0,809.421355414286,2.32008467077709e-05,0.00593546694062752,"18",30.9172518574553,0.929681003273627,12.7689959572009,3.20531925788852,0,0,2.63355075945536,1.42463436699671,0.000136300121116663
376,0.00385874126870907,30.42629441375,14.83006104375,0,2.998074051,4,1,0,795.69054915,-3.85191371918493e-05,-0.00993281190695594,"18",31.0189284737947,1.13330629816633,12.7697568022946,4.74015956940057,0,0,3.36131864791072,1.42198208084085,-0.0115302702780586
377,0.00379717224578437,30.3323608114286,13.8429397071429,0,2.99811148314286,4,1,0,781.974538071429,-0.000100088160116549,-0.0260172017210438,"18",31.0751839582589,1.1997561542092,14.8955961037053,4.46698832720284,0,0,3.52453580180357,0.879880005791715,-0.0209675000086462
378,0.00373723624708859,30.15875671125,14.0470245275,0,2.997959720375,4,1,0,768.2977001625,-0.000160024158812329,-0.0419274782850305,"18",31.205216355625,1.17215643243076,15.3497621039955,3.94284384089928,0,0,2.95723226520536,1.15366112114112,-0.0263078355818247
379,0.00368683167270018,30.0476727214286,17.1762390571429,0,2.59445636571429,4,1,0,754.713205242857,-0.000210428733200739,-0.0555063808669347,"18",31.3632395653125,1.09649253503547,14.7890146709107,3.84031310676763,0,0,2.81764925654018,1.54978857082452,-0.029339815694005
380,0.00367428880843007,30.13551525,17.2565428925,0,1.5011374655,4,1,0,741.1105890875,-0.000222971597470849,-0.058914252290978,"18",31.4730595389732,0.974143623763296,16.1072543754911,2.47304430092992,0,0,2.57198480338393,1.42519227232439,-0.0323061229335811
381,0.0036749217866359,30.2915223485714,17.4314178285714,0,1.48203726214286,4,1,0,727.475043985714,-0.000222338619265019,-0.0587419948268657,"18",31.4765665264286,0.804675403318507,17.5772787102232,1.46789769072995,0,0,2.30174749209821,0.903253553144378,-0.0322478402893945
382,0.00367127314828484,30.43481381125,19.69812707625,0,2.942696451875,4,1,0,713.7484307125,-0.000225987257616079,-0.0597353358922916,"18",31.5171434579464,0.636209299625205,18.2025222690625,1.80814959641772,0,0,2.44296607547768,1.09856456472549,-0.0351012982443217
383,0.00368579559538121,30.7147814728571,20.2663105771429,0,2.99794867157143,4,1,0,699.953093314286,-0.000211464810519709,-0.0557874414061459,"18",31.5207493635268,0.367478490640409,18.034871050134,0.979224478706752,0,0,3.00340368434375,1.22318972572709,-0.0358169939955334
384,0.00372012782127709,31.05888109125,18.25997998625,0,3.0039520005,4,1,0,685.9841802875,-0.000177132584623829,-0.0465158167946988,"18",31.5440857584375,0.320379906699974,17.8292381016518,1.22547467266026,0,0,3.30246237173661,1.36314279538236,-0.0354704531881796
385,0.00375326418059138,31.2314226628571,17.2371011028571,0,4.19669989042857,4,1,0,671.923423414286,-0.000143996225309539,-0.0376479357654027,"18",31.5531397447321,0.437748728068902,16.2155703008482,1.79670727816181,0,0,2.76105812362947,1.47910127554528,-0.0331670064084914
386,0.00378852561538326,31.30505942625,15.811147125,0,4.496497755625,4,1,0,657.7791906875,-0.000108734790517659,-0.0282969218143529,"18",31.5226008077679,0.594155774032618,16.2825340135268,1.62845137863283,0,0,2.07964914660268,0.725863002574042,-0.0287597141425249
387,0.00382067966335597,31.3004470271429,14.0204749257143,0,2.32332978457143,4,1,0,643.6409581,-7.65807425449493e-05,-0.0198455166185685,"18",31.4861965302679,0.735688260952686,15.0891219569643,2.59418795927119,0,0,1.94306441941518,0.752069701268891,-0.0239964328098697
388,0.00384044254418147,31.21973563125,12.79383344,0,1.317435877375,4,1,0,629.5086592375,-5.68178617194491e-05,-0.0146862400500014,"18",31.4282936305357,0.807412042524511,14.4673873120089,2.91937009931848,0,0,2.71091225367857,0.340238346651627,-0.0216052717584278
389,0.00385307374225358,31.1423122771429,14.7994217242857,0,2.99922262957143,4,1,0,615.436275757143,-4.41866636473392e-05,-0.0114026415957627,"18",31.3714961384375,0.703240341656234,11.6184206642366,4.00648543180982,0,0,2.85047756566964,1.1497511713745,-0.0213513884144062
390,0.00385502220817001,31.14092234125,15.05576047375,0,4.28387037325,4,1,0,601.3609034125,-4.22381977309093e-05,-0.0108970781155193,"18",31.3022392827232,0.436022896203779,11.6136322650625,2.68831183278113,0,0,2.56220885083482,1.33163100405571,-0.0200543358015598
391,0.00383781536371666,31.2067860628571,14.6341576542857,0,4.25472789457143,4,1,0,587.285327085714,-5.94450421842591e-05,-0.0153705568652001,"18",31.340193629375,0.188167257104539,12.9002013572768,4.09850644564651,0,0,2.48387995699107,0.707749234547727,-0.0175915506346489
392,0.00382120801484382,31.2913963675,14.46883736375,0,3.00000303025,4,1,0,573.1590536125,-7.60523910570991e-05,-0.0197072388795823,"18",31.4982809395982,0.231976918457554,12.9638449522232,3.92798806842556,0,0,2.62380177035268,0.749843662517311,-0.0151488273003786
393,0.00383428718558681,31.3496719142857,14.3280776328571,0,2.99811148314286,4,1,0,559.016291285714,-6.29732203141094e-05,-0.0162902990776947,"18",31.5688325014732,0.251828978268775,15.4349858484732,2.42092323898699,0,0,2.62332883167857,0.749515393612476,-0.0117629933736614
394,0.0038719847229985,31.3762827175,17.5727053375,0,2.998074051,4,1,0,544.83915635,-2.52756829024195e-05,-0.00650662220208797,"18",31.5297516556696,0.205320510129347,17.1588788184375,0.470134305324613,0,0,2.62334430566518,0.749538186781684,-0.00568426510982582
395,0.00392828605088157,31.4848891228571,17.1510120242857,0,2.99811148314286,4,1,0,530.653002414286,3.1025644980651e-05,0.00792936491269902,"18",31.5322102608482,0.193069367712022,15.06475809,2.78219891489874,0,0,2.62489939810714,0.750568350060201,0.00330854943168044
396,0.00398941342206536,31.6863609225,15.95589360625,0,2.998074051,4,1,0,516.37959245,9.21530161644406e-05,0.0233703612184968,"18",31.5847924361607,0.213856845744473,13.9217926727321,5.11482540610433,0,0,2.25304229025893,0.860362736582649,0.0131432309023433
397,0.00405094625613922,31.9054466057143,15.6707063614286,0,2.99811148314286,4,1,0,502.028374585714,0.000153685850238301,0.0386766500762157,"18",31.7063162385714,0.286241914117601,14.7393813184464,8.34613568906142,0,0,2.24871193282143,0.865288874615916,0.0235471743768577
398,0.00411135329185607,32.06829675,16.69993968125,0,2.998074051,4,1,0,487.5700449375,0.00021409288595515,0.0534783947970965,"18",31.8629911639286,0.466665634069617,15.3378700536875,7.33051703738534,0,0,2.47657545607143,0.70801970173373,0.0335424203581263
399,0.00416730478189675,32.1693878542857,16.9319988614286,0,2.99811148314286,4,1,0,473.060943028571,0.00027004437599583,0.0669956436371884,"18",31.9909713891964,0.593057130365319,16.92181261825,2.63123013836634,0,0,2.62360401046429,0.749699037913671,0.0413285556686008
400,0.00419052306232158,32.17774182375,18.7278180375,0,2.998074051,4,1,0,458.516390125,0.000293262656420661,0.0725517139537404,"18",32.1611560127232,0.686377584668827,16.5619726061964,5.48694805195619,0,0,2.62305833198214,0.749347711401781,0.0466559059858121
401,0.00415146251367956,32.2872466114286,22.4473997385714,0,2.99811148314286,4,1,0,443.970697185714,0.00025420210777864,0.0631868372538866,"18",32.3401229083929,0.895284463060901,11.5393273610446,6.58698580142987,0,0,2.80540251016518,0.93595799155127,0.049169464601464
402,0.00409626990824969,32.5680990775,8.160606765,0,2.998074051,4,1,0,429.2994848625,0.000199009502348771,0.0498029336188175,"18",32.2657393827232,1.07958951255147,12.4727789505402,5.1795450495128,0,0,3.22621775205357,1.30674115025837,0.0487004434680929
403,0.00404020736383718,32.17977707,8.730556863,0,2.99811148314286,4,1,0,414.662777257143,0.00014294695793626,0.0360221711609157,"18",32.1443091961607,1.11051639215199,14.9916455024107,0.804895807956116,0,0,3.05772616218304,1.06010399312346,0.0449185567978644
404,0.00399195361503215,31.816051045,14.13896467625,0,2.998074051,4,1,0,400.2128006375,9.46932091312304e-05,0.0240068920225802,"18",32.0293907160714,0.91513213910036,12.7616342606071,5.68837650584243,0,0,2.99971365497768,1.22587594491371,0.0392431571599972
405,0.00399341218130619,31.62880193,17.5390213614286,0,2.99811148314286,4,1,0,385.8898409,9.61517754052704e-05,0.0243722018382924,"18",31.8749303077678,0.52811221663156,11.7315663244286,7.32278356792596,0,0,2.7450525519375,0.861844907524001,0.0351470643652547
406,0.00404526545578731,31.66287085875,17.4186130925,0,2.998074051,4,1,0,371.5959668,0.000148005049886391,0.0372733268070178,"18",31.9469209639286,0.497897543303409,11.1859590328884,7.4250080848984,0,0,2.56995811106697,0.864440995933932,0.0369671998526846
407,0.00410484693014623,31.7831276657143,16.0713322114286,0,2.99777368914286,4,1,0,357.269885871429,0.00020758652424531,0.0518946060052707,"18",31.8851394695089,0.518277069182303,11.1221952965625,5.65477044639647,0,0,1.87030512407589,1.43311246605676,0.0381031335545462
408,0.00416629715046878,31.73576035375,12.66448044125,0,2.985461434875,4,1,0,342.9070921375,0.000269036744567861,0.0667538198935356,"18",31.8890168600357,0.629576709788929,12.0205615506857,6.36391324280569,0,0,2.375139848775,1.67150256311168,0.0405354026504847
409,0.00422811140010463,31.5306897585714,8.91041966914286,0,4.37707318485714,4,1,0,328.615357328571,0.00033085099420371,0.0814815675634106,"18",31.9292181995714,0.714895455443008,13.6478019263857,5.12376247974711,0,0,2.86938597872857,1.09842194569804,0.0432158728311169
410,0.00428933758971841,31.0791213575,6.032585034,0,4.4979518625,4,1,0,314.4533373,0.000392077183817491,0.095858464411763,"18",31.8762306430804,1.03054780868854,13.8955461253125,3.94868015018715,0,0,3.50713573818304,0.779131794831153,0.0473412788383737
411,0.00434840369873631,30.5183395185714,8.647580545,0,4.49826793985714,4,1,0,300.5376114,0.000451143292835391,0.109534963012766,"18",31.8771448833929,1.19262665191765,15.1891191567411,2.40070692375771,0,0,2.84935307717411,0.959765447301842,0.0531388873393836
412,0.00439618411400497,30.193340145,15.15329778125,0,3.769453858125,4,1,0,286.8258721,0.000498923708104051,0.12046306864948,"18",31.9219300877232,1.20627784747073,16.03703954375,2.1531226412344,0,0,1.87391380999107,1.43542876838631,0.0581405542528436
413,0.00438825491575029,30.1736295771429,17.79650435,0,2.99874897771429,4,1,0,273.199933614286,0.000490994509849371,0.118657785420633,"18",31.8902456197768,1.03887735144774,16.485988146116,2.16752345992613,0,0,2.30269357078572,0.807826584690128,0.0589588236889616
414,0.0043380422210961,30.35475249625,16.98156771875,0,2.998074051,4,1,0,259.522366125,0.000440781815195181,0.107149296328934,"18",31.7660584908482,0.85028320821982,16.8825371322322,2.49786650390873,0,0,2.62333637353571,0.749532898981168,0.0545939668478514
415,0.00428876587123554,30.5008729371429,17.2684355114286,0,2.99811148314286,4,1,0,245.780679985714,0.000391505465334621,0.0957251672387951,"18",31.7089323887054,0.739314409574493,16.6142990065179,1.7277987645063,0,0,2.62333818971429,0.749521632302951,0.0466470804876704
416,0.00427826271616611,30.61258326625,15.6831375075,0,2.998074051,4,1,0,231.966579575,0.00038100231026519,0.0932731711985335,"18",31.6733020262053,0.74806729504497,14.9415906742589,3.327967166421,0,0,2.62332415266071,0.749524751648188,0.0387593890556076
417,0.00428097695975338,30.5615816685714,10.9274822882857,0,2.99811148314286,4,1,0,218.139966114286,0.000383716553852461,0.0939073966011623,"18",31.6264938425,0.873637562150021,16.3775517276786,1.71963127848144,0,0,2.62336677243304,0.74954068811767,0.0336705888400194
418,0.0042520707170135,30.35375966,17.013817425,0,2.998188381875,4,1,0,204.380311075,0.000354810311112581,0.0871322434014754,"18",31.5992678014732,0.873593594908325,15.6280440410268,1.25686160159647,0,0,2.72432238073214,0.83876747177852,0.031433245067989
419,0.00420766098725603,30.3745452471429,17.1601932128571,0,3.40210439542857,4,1,0,190.672933114286,0.00031040058135511,0.0766330601625294,"18",31.5000813655357,0.745526376587632,14.1820287621964,4.10425560819184,0,0,2.99925914587054,1.22584872930878,0.0302380157333595
420,0.00415909742498028,30.504256955,17.0845491225,0,4.501757875625,4,1,0,176.91796985,0.00026183701907936,0.0650242376989381,"18",31.2752111748214,0.599310175075705,13.3761048035402,5.50304300336409,0,0,2.35438178227679,0.763062987829367,0.0327723026268981
421,0.00410334062194806,30.4875674942857,12.8996234122857,0,1.92200325185714,4,1,0,163.134854714286,0.000206080216047141,0.0515275802352537,"18",30.9649191784821,0.529452779373409,12.4753893391161,5.77854895499961,0,0,2.57085185093303,0.727354254103941,0.0331041774506989
422,0.00404780859039948,30.2486384025,9.80195271975,0,2.784705146875,4,1,0,149.41117735,0.000150548184498561,0.0379017986629568,"18",30.6395613830357,0.511648859567303,13.8029862503304,3.86414010106689,0,0,1.55144932202679,1.67399283875103,0.0333246833268905
423,0.00401710052192607,29.9224985071429,10.1956794015714,0,2.99751226985714,4,1,0,135.817323885714,0.000119840116025151,0.0302865321579953,"18",30.4823274244643,0.49931182734171,15.4429133418572,2.59517935137668,0,0,1.51539590368929,2.10431377462447,0.0304513167584204
424,0.00403579893552971,29.60928160125,11.1765903025,0,3.585106270375,3.5,0.875,0,122.36476625,0.000138538529628791,0.0349304363423073,"18",30.4444978382143,0.62090340500214,13.4235630860322,2.96109855837179,0,0,2.62922788592143,2.45930829736935,0.0334585821737154
425,0.00406747956283597,29.3575395214286,10.5797464771429,0,4.49859134314286,0,0,0,109.047047871429,0.000170219156935051,0.0427496882525578,"18",30.3404110109643,0.860480048508953,13.5636174814357,7.00280860472862,0,0,3.50184613882857,2.18592840945236,0.0323057914604005
426,0.00408416768417346,29.08331044875,10.073777933875,0,3.601151796875,0,0,0,95.83993128,0.00018690727827254,0.0468441108241135,"18",29.866819037,1.33233732700401,14.5613414392464,11.2723073233156,0,0,3.245192450375,3.32929304398799,0.0394698530072908
427,0.00407240830634648,28.7052811371429,7.65670607014286,0,2.22905359157143,0,0,0,82.7738764271429,0.000175147900445561,0.0439606985443382,"18",29.1147926069286,1.39336541631501,18.3987194766821,10.0639486797129,0,0,1.75916879622857,2.9183037724865,0.0462895596614052
428,0.00405905794779622,28.1550101225,14.655985800625,0,2.998221040125,0,0,0,69.93415302125,0.0001617975418953,0.040677066835074,"18",28.9294559406633,1.52597742706642,16.5314030320281,11.4430601499819,0.0242490717857143,0.0606124092584518,0.19185004914796,1.90955348578838,0.0506130958581297
429,0.00407260098463207,28.03409818,8.33249466128571,0.008213813,1.98854070214286,0,0,0,57.2575749771429,0.000175340578731151,0.0440080105298772,"18",27.7643700822959,1.71155988338905,17.1667423547168,13.3247685119226,3.12091823970409,6.24070603833429,-1.17028160873469,2.2736747481955,0.0581170421835277
430,0.00409306420923239,27.66270586,2.98645728825,5.06681511,-4.03578349275,0,0,0,44.6510383225,0.00019580380333147,0.0490200374622409,"18",26.0932145902551,2.0706256116504,17.6639396027398,13.6432650324392,8.78285433811736,11.373358802645,-5.75928751655868,5.74929785139505,0.0661075771201428
431,0.00412222065070849,26.6128540657143,2.89218270028571,18.3301041171429,-15.8187814671429,0,0,0,32.3672760628571,0.000224960244807571,0.0561181633775227,"18",23.9256452189286,2.21730611575063,15.7943686009643,14.0614425853944,14.3556021324107,15.9256337334898,-11.1572391200774,8.28146160882715,0.0811059074059664
432,0.00417637471292941,24.4804671375,3.15992550275,26.3005935975,-15.02698124625,0,0,0,20.85489122125,0.000279114307028491,0.0691697286780633,"18",20.2735407218622,2.51031434084002,18.1558529684847,14.8117146856311,13.9152451101276,17.6120467648854,-10.9022478223878,11.4874112491366,0.0936698840924134
433,0.00423802282157091,21.4982090157143,2.75417326585714,26.9139264914286,-11.199446388,0,0,0,10.5842318995714,0.000340762415669991,0.0838229964849768,"18",15.8011777955944,3.24200040137703,17.5743317468877,14.2470014708544,15.1093635898469,19.1977309496617,26.0529321143801,37.3923019128038,0.109998301095809
434,0.00430110010099782,19.3049113675,2.67240979525,28.16492236375,-2.6468985885,0,0,0,1.538036258375,0.000403839695096901,0.0985969787413206,"18",5.37679830689143,5.59138172392778,9.82164417718572,10.2964457304853,15.1922373426786,23.1366835216925,88.385414040645,229.302506917785,0.121265348421793
435,0.00436461539196679,15.7321457814286,2.24982964171429,36.6125052714286,38.1676344798571,0,0,0,-6.33200024757143,0.000467354986065871,0.113256224586416,"18",3.52089518785789,3.65154534301358,7.05996443349182,7.40200621182788,12.5519887603616,22.5459796915748,204.183612092418,315.328744377157,0.137393532102639
436,0.00442822625228864,11.1307358975,2.176240774125,36.3617715875,179.7993759375,0,0,0,-12.35020069675,0.000530965846387721,0.127725260014327,"18",5.8141378065,0.790710954515144,6.49561380995238,6.37337826774222,4.67203770597023,10.694995393189,565.101111299405,94.3540358827523,0.149908291616823
437,0.00449168511361442,7.31614699957143,2.02328396814286,26.4655989785714,382.492734414286,0,0,0,-16.4882573657143,0.000594424707713501,0.141954085380423,"18",5.51373596788571,0.323605133096629,7.39007977831428,6.6913689119252,0.31332545145,0.70061700852301,601.622786676429,33.5351951928023,0.149609028958952
438,0.00455469373168169,5.678089185375,3.010054554875,1.56662725725,588.976508,0,0,0,-18.93420917125,0.000657433325780771,0.155884440647549,"18",5.30034421108035,0.51018796791806,14.2231790802054,4.83830122565007,0,0,626.617868510715,0.0176008221751268,0.152756806929702
441,0.00472506133024699,5.70004409214286,2.79644907828571,0,617.532034785714,0,0,0,-18.2377766528571,0.000827800924346071,0.192606690043069,"18",5.4262592025119,0.421556208002919,10.4854709050952,7.32229244034397,0.52220908575,0.904492668693093,614.070748340476,21.7322531872253,0.1522120109133
442,0.00473691748785775,5.58985813975,2.697537098,0,548.369653575,0,0,0,-16.818367405,0.000839657081956831,0.195112754322677,"18",5.49470542491964,0.37042223536314,8.56321544839285,7.10804065017691,0.3916568143125,0.783313628625,614.936069951786,17.8285074630428,0.15098792972755
1,0.00418899561404858,0.00415518871428571,3.01342180985714,33.1460119757143,1.49955724314286,0,0,0,-1.903293881,0.000590470495815005,0.151936918894045,"22",5.6391304622395,2.11397027361463,7.53361011415336,6.54051997865152,9.65174686386029,11.7520288322133,-411.20847868874,195.193482840477,0.152947998648564
2,0.00413927956217272,0.006809331625,3.017237280875,33.25371343125,1.498937762125,0,0,0,-1.898870965,0.000540754443939145,0.139997678128086,"22",4.79364019811875,2.83324898867344,6.85055317777232,6.22953109941444,13.182795550192,13.8093083829375,-349.15372620046,234.63712996518,0.153690780452155
3,0.00409291181474917,0.00626897914285714,3.01690170871429,33.4281272557143,3.26703663485714,0,0,0,-1.89390156614286,0.000494386696515595,0.128732576402039,"22",4.56569587114286,2.95246774418256,6.66801432553911,6.12914626328252,14.1385535445281,14.1543310803725,-332.45598029748,241.157547473497,0.154261326382325
4,0.00411834637708899,0.003336796875,2.948693049125,33.6636134025,4.491908120375,0,0,0,-1.9032821995,0.000519821258855415,0.134927642364354,"22",5.32607628037698,2.44336820132028,7.28248854169246,6.43406106761113,10.9569838145188,12.6748426535408,-388.280254470302,212.889531203459,0.15298544604688
5,0.00417784099240024,0.189620243714286,3.54081057514286,10.0232663221429,15.2579949931429,0,0,0,-1.88518055028571,0.000579315874166664,0.149270528114553,"22",4.35844919423377,3.04087051383619,6.50205466113799,6.03187313657469,15.015352349582,14.4124224615852,-317.195843164192,245.989355062911,0.155371272033641
6,0.00423338385322415,0.976769051,7.33890283925,0.004449843625,48.2501673275,0,0,0,-1.6342078665,0.000634858734990574,0.162477562253428,"22",4.17719576160248,3.09551202536276,6.37330491826863,5.92545000735485,14.7983051309977,14.11948001546,-302.741328461699,250.131430406969,0.155648578575418
7,0.00423488529148119,1.71633606185714,14.1749116771429,0,55.6791990914286,0,0,0,-1.05731031242857,0.000636360173247614,0.162832165587747,"22",4.04384464866071,3.09715320933266,6.41353816497619,5.79855529825124,14.1818944940238,14.1354515998916,-288.116682803815,254.909021994386,0.156797395576025
8,0.00417515106534566,3.061427856875,20.5592853925,0,54.04906748375,0,0,0,-0.04561407575,0.000576625947112084,0.148626464989731,"22",4.24636781081319,3.36232333674899,6.57843513236813,5.81355517361682,14.1045729221758,14.0638113361091,-265.475320323687,257.630836933975,0.155304921275951
9,0.00410610973752048,5.26163145585714,22.9768323571429,0,41.7509668885714,0,0,0,1.72389245485714,0.000507584619286904,0.131951968804992,"22",4.66087958772968,3.64927080525572,7.41236875716502,6.57983645948732,13.5167237866798,13.9606664349649,-237.909394125841,257.449232166563,0.147765748615295
10,0.00403464570947379,7.898792945375,24.0023022775,0,30.117131815,0,0,0,4.647803981375,0.000436120591240215,0.11439441838262,"22",4.89509157039464,4.3943245455783,9.03112134709911,8.0838200984079,16.520689799467,14.7444947958341,-65.7108069740232,125.122387604882,0.148644291938089
11,0.00396219507774453,10.1112284397143,25.4905944042857,0,31.9469878485714,0,0,0,8.631445881,0.000363669959510955,0.0962741095661741,"22",5.96941985782738,5.2500301639806,9.85851365822364,8.61988667855817,15.67131760229,14.7762367233782,-16.5708805811862,67.3894671675917,0.138275067732455
12,0.00388921569719423,12.41116079625,26.00759661,0,40.603999795,0,0,0,13.6423767125,0.000290690578960655,0.0776834428297883,"22",9.93742444472939,4.44810639132608,13.9960950076593,9.34003265821717,9.65806318188187,12.7271556119696,12.5090913950233,32.9297728964149,0.134173499733822
13,0.00381597365486127,14.8076242442857,25.7059601628571,0,32.9273299,0,0,0,19.7395966314286,0.000217448536627695,0.0586717759794473,"22",13.3845769118671,2.31183319478702,13.6566949690357,10.2351330764162,10.7418042449405,12.7582163583211,16.5862528222123,14.3075026564253,0.12719623799709
14,0.00374261608388322,16.95552155875,26.26859011375,0,16.30745299625,0,0,0,26.91371447,0.000144090965649645,0.0392607813615093,"22",15.588435308058,2.18903239783132,12.9748175901897,10.6699810430559,11.4048633272768,12.222633800057,22.898242396125,9.48898775289627,0.11743652105993
15,0.00366926903422037,18.86229231,25.6976824928571,0,10.4879535371429,0,0,0,34.9847079242857,7.07439159867949e-05,0.0194683963192421,"22",17.6634618114541,2.14539894793245,11.6084480259158,10.3890798944061,12.4758666134184,11.6931893015242,20.2699640902296,1.94518050819696,0.106306024331954
16,0.00359606105784145,20.6508895025,25.67352719625,0,5.74200662725,0,0,0,43.9059587125,-2.46406039212509e-06,-0.000684976275123539,"22",19.6594875569345,2.11500250845039,13.980023855003,11.2974305848558,10.706009855625,11.7375547069093,12.148617216628,5.14779113344796,0.0977975920950188
17,0.00352314302941509,22.3239833014286,24.8092846285714,0,2.99610098457143,0,0,0,53.6044013357143,-7.53820888184853e-05,-0.0211705742519541,"22",21.3623607591667,2.37165479694888,13.8533502774286,10.9768185013087,9.52732418934523,10.7326394404622,7.96201027624404,2.75749833013024,0.0846058162309511
18,0.00345079286493002,23.7859017275,24.92416054625,0,4.430152643875,0,0,0,64.03125961625,-0.000147732253303555,-0.0419200503858148,"22",22.9374963770536,2.59836631744248,13.7417707504107,10.5527944728093,6.37963786922618,9.83208667487968,7.07800293822023,3.5175510529451,0.0720480956113885
19,0.00337949093555984,25.1739694014286,24.5434066,0,4.49230129957143,0,0,0,75.08610388,-0.000219034182673735,-0.0627989829649147,"22",23.5535346552857,2.21168930968373,16.0602259259286,10.0905840340626,3.30641231332857,7.39334038996629,6.03777124535,2.91777362824174,0.0627707037226149
20,0.0033108018809698,26.21059299875,22.10704964625,0,4.497226786375,0,0,0,86.72416283625,-0.000287723237263775,-0.0833336495614274,"22",25.4113991251786,1.9239255030456,14.5524462715804,10.7312362427352,1.73970855689286,3.47941711378571,3.74214061970089,1.50722964889792,0.0570654574483389
21,0.00325370937488079,26.6900248714286,18.0167355814286,0,4.492564547,0,0,0,98.6898902142857,-0.000344815743352785,-0.100728377573382,"22",26.3856547032143,1.8784956760888,13.0357459660848,8.89434188350148,0.0861384695625,0.172276939125,3.74816038352678,1.49801595919145,0.0556589834799349
22,0.00325521571788923,26.96182862375,19.3006391225,0,2.488906906875,0.25,0.25,0,110.7899417,-0.000343309400344345,-0.100265522964493,"22",26.8913679494643,1.88704466821981,14.3754121080491,4.60009666977655,4.84542142857142e-05,9.69084285714285e-05,4.032791381875,0.925648314447185,0.053128153465983
23,0.00328648989555234,27.4953454271429,19.1112442314286,0,1.49650040585714,1,1,0,123.080461185714,-0.000312035222681235,-0.09070397531314,"22",27.1753654550893,1.78066889853591,16.5833580820179,4.56756630935696,0,0,3.62044954840179,1.03347936301267,0.0544830623823114
24,0.00332790517604883,28.00005973625,18.4010697675,0,1.4990370255,1,1,0,135.624682875,-0.000270619942184745,-0.0781810400978626,"22",27.5710582455804,1.55443892811963,16.8462537654911,4.46923407429049,0,0,3.37221318968303,1.43633740008946,0.0577639505389728
25,0.00338880871719119,28.2127712,18.1177367171429,0,1.49905574157143,1,1,0,148.332797842857,-0.000209716401042385,-0.060045621642109,"22",27.968416816875,1.28674864409068,17.7967047088393,4.90071752123098,0,0,3.37285670262946,1.43523008732038,0.0598389820903875
26,0.00345731011354151,28.34373710875,18.64780945625,0,1.498242238375,1,1,0,161.104125725,-0.000141215004692065,-0.0400332081147425,"22",28.2835312507589,0.946275449635798,18.0205707174554,3.43278238934772,0,0,3.37285202361161,1.43522520024561,0.0595975979421348
27,0.00352642099777358,28.6299465871429,17.75025696,0,1.56341556657143,1,1,0,173.968590971429,-7.21041204599952e-05,-0.0202405965996917,"22",28.53714017625,0.641821658653792,18.7813161800446,2.76391259548997,0,0,3.37257355734822,1.4356053757488,0.0586696401266776
28,0.00359486946222631,28.9532123425,17.64649955125,0,3.012526507875,1,1,0,186.9750592375,-3.65565600726541e-06,-0.00101639251939911,"22",28.8139617022768,0.457807306010547,18.4513820528125,2.92349119941036,0,0,3.38598752258036,1.4084115794719,0.0592300758615321
29,0.00365906640392399,29.2818388571429,19.0585497242857,0,2.998416914,1,1,0,200.1304557,6.05412856904148e-05,0.0166839613828591,"22",29.0576833207143,0.488622346437152,17.9325432825893,1.5391645395867,0,0,4.07986874753125,0.716851732678831,0.0598688603261284
30,0.00369132555233677,29.63358249625,20.27498324375,0,2.998074051,1,1,0,213.4321295375,9.28004341031949e-05,0.0254615489854517,"22",29.2512581773214,0.61588064401818,18.2453445514732,1.16334622193522,0,0,3.74271883271875,0.86752490960436,0.0621777070266147
31,0.00365189644153497,30.0378405471429,18.5515388771429,0,2.99811148314286,1,1,0,226.905776871429,5.33713233013947e-05,0.0147225331433427,"22",29.4042574649554,0.760997226333346,17.1838950225,2.26841673567164,0,0,4.11783082182589,1.42752267052829,0.0572551822802579
32,0.00358713492630446,30.42191578125,18.490238645,0,2.998074051,1,1,0,240.5610092,-1.13901919291154e-05,-0.00317025884366551,"22",29.4749738934375,0.859308674343978,16.6855424217411,1.47070623335303,0,0,4.1228744763125,1.43543115387916,0.0508928551679254
33,0.00351918406682704,30.6174995485714,14.9229336914286,0,2.99811148314286,1,1,0,254.351134814286,-7.93410514065354e-05,-0.0222949079668089,"22",29.5324250725893,0.997743243621136,17.2940266988839,0.850088798365568,0,0,4.39638474498661,1.62296675424997,0.0461432132947535
34,0.00345149083557238,30.56719907625,15.41806744875,0,2.998074051,1,1,0,268.1768005,-0.000147034282661195,-0.0417178069965836,"22",29.5725869666071,1.10234789360634,17.0427554092857,1.64794977288456,0,0,4.72513335967857,2.02866618228986,0.046618598715043
35,0.00338859910150026,30.5628534314286,15.3324765814286,0,2.99811148314286,1,1,0,281.981701271429,-0.000209926016733315,-0.0601074788271623,"22",29.2544988154643,1.24468793174896,16.6791699306071,0.96621962967556,0,0,4.834951590925,1.95402060701167,0.0503732794252449
36,0.00336571543815688,30.64448724,15.6012326475,0,2.998074051,1,1,0,295.80213005,-0.000232809680076695,-0.0668835180801199,"22",29.2937117851071,1.32209331761455,16.8220162438214,0.926282487557113,0,0,4.23259147867857,1.26715244573927,0.0603978040948604
37,0.00340682319893218,30.7602426457143,18.2183360442857,0,2.99811148314286,1,1,0,309.6680315,-0.000191701919301395,-0.0547438267154252,"22",29.725729325,1.31244417975846,17.0242278329911,0.989390984802608,0,0,4.12236117834822,1.43520890987919,0.0718364173891999
38,0.00346818354457332,30.90819871875,18.81774687375,0,2.998074051,1,1,0,323.5881585625,-0.000130341573660255,-0.0368930883805456,"22",29.8249467761161,1.3878970095776,17.737404015,0.85605141134237,0,0,4.12239393142857,1.43524637740575,0.0835299580752049
39,0.00352586612653547,31.0706792871429,14.6846105371429,0,2.99811148314286,1,1,0,337.585856885714,-7.26589916981053e-05,-0.0203979558262057,"22",29.9216720371875,1.46390201860329,17.5906843593303,1.20763828247658,0,0,4.12212039703572,1.4351251604556,0.0936490249996426
40,0.0035479863763007,31.12292760375,14.04360735,0,2.998074051,1,1,0,351.630645825,-5.05387419328751e-05,-0.0141438471261361,"22",30.0046350233036,1.53719726707551,16.2199435501339,1.3565669674781,0,0,4.2760547145,1.51919274492893,0.0955694669032053
41,0.00355753924012245,31.11473991,13.3377317142857,0,2.99811148314286,1,1,0,365.692490242857,-4.09858781111254e-05,-0.0114549906434167,"22",30.0478319912053,1.59373196385479,15.8815590675,1.7728515546922,0,0,4.49760128950447,1.73148347627772,0.0798741280450064
42,0.00354485131416678,31.10345597625,13.60840258,0,2.998074051,1,1,0,379.742470775,-5.36738040667951e-05,-0.0150278550187446,"22",30.0839098864286,1.67244045452758,15.7456302508928,2.07810436598164,0,0,4.49715786682143,1.73097127781433,0.0644897914671597
43,0.00349215393065534,31.0977194371429,14.3192439785714,0,2.99811148314286,1,1,0,393.794110728571,-0.000106371187578235,-0.0300053533409175,"22",30.1449891067857,1.76565800687252,16.3241623463393,2.34865463457045,0,0,4.49712043472321,1.73092805495037,0.0475084589263528
44,0.00343003707869261,31.058580265,14.620860445,0,2.998074051,1,1,0,407.824669325,-0.000168488039540965,-0.0479529995379551,"22",29.8370321399286,1.76960744903815,15.18587227725,2.23406406300055,0,0,4.79683626318214,1.64202066969033,0.0240951514934618
45,0.00338847030562784,31.0765182357143,14.7448022357143,0,2.99811148314286,1,1,0,421.860058342857,-0.000210054812605735,-0.060145488137942,"22",29.6132880318155,1.58755849661887,14.5810237051548,4.61456499639335,0,0,4.94664368064286,1.51381309282602,0.0164858464313828
46,0.00341170903483903,31.1238525775,14.3860235625,0,2.998074051,1,1,0,435.8990900875,-0.000186816083394545,-0.0533107216329123,"22",29.7539908141071,1.57224833328424,15.0582334140536,4.83894862259706,0,0,4.49830912586786,1.49904866684543,0.0159626208459895
47,0.00347085416444072,31.1565821542857,14.1364352014286,0,2.99811148314286,1,1,0,449.968108742857,-0.000127670953792855,-0.0361233505482179,"22",30.0332559011607,1.49685979684856,14.7216891684821,2.80122117607872,0,0,4.12239393142857,1.43524637740575,0.0212432520996437
48,0.00353666420971211,31.2068649225,18.82967844,0,2.998074051,1,1,0,464.049240675,-6.18609085214655e-05,-0.0173401024023807,"22",30.1284578445089,1.28465401595666,13.1775795844509,1.67509086620421,0,0,4.12240090066071,1.43516742224816,0.0245322317607935
49,0.00360079160264932,31.4067974228571,18.4574684114286,0,2.99811148314286,1,1,0,478.185772371429,2.26648441574483e-06,0.000629638760324625,"22",30.3009287545536,1.05469841373659,12.9283560537143,5.27018705320569,0,0,4.12171294921429,1.43595809911238,0.0198013730603776
50,0.00364426284044289,31.5548139375,12.856710415,0,2.998074051,1,1,0,492.413548225,4.57377222093146e-05,0.0126300339603747,"22",30.5421692494643,0.829351679351922,10.5242732355134,6.1427909523152,0,0,3.83240174241072,1.80557027199063,0.00818205007968241
51,0.00361364726074034,31.4730198,9.34861186128571,0,2.99811148314286,1,1,0,506.655670142857,1.51221425067649e-05,0.00419351159504,"22",30.7520427536607,0.661557885620391,8.99444243957143,4.02896380244862,0,0,3.89819461017857,1.14862174699114,-0.00575782793028681
52,0.00354898101043743,31.228287335,5.6399782925,0,2.998074051,1,1,0,520.81675455,-4.95441077961452e-05,-0.0138635487786845,"22",30.9030337296875,0.437618525417999,8.44303575491518,3.31479986439067,0,0,3.74826815722321,0.865742881427225,-0.0192297169043895
53,0.00348002037753658,30.8949620557143,4.879037328,0,2.99811148314286,1,1,0,534.853952114286,-0.000118504740696995,-0.0334859218073795,"22",31.0280466594643,0.267802333761746,7.48293472855356,3.79352818283806,0,0,3.74762999603572,0.865491041955263,-0.0328036981247268
54,0.00341046455888179,30.57499145125,6.3055253295,0,2.992196101875,1,1,0,548.7309746875,-0.000188060559351785,-0.0536755543119591,"22",31.1194742442411,0.424325542705773,7.37334280253125,3.67863461320293,0,0,3.74760192197322,0.865458624820184,-0.0459555607471093
55,0.00334585471591464,30.24065235,9.18368302014286,0,1.79952307628571,1,1,0,562.473640042857,-0.000252670402318935,-0.0728018886451052,"22",31.1107071720982,0.598228846981029,11.8686523913036,3.81465057705796,0,0,3.74616050875446,0.867191222136421,-0.0571837616647897
56,0.00330249662014362,29.94260814,15.9014249825,0,1.49931750125,1,1,0,576.055274675,-0.000296028498089955,-0.0858453356556828,"22",31.0140473765625,0.72537965513285,13.2212202344107,3.16224480690794,0,0,3.44795482025893,1.30654475911095,-0.065657426733643
57,0.00326719183201413,29.8759319142857,18.8015354014286,0,1.499287061,1,1,0,589.557219114286,-0.000331333286219445,-0.0965932203293089,"22",30.8849651539286,0.810983813401046,15.7857224920535,2.69749479514032,0,0,3.37294085859822,1.43512268833608,-0.069945252858202
58,0.00324620923314753,30.0307924125,17.6713339775,0,4.783583833625,1,1,0,603.074589775,-0.000352315885086045,-0.103036143341986,"22",30.8110838779464,0.807091975813513,16.3097212525446,2.9515590496485,0,0,3.3728958164375,1.4351098712757,-0.0675607422651588
59,0.00323989264433124,30.3084455028571,16.8440243485714,0,4.49109196242857,1,1,0,616.700853228571,-0.000358632473902335,-0.104983874271209,"22",30.796983513125,0.723761719662971,17.3679156322321,0.651120382862617,0,0,4.19400744169196,0.808615931500571,-0.05980517393057
60,0.00323441973051252,30.5905039525,16.84554755375,0,4.49899131625,1,1,0,630.4466979625,-0.000364105387721055,-0.106674529474851,"22",30.8415947738393,0.578879601372099,17.4461948133929,0.854939126995937,0,0,4.12084704179464,0.74852070519193,-0.0522807504359201
61,0.00321039927614979,30.8556010571429,17.20065407,0,3.61275461571429,1,1,0,644.322781071429,-0.000388125842083785,-0.114128754277136,"22",30.9081929895536,0.405142359005169,17.5037818584375,0.74388762098091,0,0,4.12285931234821,0.749832379181908,-0.0487356591406784
62,0.00316397001000384,31.0761325625,17.9514858725,0,2.9971109255,1,1,0,658.2999095,-0.000434555108229735,-0.128696496966698,"22",30.9382374580357,0.231382871355025,17.6629335378125,0.74752781966705,0,0,3.90125191020982,0.732349136047751,-0.0470728828345153
63,0.00312117334484726,31.3074546014286,17.7835413557143,0,2.99777368914286,1,1,0,672.390236728571,-0.000477351773386315,-0.142315064696364,"22",30.9151215034821,0.277970087247861,18.0156215516964,0.918032642719423,0,0,3.74462198901786,0.862585688626731,-0.0445549616030891
64,0.00309451637622761,31.4901205325,16.7667470375,0,2.985461434875,1,1,0,686.5656334375,-0.000504008742005965,-0.150892433384362,"22",30.8921274322322,0.534865177134905,18.1260141664286,1.17269525531536,0,0,4.34743411469197,1.84064404106653,-0.0414366531000802
65,0.00307530163878506,31.6646319857143,16.7886173442857,0,4.37707318485714,1,1,0,700.834067585714,-0.000523223479448515,-0.157121077047479,"22",30.8342428834822,0.823686080527351,18.0345783908036,1.79501362704932,0,0,4.49206015714732,2.11930894348479,-0.0384893948716298
66,0.00305665540023357,31.7995631875,16.31420396875,0,4.4979518625,1,1,0,715.16006895,-0.000541869718000005,-0.16320275547305,"22",30.7805242064286,1.11503584915512,17.3591700557589,1.46670047667517,0,0,4.31677598543303,0.989545312061759,-0.0382013694824189
67,0.00304363079695035,31.8821988057143,14.5936957457143,0,4.50175752414286,1,1,0,729.552074357143,-0.000554894321283225,-0.16747292320828,"22",30.6881919833036,1.41462414246294,17.6444809971875,1.4090529013116,0,0,4.442832913875,0.107823986920404,-0.0438970921169385
68,0.00303048184187906,31.919710125,14.33630029625,0,3.48526343075,1,1,0,743.9499546875,-0.000568043276354515,-0.171802436327181,"22",30.5906872186161,1.7257656621074,17.7307445939286,2.36243507197742,0,0,4.58158542137947,0.165865520628528,-0.0543166835351779
69,0.00300941690155713,31.9647474157143,14.4329313214286,0,2.99890748371429,1,1,0,758.384689414286,-0.000589108216676445,-0.178777727115365,"22",30.5310579294643,1.94444523806721,17.498282165134,2.28904160710806,0,0,3.86839005536607,0.753244381934254,-0.058958993314676
70,0.00300287777577722,32.00587574625,14.7205849175,0,2.998074051,1,1,0,772.827061625,-0.000595647342456355,-0.180952979158643,"22",30.5602256433036,2.01878388036867,15.6575689131696,1.76167644975892,0,0,3.74780092211607,0.865228906013593,-0.0599349035882518
71,0.00302331032425014,32.02820098,15.1552573085714,0,2.99811148314286,1,1,0,787.295444485714,-0.000575214793983435,-0.174171701921347,"22",30.6496716637053,1.94473256876084,14.575573221125,3.6321544744235,0,0,3.74762999603572,0.865491041955263,-0.0419669578882347
72,0.00305221781616104,32.05531619375,14.88175476,0,2.998074051,1,1,0,801.7601629,-0.000546307302072535,-0.16465558795151,"22",30.4402070680357,1.75295870935398,12.9925800495071,4.70897825916589,0,0,3.89710421575,0.820681821828249,-0.0423222471841184
73,0.00306522255809621,32.0507083,15.13477062,0,2.99811148314286,1,1,0,816.244216428571,-0.000533302560137365,-0.160403887794291,"22",30.6689644167857,1.55738942245155,11.0764741081214,4.30572240473162,0,0,4.02433914705,0.97226488795496,-0.0412392359876389
74,0.00305989713687105,32.069672385,14.7858765625,0,2.998074051,1,1,0,830.7165837875,-0.000538627981362525,-0.162142767247544,"22",31.2503957545982,1.25521553255515,10.3456637446429,4.90137414553269,0,0,4.12182575871875,1.43427695915346,-0.0392879726368275
75,0.00306061890417474,32.0784891828571,14.5922647457143,0,2.99811148314286,1,1,0,845.212987642857,-0.000537906214058835,-0.161906915473409,"22",31.3632366242857,0.922286923921586,10.7463966872322,4.41085458836807,0,0,4.19737990050357,1.25295751343373,-0.0541752045758004
76,0.00304944713770545,32.07575288375,14.2292345875,0,2.998074051,1,1,0,859.6922544125,-0.000549077980528125,-0.1655637592707,"22",31.487169513,0.783890711251184,12.4644798425929,4.07003489928813,0,0,4.11885703958571,0.706098959920842,-0.057160166508847
77,0.0030179674022519,32.0721613214286,14.2755168785714,0,2.99811148314286,1,1,0,874.1909341,-0.000580557715981675,-0.175940507613211,"22",31.6305507425446,0.80059290417416,14.6631877758973,1.7510008601112,0,0,4.10681794254018,0.739745933430878,-0.0601005715867278
78,0.00299321452632101,32.09386866,13.957868735,0,2.998074051,1,1,0,888.673947325,-0.000605310591912565,-0.184176164197473,"22",31.6695153471875,0.768671595203587,14.0307969144464,1.5610350188423,0,0,3.74401688187947,0.869683225051622,-0.0602382164792704
79,0.00298832475136891,32.0790313685714,14.0611369742857,0,2.99811148314286,1,1,0,903.178529957143,-0.000610200366864665,-0.185811119900623,"22",31.7262569534375,0.74700032592971,12.6103414607857,3.97320509961972,0,0,3.74752556429464,0.865546801852841,-0.0584089897203252
80,0.00299232015106187,31.9521845775,8.88991921,0,2.998074051,1,1,0,917.6410768625,-0.000606204967171705,-0.184475009759021,"22",31.769667324375,0.791662022137771,12.1631125099643,5.2430825140571,0,0,3.74762999603572,0.865491041955263,-0.0555386236596308
81,0.00300869825773967,31.64207599,9.08839932871429,0,2.99811148314286,1,1,0,932.020226114286,-0.000589826860493905,-0.179016553983238,"22",31.7966084167857,0.886304081797253,10.8434977353482,5.5518882496713,0,0,3.74760192197322,0.865458624820184,-0.0538782178482898
82,0.0030473037234105,31.2390415275,9.23864989925,0,2.998074051,1,1,0,946.210266325,-0.000551221394823075,-0.166266892582779,"22",31.8267738955357,0.918808559776726,9.04340068287055,3.69837082450437,0,0,3.74750462071429,0.865346295224066,-0.0546257039980417
83,0.00308855999072488,30.8587460242857,9.32167531342857,0,2.99811148314286,1,1,0,960.248406128571,-0.000509965127508695,-0.152819107680168,"22",31.8125868047321,0.94320070303316,6.97181646666071,1.90817593313619,0,0,3.80088351522321,0.931057350078762,-0.0562299453046372
84,0.00310378078759715,30.481042045,9.022131712375,0,2.998074051,1,1,0,974.0931691,-0.000494744330636425,-0.147903090432654,"22",31.7823902014286,1.13683552031407,6.77407256199107,2.27276513338106,0,0,4.12179739771429,1.43420806768573,-0.0574553077239899
85,0.00308857822924939,30.1271260114286,12.8781085845714,0,2.99811148314286,1,1,0,987.795178571429,-0.000509946888984185,-0.152813202510729,"22",31.7346655941964,1.41217797469935,7.40878364657143,1.75094639112484,0,0,4.12240090062947,1.43527805815386,-0.0577423950941154
86,0.00304004045002764,29.86562868625,14.18596485375,0,2.998074051,1,1,0,1001.3281887875,-0.000558484668205935,-0.168653245771991,"22",30.9280366526786,0.898146164631194,8.39713193933332,4.2704907571387,0,0,3.49778425304762,0.865491042022718,-0.0596421748146733
87,0.00299495630635373,29.7309446128571,14.53094946,0,2.99811148314286,1,1,0,1014.80204757143,-0.000603568811879845,-0.183594423939108,"22",31.4696275197768,1.65866095659231,13.2329702397723,6.25409811598671,0,0,4.12218089432589,1.43489508609151,-0.0611832711506404
88,0.00297797552208069,29.61954687,14.6228361075,0,2.998074051,1,1,0,1028.191152125,-0.000620549596152885,-0.189280351701528,"22",31.441183915,1.47985417524163,12.5706675436571,5.70381977937682,0,0,4.09988451180357,1.08731351608935,-0.0608303851751445
89,0.00297455719271965,29.5820843842857,14.5691330485714,0,2.99811148314286,1,1,0,1041.57625671429,-0.000623967925513925,-0.190428881171497,"22",30.96011208,1.56550818756544,14.2981643525179,5.37621669719502,0,0,3.74648242132143,0.864167968718296,-0.0627933650595636
90,0.00296946747382887,29.565734755,14.13678351125,0,2.998074051,1,1,0,1054.917705375,-0.000629057644404705,-0.192141431252963,"22",30.7441764066964,1.56593800540197,15.0439737164553,5.35043465428217,0,0,3.74808679075447,0.8660188650223,-0.0605301485045716
91,0.00294298228510834,29.5258255885714,13.5684400114286,0,2.99811148314286,1,1,0,1068.27740742857,-0.000655542833125235,-0.201100616044864,"22",30.45805924375,1.48632353006798,17.0307630785268,4.9603867827327,0,0,3.94168043203572,1.13470632034401,-0.0587845267446785
92,0.0028866178297024,29.46700665875,13.4072937475,0,2.998074051,1,1,0,1081.588582,-0.000711907288531175,-0.220438549637255,"22",30.1325069140178,1.4311856732846,16.8026511797321,5.30151202293328,0,0,4.12190513959822,1.43441511716717,-0.0608726887071854
93,0.00282029948021704,29.4175320828571,13.5136075557143,0,2.99811148314286,1,1,0,1094.89802871429,-0.000778225638016535,-0.243680986498946,"22",29.8295859650447,1.40369478317014,16.8398485675893,5.17140051037174,0,0,4.12219493135714,1.43489997675641,-0.0677193342231685
94,0.00275580591134652,29.36342917125,13.3612491825,0,2.998074051,1,1,0,1108.159908375,-0.000842719206887055,-0.266814137007218,"22",29.6756515025893,1.32580225470287,15.2708452404911,2.97810160671518,0,0,4.00032305219197,1.22892297123109,-0.0756379520964109
95,0.00271202656889662,29.2995868942857,13.2475891071429,0,2.99811148314286,1,1,0,1121.42017685714,-0.000886498549336955,-0.282827896232297,"22",29.5882948692411,1.22942053267216,13.8129955095536,2.51985905303434,0,0,3.90014320439286,1.07183720587755,-0.0783292502840988
96,0.00272468941275565,29.2444696975,13.21934076375,0,2.998074051,1,1,0,1134.625841625,-0.000873835705477925,-0.278169618575676,"22",29.4980323288839,1.20689418326964,13.3769589443482,2.98461657559998,0,0,4.12284203312946,1.43604605019679,-0.0741157832296725
97,0.00277869943926305,29.1721954471429,13.2066337228571,0,2.99811148314286,1,1,0,1147.83287814286,-0.000819825678970525,-0.258541073304132,"22",29.3935771808036,1.2678552073007,13.7167793213661,3.67539628328576,0,0,4.12239393142857,1.43524637740575,-0.0682956587511229
98,0.00284699221798112,29.07796763625,13.389785445,0,2.998074051,1,1,0,1160.970576375,-0.000751532900252455,-0.234260989919303,"22",29.3399149133482,1.40161068498426,14.069999822433,4.25675178269325,0,0,4.12236117834822,1.43520890987919,-0.0567873494057131
99,0.00291783695996622,29.0129024328571,13.3195786242857,0,2.99811148314286,1,1,0,1174.10158957143,-0.000680688158267355,-0.20968149101229,"22",29.3961968058482,1.56866714082404,10.9029829402857,3.95764964529716,0,0,4.122079473,1.43513702867363,-0.0498096948489241
100,0.00298947862692527,28.94570223875,13.77222683625,0,2.998074051,1,1,0,1187.175830125,-0.000609046491308305,-0.185425066543205,"22",29.4874339560268,1.75240397244243,9.86935879038393,4.90859122540037,0,0,4.40327936822321,1.62979003791096,-0.0388468479903366
101,0.00306093767506891,28.8581896314286,13.9152338128571,0,2.99811148314286,1,1,0,1200.245489,-0.000537587443164665,-0.161802768470953,"22",29.5342581814732,1.8827568425004,11.9962200542768,3.02996063495897,0,0,4.68391619603572,1.97036645690825,-0.025517701771151
102,0.00312990735937998,28.7363992725,11.8385747775,0,2.998074051,1,1,0,1213.24221325,-0.000468617758853595,-0.139520661504351,"22",29.5822935198571,1.66558813163343,17.0255820465571,5.16399851626212,0,0,4.64727199148929,1.70833720078185,-0.0133713863353616
103,0.00317819877679159,28.5511767128571,11.88533674,0,2.99811148314286,1,1,0,1226.19709614286,-0.000420326341441985,-0.12420945453994,"22",28.9260923094643,1.51989417842675,18.0633702613839,5.5454837209434,0,0,4.12313526098214,1.43528383315597,0.00373413292834309
104,0.00319583482889675,28.22647446,6.80401283425,0,2.998074051,0.375,0.375,0,1239.013806125,-0.000402690289336825,-0.118675722637251,"22",28.0619548049643,1.27258594723023,17.25603396675,5.18519484575793,0,0,3.71690399017143,1.00617817922761,0.0120153279643348
105,0.00322605190739802,27.7158448942857,5.01534768357143,0.009671652,2.99811148314286,0,0,0,1251.66573342857,-0.000372473210835555,-0.109264999026865,"22",27.5570459682143,0.949909096466034,15.9656872741357,6.38901810668833,0,0,4.34217340823571,1.70776560157188,0.0235015258949715
106,0.00326516549699198,27.16080677125,4.69770946125,4.542629350125,2.998074051,0,0,0,1264.041337125,-0.000333359621241595,-0.0972136196501197,"22",26.9839594259643,0.724858600188571,15.7761068452857,7.19173497589744,0.0019343304,0.00432529426534436,5.15668454836429,2.20417399663866,0.0429038582573676
107,0.00330409097469237,26.5336464871429,4.61282803242857,9.27662640614286,2.99777368914286,0,0,0,1276.18463628571,-0.000294434143541205,-0.0853626796676865,"22",26.3603511470357,0.768008283975462,15.5545503548214,7.52918581683691,0.908525870025,2.03152560469304,5.05829343883571,1.68663099970307,0.0559390608692419
108,0.00335207371135896,25.58548557375,4.4585584595,16.9305276775,2.985362171125,0,0,0,1287.95479375,-0.000246451406874615,-0.0709448974534883,"22",25.4545760218155,1.0946622713585,16.0476345354524,8.56026806088,1.54632296528571,3.78705983372481,4.40658011101488,0.730778648680373,0.068086521719369
109,0.00341535431440602,24.27168912,4.32522618214286,18.7578516285714,6.14505407785714,0,0,0,1299.24176657143,-0.000183170803827555,-0.0522428306173639,"22",24.5004117412798,1.41739228568271,14.560746417625,9.81213060301069,3.25316419674107,6.77993555198316,5.12113996934524,2.30282740989647,0.0882467649072309
110,0.00348436208353685,22.6724602875,4.512386370875,21.6412991675,7.49474435775,0,0,0,1309.835676875,-0.000114163034696725,-0.0322390900998109,"22",23.3471954411607,1.61298540121849,13.9322459465536,10.6199010791439,5.1873959333244,7.65156316773285,5.74986338346131,1.99910880855879,0.0986372129107528
111,0.00354370482206819,20.8158074328571,4.12107571214286,21.7430261628571,7.48536928614286,0,0,0,1319.68774742857,-5.48202961653853e-05,-0.01535133191706,"22",21.8293711425714,1.80967915114388,15.5275278877393,10.3084680007944,6.2841354043,9.57249016675727,7.00338405793215,2.9009501772463,0.115798293659441
112,0.00356476404520148,18.9134894425,3.904219291625,21.63299089625,12.53319865575,0,0,0,1328.627928125,-3.37610730320953e-05,-0.00942620667710514,"22",19.8122149654762,2.13250397263919,16.9461380612887,9.96570300168014,6.42118877360118,10.0705057014171,14.828786026253,7.55647786786309,0.122154296779564
113,0.00355974473621345,17.1165505914286,3.88637835128571,20.1630939114286,14.9984585557143,0,0,0,1336.769943,-3.87803820201251e-05,-0.0108352328518349,"22",18.3671998247024,1.96164258572954,16.3612682949077,9.62464331138815,7.200847024375,11.15552086462,23.5687844936071,8.64580997406281,0.138446164050614
114,0.00357921361061618,16.0815905125,3.912016359375,14.82539335,14.2456310325,0,0,0,1344.18274175,-1.93115076173953e-05,-0.00538095754258627,"22",17.5864157133929,2.36191788730068,14.286444022875,9.81380059658862,8.98926749502551,11.2194757329258,26.456206273801,8.18926289074222,0.152810322838887
115,0.00364024706723088,15.2389214071429,3.85371277071429,19.42268075,7.60316405671429,0,0,0,1351.26724185714,4.17219489973046e-05,0.0115274825027036,"22",16.3625623479911,2.01537772666843,12.3558691514241,9.29291868122923,9.56989150511161,10.4064975057758,22.2860908781429,8.14121358049448,0.171628471832755
116,0.00371143785974583,13.623270295,3.6909810545,21.12751286125,-17.0951825755,0,0,0,1357.733912625,0.000112912741512255,0.0308952918275995,"22",15.2104851051587,1.82995631560066,13.0214281238075,8.96323635322638,8.38912566160714,10.0914918155381,15.9041183109544,11.4669455855583,0.175758413905645
117,0.00378426913313351,11.7139128985714,3.71392489014286,23.24685906,-100.501811758571,0,0,0,1363.48019014286,0.000185744014899935,0.0503286991377818,"22",13.7894862516072,1.76915558220829,13.2086879560643,8.26640495237517,8.64183628128571,11.2409903538489,4.50067186210714,19.2885465729273,0.17931175697501
118,0.00385771260971968,9.561174506,3.584338900375,22.50578783875,-191.1728686125,0,0,0,1368.211094,0.000259187491486105,0.0695503456675146,"22",12.077323894677,2.64632955197511,13.9170615645032,8.20967931468951,8.20386737480519,11.4319298897655,-29.3553589115779,56.5529568129556,0.178185016812193
119,0.00393139369616884,7.304522081,3.54577025485714,21.9038978014286,-302.014034357143,0,0,0,1371.79586914286,0.000332868577935264,0.088469918593427,"22",10.6396424111116,2.51639187902509,13.1906516902455,8.47778945054616,9.82245102846726,12.1953167775986,-90.3279884250431,107.899401842486,0.181098719904138
120,0.00400514821915144,5.925453656625,5.08338699425,2.49493074775,-425.88024525,0,0,0,1374.0179365,0.000406623100917865,0.107056513404548,"22",9.75706102848764,2.71295067295124,13.3689212074657,8.16003406812248,9.12659979090659,12.0565543218017,-145.72021798132,162.533813848269,0.189095815802429
121,0.00407886123262019,5.12939392671429,9.008464971,0.000620094857142857,-522.133389928571,0,0,0,1375.22387085714,0.000480336114386615,0.125293764396413,"22",9.13984951175476,2.92647952454352,11.8571398709179,8.00294617163193,9.77782275473095,12.1034355579042,-204.831178061507,185.591573546484,0.204624694103783
122,0.00415242654401262,4.639163547625,14.79431905875,0,-548.2883443625,0,0,0,1375.315655625,0.000553901425779045,0.143168796923565,"22",8.79981565696534,2.92779184016426,12.2308128232216,7.85438490769914,8.62752714210714,11.7781831737665,-225.666774886834,189.881820975228,0.206894135929168
123,0.00422573352812545,4.93523550028571,15.3083228142857,0,-550.177652642857,0,0,0,1374.56572271429,0.000627208409891875,0.160668785602457,"22",9.51664175556905,2.70166850857404,12.1507563197155,8.21655131146431,9.77782275473095,12.1034355579042,-167.098485746192,166.96502134532,0.20022910325365
124,0.00429858735700596,5.484832651,15.65336621375,0,-525.508120875,0,0,0,1372.8816635,0.000700062238772385,0.177762370435359,"22",10.1130800599449,2.49632978459234,13.1785507902753,8.49267220062204,9.88714977348214,12.2626186077828,-114.071226073513,120.886171958665,0.188224012312654
125,0.00437068196175398,6.42156752671429,20.0023351685714,0,-365.329508157143,0,0,0,1370.43801471429,0.000772156843520405,0.194394975207094,"22",11.8900715799807,2.63053664868844,11.7163059194866,8.51515678507393,11.5618759766964,12.1554789715826,-53.5302890548988,69.2781880101961,0.187208027494556
126,0.0044410634252832,7.58400532775,19.8910606875,0,-167.1142069425,0,0,0,1367.35284825,0.000842538307049624,0.210369780556151,"22",12.5266557513696,2.30510780799435,13.3196616522036,8.39795485967788,9.02425411228571,11.7040184274529,-15.5794741084857,35.1301058147391,0.179878951746086
127,0.00450431082695413,8.84776802971429,21.1848392571429,0,-20.5771858108571,0,0,0,1363.83088814286,0.000905785708720555,0.224510822044214,"22",13.6007977649675,1.79124457334746,12.3455276773442,8.34838955052708,9.96956562480519,11.5375645189035,-5.04500846704541,36.567244473934,0.185453807348212
128,0.00453651066801715,10.5871191575,19.71256954625,0,15.812732086875,0,0,0,1359.591321,0.000937985549783575,0.231634063338531,"22",14.7915295164286,1.94010781098443,11.6383529636741,8.5682687778045,10.2255313082143,10.9426433750755,10.5070219136674,15.8790559257897,0.181552938788767
129,0.00456660000648539,12.2699499114286,19.6240683985714,0,28.3933138614286,0,0,0,1354.61300971429,0.000968074888251815,0.238244868911531,"22",16.1278586999554,2.0243381966727,12.3517859538527,9.29717790238346,9.47733985993304,10.3015902003444,21.3616790657678,9.4081876767621,0.177149195602757
130,0.00455039608672449,13.68505112,20.5947536,0,30.25432819125,0,0,0,1348.868805375,0.000951870968490915,0.234690203251478,"22",16.9882400893527,1.58251234242963,12.9184011027411,9.87382149755024,9.56989150511161,10.4064975057758,24.7456263823884,8.9106949791375,0.168476650840422
131,0.00448933186214062,14.8739416771429,20.30677277,0,35.4495581028571,0,0,0,1342.56577014286,0.000890806743907045,0.221179807271148,"22",18.2951206994133,1.93548238907072,11.8510813892296,9.96622087449913,12.0796947659184,11.3097409391423,22.9325977030153,8.43614381949822,0.158263564595931
132,0.00441998459524551,15.98026810375,20.61671866625,0,36.2447725675,0,0,0,1335.643837875,0.000821459477011935,0.205612133543432,"22",18.8445861688929,1.76091428824289,15.5101782206393,10.5052149540323,8.64101642925,11.8322186356017,21.0335868788286,6.72557324989199,0.141981215076551
133,0.00434856409269049,17.0251967342857,23.2200091428571,0,25.9911753328571,0,0,0,1328.24775642857,0.000750038974456915,0.189321620043382,"22",20.3696186117143,1.83145442349952,15.691363844975,10.5988493664491,7.70542652832142,10.695763496496,12.5963081649322,5.83058888104142,0.125885814738665
134,0.00427610497806216,18.2709713875,24.251301855,0,17.7364475975,0,0,0,1320.284009875,0.000677579859828585,0.172518466850202,"22",21.8610734559949,1.61484990270758,12.2612647229592,10.0975051456737,9.99254423758673,10.1611260489537,7.00832423163266,2.38377700986935,0.132231799495469
135,0.00420307281879471,19.7032567185714,22.6058990857143,0,5.96052170357143,0,0,0,1311.74231128571,0.000604547700561135,0.155291805171926,"22",23.2508047049235,1.49436936710657,12.5865517214566,10.3277054441544,7.53795353820663,9.35224731291501,5.99913209407398,1.94044005000961,0.108704620834642
136,0.00412966014844949,21.1090104375,24.2685129575,0,4.491471808125,0,0,0,1302.50531,0.000531135030215915,0.137671039365062,"22",24.2097336760417,1.20781482573099,13.918871481625,10.4204076446182,6.37925423724107,8.95571083109088,5.39578777815476,2.31177594076386,0.0988044096442267
137,0.00405600771901449,22.5006309428571,23.3970059214286,0,4.09020996285714,0,0,0,1292.68236171429,0.000457482600780915,0.119675094125895,"22",24.9589480387946,1.01651634308452,15.0602202962857,10.2098001964514,4.23295976576786,8.46504529706108,4.3590012849375,0.945238096860753,0.0874492188870793
138,0.00398219032985551,23.82257781875,23.98889495125,0,4.901724687125,0,0,0,1282.191441625,0.000383665211621935,0.10130792723837,"22",25.8988004030804,0.645488731193117,15.8459715853393,8.76739528866534,2.31915660153572,4.63831320307143,4.87055098061607,1.88571295832667,0.0741647784777938
139,0.00390827585362757,25.1180520628571,22.8804018542857,0,7.493366225,0,0,0,1271.15701085714,0.000309750735393995,0.0825722442558101,"22",26.6834788087054,0.363181601813934,15.9799838724553,8.37303087062832,1.13565733753125,2.2713146750625,5.19848524107589,1.91355734906773,0.0534089189047513
140,0.0038343117891864,26.35865720625,22.1708131875,0,7.493246641875,0,0,0,1259.501409625,0.000235786670952825,0.0634658896377527,"22",27.41381162875,0.576137487432005,16.0401084672321,8.22255174698475,0.002417913,0.004835826,5.04179602762946,2.23189811799064,0.0398967640909399
141,0.00376034600911107,27.5420801,21.9923605285714,0,6.367668878,0,0,0,1247.348798,0.000161820890877495,0.0439869035348899,"22",28.0792744980804,0.951641258433609,16.6461107095893,7.66496564919887,0,0,4.28059616145089,1.53150480727856,0.0270647956262888
142,0.00368642808414629,28.64191632625,23.26324952875,0,5.08801175,1.75,0.875,0,1234.633669375,8.79029659127148e-05,0.0241339175631019,"22",28.6278297960714,1.31171244148076,17.8403611501786,5.51929626216411,0,0,4.12373577192857,1.43549498583286,0.00892892586746743
143,0.00361261152652938,29.5366284142857,22.7043007385714,0,5.99558547228571,2,1,0,1221.50977828571,1.40864082958047e-05,0.00390685311244798,"22",29.1275860099554,1.67347790636234,17.9059137064286,5.37614237473686,0,0,4.12327591850446,1.43552850618745,0.00763962199016444
144,0.00353897794198282,30.34260321625,22.07447451875,0,5.996148102375,2,1,0,1207.969397375,-5.95471762507554e-05,-0.0166861031643828,"22",29.4839273451339,1.94032142622998,12.1115067052143,3.16297917852218,0,0,4.68391619603572,1.97036645690825,-0.00804178791182577
145,0.00346562773478723,30.87596813,8.16685677057143,0,5.99622296657143,2,1,0,1194.13413514286,-0.000132897383446345,-0.037630290396911,"22",29.4493890007589,1.79520779446186,10.0262806506518,5.07507454311675,0,0,4.40327936822321,1.62979003791096,-0.021683114299262
146,0.00339276418977288,30.676013855,4.985645618,0,5.996148102375,2,1,0,1180.21036425,-0.000205760928460695,-0.0588790861000295,"22",28.94740581025,1.67094946282684,11.6681891348357,3.8372414078856,0,0,3.89728587502857,1.34066197333531,-0.0342732142333509
147,0.00332071479241775,30.4327406814286,6.26428921671429,0,5.99622296657143,2,1,0,1166.42493842857,-0.000277810325815825,-0.0803440111361242,"22",28.9155748836429,1.51198097451986,14.2710305032321,3.69292289005646,0,0,3.89750375287857,1.34077319864011,-0.0432834332120276
148,0.0032504065061379,30.18148799125,8.699360101875,0,5.996148102375,2,1,0,1152.721372875,-0.000348118612095675,-0.101744001829054,"22",29.3755086182143,1.27119909516485,13.7136025611428,3.67597499825671,0,0,4.12240328946429,1.43523660316747,-0.0411641574097179
149,0.00318487727389358,29.9012830042857,9.34024265742857,0,5.99622296657143,2,1,0,1139.16664742857,-0.000413647844339995,-0.122110312775416,"22",29.4842530296875,1.21022513745809,13.3698968585,2.98505810964594,0,0,4.12283267509375,1.43605582273781,-0.0450908337253992
150,0.00315430325408791,29.612987825,10.861890374,0,5.9980715215,2,1,0,1125.71154975,-0.000444221864145665,-0.131756435259502,"22",29.5723343,1.23371975370631,13.7845804907143,2.52728107816651,0,0,3.90015256242857,1.07182670489811,-0.0489605798866235
151,0.00319712162498703,29.2368775142857,12.6043433385714,0,5.11181035728571,2,1,0,1112.42967742857,-0.000401403493246545,-0.118273155819634,"22",29.6621257746875,1.32958392286317,15.2327556471875,3.00888335296124,0,0,4.00031369415625,1.22893314688832,-0.0494054865679785
152,0.00325729139244,28.9873728325,18.17423812125,0,4.496147951625,2,1,0,1099.276559875,-0.000341233725793575,-0.0996280804182836,"22",29.8172173210714,1.4081654552354,16.8664270196429,5.14809902571574,0,0,4.12220428939286,1.43489020188895,-0.0277553270949113
153,0.00329411318680223,29.0854225157143,23.3882359271429,0,4.497167225,2,1,0,1086.195329,-0.000304411931431345,-0.0883870768973072,"22",30.1178021815625,1.43977321556036,16.76236461375,5.33478919826449,0,0,4.1218957815625,1.43442489266993,-0.0218936353859515
154,0.00328726048363108,29.7478501375,23.54133943625,0,4.497111076875,2,1,0,1072.9039965,-0.000311264634602495,-0.0904695313460353,"22",30.3773183328125,1.36509701915198,16.7308025195982,4.99844331450462,0,0,4.12192853466518,1.43441023732701,-0.0354903712430745
155,0.00330061537699429,30.55728241,23.0081638271429,0,4.497167225,2,1,0,1059.30302942857,-0.000297909741239285,-0.0864151406640072,"22",30.6975043633929,1.50045544191257,17.0275616039732,4.7363288721468,0,0,3.94165703696875,1.13470753400483,-0.0452749437782272
156,0.00335613018700611,31.33986789125,22.69911263,0,4.497111076875,2,1,0,1045.304320875,-0.000242394931227465,-0.0697354899631657,"22",30.9884085349107,1.62766566139324,14.8470137956518,4.61980160212776,0,0,3.74696261110715,0.864702839386533,-0.0479205869945687
157,0.00341784475711308,32.0789751557143,21.3473563357143,0,4.49257692614286,2,1,0,1031.000593,-0.000180680361120495,-0.051513906223863,"22",31.2178071830357,1.66753642021685,13.7462076575402,5.87992993447216,0,0,4.0005685125,1.22907032604122,-0.0494009172820867
158,0.00344254721168818,32.77610416875,21.65567244875,0,5.508958723,2,1,0,1016.335965,-0.000155977906545395,-0.0443124049900252,"22",31.4359565014285,1.70285442221036,13.3192163913348,6.27396810799462,0,0,4.12219025236161,1.43488531131279,-0.0485322784866468
159,0.00340329900973218,33.4360778842857,21.6897276828571,0,5.99542696628571,2,1,0,1001.40395474286,-0.000195226108501395,-0.0557788123744514,"22",30.6624346610714,0.905513865425154,9.84434016793749,4.53163408705548,0,0,3.37285670253572,0.749540348517231,-0.0475298335971936
160,0.00339985434591645,33.746601225,7.8107280545,0,5.9963069915,2,1,0,986.19215275,-0.000198670772317125,-0.0567914792448745,"22",31.0640203839286,0.541091452536076,7.2748021772619,2.11920119200127,0,0,3.49776553700595,0.865458624887642,-0.0591289589002098
161,0.00345537894619844,33.4268743157143,4.22279746471429,0,5.99383683171429,2,1,0,971.020667828571,-0.000143146172035135,-0.0405919392599587,"22",31.1605053709375,0.334980652286814,7.58998114225,1.50908447420581,0,0,3.74761595900446,0.865474833691277,-0.0416572063286782
162,0.00351677518635266,33.05113041625,4.6722975985,0,4.710237449875,2,1,0,956.0004982625,-8.17499318809152e-05,-0.0229796420345725,"22",31.6453611290179,0.909762168883283,8.41792990188394,3.91645210560829,0,0,3.74750462071429,0.865346295224066,-0.0222518359867115
163,0.00354893037241753,32.7039605885714,4.44324879371429,0,4.49666572371429,2,1,0,941.157103414286,-4.95947458160452e-05,-0.0138778172066045,"22",31.699593294375,0.861645927641099,9.82383815764732,5.286352468976,0,0,3.74760192197322,0.865458624820184,-0.0228664090199313
164,0.00351388137835281,32.31127692625,4.13611938675,0,4.497111076875,2,1,0,926.4589599375,-8.46437398807653e-05,-0.0238028391440643,"22",31.7310389615179,0.769197773134898,10.8563793394286,5.24746831016676,0,0,3.74762999603572,0.865491041955263,-0.0228901946011208
165,0.00345703314359365,31.9210558,4.55842624057143,0,4.497167225,2,1,0,911.958137471429,-0.000141491974639925,-0.040113322719904,"22",31.7123730199554,0.730770664092321,12.6245903000714,3.98183767967737,0,0,3.74760192197322,0.865458624820184,-0.0424901014536777
166,0.00340273393716415,31.5583142975,6.88968609725,0,4.497111076875,2,1,0,897.610234025,-0.000195791181069425,-0.0559448628644015,"22",31.6621500871428,0.753600740125199,13.9299851822143,1.55940125377126,0,0,3.74755363835714,0.865579218987666,-0.0457915288510444
167,0.00336648037282748,31.1728863985714,12.2423509581429,0,4.497167225,2,1,0,883.4538333,-0.000232044745406095,-0.0666562713770693,"22",31.6316703837946,0.802970684646903,14.6291277003616,1.78023285774967,0,0,3.74401739059822,0.869683813708373,-0.0470287308819097
168,0.00337468050395191,30.921093765,13.394813636625,0,4.497225408,2,1,0,869.4212005375,-0.000223844614281665,-0.0642234159459054,"22",31.5978208355804,0.849364443402641,12.2343073185536,4.63553554599137,0,0,4.16755264189286,0.790695798061507,-0.0456832805991058
169,0.00342969930755889,30.7134824457143,5.371829121,0,4.74010805728571,2,1,0,855.508335842857,-0.000168825810674685,-0.0480514788686834,"22",31.4979163550893,1.00061025351428,11.5112326593348,4.61957363904885,0,0,4.33780725978572,1.2636531290277,-0.0420704248223319
170,0.00349585573685501,30.3384761725,4.641278225375,0,5.9942191235,2,1,0,841.7096163375,-0.000102669381378565,-0.028945879580542,"22",31.3512806283929,1.18636728399556,10.2133425405893,4.76211980619458,0,0,4.1223939315,1.43370329714352,-0.0398328710776017
171,0.00356150966411998,29.9549127871429,4.89052529157143,0,5.99400642385714,2,1,0,828.099415414286,-3.70154541135953e-05,-0.0103395539183548,"22",31.157081525,1.39023794190959,10.4113924484375,4.80464272890273,0,0,3.90663154906697,1.08075502198061,-0.0398478050453095
172,0.00361154864871326,29.58165586875,5.15344010675,0,5.13322958525,2,1,0,814.6479229875,1.30235304796849e-05,0.00361259668164404,"22",30.9407915537947,1.65570200663912,12.5572326084643,3.17826299413578,0,0,3.7471165375,0.86489855753648,-0.0393998154331471
173,0.00359173172570704,29.0874007914286,13.6828710587143,0,4.49511339085714,2,1,0,801.401970542857,-6.79339252653531e-06,-0.0018896110407205,"22",30.7784086371875,1.82609336373813,12.8200072972054,5.41917207343359,0,0,3.74760192197322,0.865458624820184,-0.038646552989264
174,0.00353747001457066,28.84425187875,17.2307300825,0,4.497111076875,2,1,0,788.33059485,-6.10551036629155e-05,-0.0171122851702767,"22",30.6552529721429,1.94994728564261,14.6842413188929,3.64442078642076,0,0,3.74763935407143,0.865480236091474,-0.0287464834849235
175,0.00351810672036151,28.8379598014286,19.22454053,0,4.497167225,2,1,0,775.316768328571,-8.04183978720652e-05,-0.0226010901257974,"22",30.5705077259375,2.0284037232094,15.7294823121875,1.69980659391082,0,0,3.7475925639375,0.865469430414147,-0.0320610411741135
176,0.00356426765200147,28.9748695,18.04669361,0,4.497111076875,2,1,0,762.2567543125,-3.42574662321052e-05,-0.00956546631515121,"22",30.5423172521428,1.95526685177545,17.5224399214286,2.24462665821535,0,0,3.74680106860714,0.866450556746468,-0.0395240802994513
177,0.0036207554511725,29.2197408957143,17.8890224157143,0,4.497167225,2,1,0,749.125226714286,2.22303329389249e-05,0.00615861992703515,"22",30.6541921412053,1.80524346356946,17.4564775717857,2.38349602662789,0,0,3.86836198130357,0.753213135233025,-0.0282396329793081
178,0.00363179212749611,29.4691077975,17.422046955,0,4.497111076875,2,1,0,735.8621434125,3.32670092625348e-05,0.00920215309080152,"22",30.7675285986607,1.51004996110562,17.3812058587053,2.1836951844419,0,0,4.58109809229911,0.166199200077111,-0.0172442876122696
179,0.00357655841372226,29.6993143228571,16.72797055,0,4.49510561242857,2,1,0,722.514591557143,-2.19667045113152e-05,-0.00612307088340724,"22",30.8597747716964,1.20738285512869,17.6526547820982,1.49312085945171,0,0,4.66776610176786,0.495372261996019,-0.00802629382236333
180,0.0035083888665156,29.91065366125,16.618912495,0,5.394894512125,2,1,0,709.0366734125,-9.01362517179752e-05,-0.0253671517123086,"22",30.93226158125,0.937726306521682,18.0133517994196,1.81937850694273,0,0,4.83994151582589,1.89155717486888,-0.00393668124229141
181,0.0034378308459376,30.1056354014286,18.3290768,0,7.48750048557143,2,1,0,695.495472642857,-0.000160694272295975,-0.0456833663856626,"22",30.9914602342857,0.648801157237022,17.8419544808929,1.40084216849719,0,0,4.34436540916071,1.84365209016641,-0.00509412377513909
182,0.00336641494041701,30.32519997875,18.543630955,0,6.89677764175,2,1,0,681.8386715625,-0.000232110177816565,-0.0666757080103411,"22",31.0352344885714,0.398172050553443,17.9397119995536,0.981917499925362,0,0,3.74477832189286,0.862405085450496,-0.00905269955561465
183,0.00329482290472015,30.52048814,18.2030159914286,0,4.48609832242857,2,1,0,668.110551314286,-0.000303702213513425,-0.0881716497359983,"22",31.0535431271428,0.229671016332721,17.8310177516964,0.720175912742185,0,0,3.74735034569196,0.865724286729932,-0.0149716623324645
184,0.00322353727349833,30.73067886625,17.9656785375,0,4.49706789725,2,1,0,654.2656222875,-0.000374987844735245,-0.110044780150469,"22",31.0377072822321,0.293307199831421,17.5831836410268,0.667329051891718,0,0,3.90129077917857,0.732391300935469,-0.0214671344507976
185,0.00315316429641567,30.9213232614286,17.7907210085714,0,4.497167225,2,1,0,640.355196828571,-0.000445360821817905,-0.132117581040875,"22",30.9688098306696,0.439254170887316,17.0422667574107,0.411531461273385,0,0,4.12283123828572,0.749813693973719,-0.0508769383059941
186,0.00308529238076266,31.11408987875,17.64302613625,0,4.497111076875,2,1,0,626.334182375,-0.000513232737470915,-0.15387763968413,"22",30.8849875312946,0.613812067919979,17.4531488594196,0.979259596526538,0,0,4.12087511585714,0.748539521899364,-0.0353498312023501
187,0.00302817385062145,31.2722563785714,17.9460971242857,0,4.497167225,2,1,0,612.257147528571,-0.000570351267612125,-0.1725643186358,"22",30.8335687206696,0.762221938502722,17.3537141543303,0.544416132867492,0,0,4.19397936762947,0.808601898292888,-0.0454716506027343
188,0.00302585529430561,31.3707308475,17.7682054125,0,4.497111076875,2,1,0,598.098882275,-0.000572669823927965,-0.173330273439484,"22",30.8507253396875,0.848622539009988,16.5052664229464,3.10920451309127,0,0,3.3729238905,1.43513919433707,-0.0539918296274318
189,0.00307217961215385,31.4824816528571,18.5816830228571,0,4.497167225,2,1,0,583.911609342857,-0.000526345506079725,-0.158136786301596,"22",30.9202115909375,0.850462116667266,14.8400743322768,1.90376723742243,0,0,3.37291278453571,1.43509336538004,-0.0563171741684774
190,0.00313795378796315,31.5474879075,14.969713485,0,4.497111076875,2,1,0,569.6650670625,-0.000460571330270425,-0.136953140444919,"22",31.0074743041964,0.726164195180082,12.5259340674018,2.44124016055504,0,0,3.44798289432143,1.30657481715362,-0.0521692585670911
191,0.00320789250592693,31.4597398628571,13.7591789385714,0,4.497167225,2,1,0,555.436430871429,-0.000390632612306645,-0.114909887437585,"22",31.0243799607143,0.517979962450389,7.72881843103125,3.41380599143274,0,0,3.74613243469196,0.867158805127041,-0.044153653280352
192,0.00327900452815562,31.22038748875,7.244344821375,0,4.497111076875,2,1,0,541.2679723375,-0.000319520590077955,-0.0929841906111504,"22",30.9260207774107,0.255129553868466,7.21894506608928,3.79303787443626,0,0,3.74762999603572,0.865491041955263,-0.0338387093672273
193,0.00335031608474108,30.8255411314286,7.08174817985714,0,4.497167225,2,1,0,527.2562165,-0.000248209033492495,-0.0714693750381095,"22",30.8227480322321,0.338673858527972,7.67455848593302,3.78190993542828,0,0,3.74805796078572,0.865985533290133,-0.0224981730766698
194,0.00342095541084679,30.40688247625,7.835569795875,0,4.498935232125,2,1,0,513.4169246875,-0.000177569707386785,-0.0506041987369166,"22",30.7062057962053,0.619246822098404,8.24101404971429,3.39787731111099,0,0,3.92855369197322,1.11372660300923,-0.0108269308839105
195,0.00348902264104886,29.9965701685714,7.06407546642857,0,5.220021223,2,1,0,499.775566314286,-0.000109502477184715,-0.0309024198151997,"22",30.5551985033929,0.866713631374636,9.15611838158483,4.02181610121566,0,0,4.09172742427232,1.46676035984954,0.00175757471762621
196,0.00353925592628219,29.603826415,7.981903376875,0,5.9942086275,2,1,0,486.3065521125,-5.92691919513852e-05,-0.0166075569346784,"22",30.2797285328571,0.946208307112573,11.0013077140071,5.93523624795685,0,0,3.96575770674286,1.59232215519703,0.00787716028457197
197,0.00351806182953875,29.0927422557143,14.6466014042857,0,5.99622296657143,2,1,0,473.045134428571,-8.04632886948252e-05,-0.0226138501445963,"22",30.03487490725,1.10402567595367,12.6730919716393,4.65904171301133,0,0,4.19677760190714,1.2548303241159,0.0168227773115292
198,0.00346451691922776,28.77666790375,14.97723824625,0,5.996148102375,2,1,0,459.9781604375,-0.000134008199005815,-0.0379508653898961,"22",29.8470433191429,1.28288376108121,14.0513362168821,2.80793387400105,0,0,4.19736913836786,1.25416762864292,0.0189121318329857
199,0.00344382368029317,28.5912283642857,18.6230893,0,5.99622296657143,2,1,0,447.031214085714,-0.000154701437940405,-0.0439416818319032,"22",29.7474947653214,1.4458004945079,14.8899401810357,2.60450498326638,0,0,4.19849797755357,1.25453272464122,0.0162908831449517
200,0.00349619555012873,28.5408858075,19.05634817625,0,5.996148102375,2,1,0,434.1249851,-0.000102329568104845,-0.0288486797030467,"22",29.75016854775,1.57595364660629,14.1221413202322,4.29421200745864,0,0,4.43823063182143,1.42836418945731,0.0114814907910858
201,0.00356414688615422,28.6726342685714,19.1181430814286,0,5.99622296657143,2,1,0,421.211068185714,-3.43782320793551e-05,-0.00959934926155626,"22",29.8014187844643,1.69852248278964,13.6735998299,4.52129704421813,0,0,4.73672782345714,1.59187078520188,0.0138773268620889
202,0.00363460339899977,28.84302562875,18.02725516,0,5.996148102375,2,1,0,408.2145763375,3.60782807661947e-05,0.00997592643036072,"22",30.0406234941071,1.65948939614889,15.0917036385417,2.01147711524876,0,0,4.49704256115179,1.64202408216646,0.0321005016080636
203,0.00370533237368518,29.0018419442857,18.3142850028571,0,5.99622296657143,2,1,0,395.154955457143,0.000106807255451605,0.0292488912831592,"22",29.78571996475,1.72500656199119,16.3588481145,1.83546173176504,0,0,4.79694842752143,1.6421059531341,0.053794431982539
204,0.00377477706022066,29.1067367775,18.1056084875,0,5.996148102375,2,1,0,382.0259065,0.000176251941987085,0.0478172506274603,"22",30.1156865475595,1.77398997396789,16.1393050311905,1.92590420069855,0,0,4.49714227011012,1.64213328968983,0.0602968274891508
205,0.00383848489260305,29.2297320557143,17.83734816,0,5.99622296657143,2,1,0,368.852374042857,0.000239959774369475,0.0645536556486146,"22",30.107751115625,1.67333058625042,15.7209298973214,2.04659857449065,0,0,4.49760128950447,1.73148347627772,0.0860802485096432
206,0.003855457982099,29.3931848175,17.74123306875,0,5.996148102375,2,1,0,355.608415275,0.000256932863865425,0.0689657280710039,"22",30.0663691702232,1.60792968839088,16.0286478167857,1.58558091176428,0,0,4.2760547145,1.51919274492893,0.0986792770722303
207,0.00380900536295955,29.5472894714286,17.5643016028571,0,5.99622296657143,2,1,0,342.307453885714,0.000210480244725975,0.0568440217934842,"22",30.0184279811607,1.56390192044608,16.5023442245982,1.49774743158119,0,0,4.12212039703572,1.4351251604556,0.101989376150932
208,0.00378086968320992,29.69187928,18.1734877275,0,5.996148102375,2,1,0,328.9226320375,0.000182344564976345,0.0494299846144788,"22",29.9318573971875,1.49339087994475,17.8480535695089,1.02974541692525,0,0,4.12239393142857,1.43524637740575,0.0962267027462907
209,0.00381355522561668,29.8074999457143,16.6400238385714,0,5.99622296657143,2,1,0,315.489888357143,0.000215030107383105,0.0580378104227064,"22",29.8327228986161,1.40955966605863,17.6160375632589,0.458737016209848,0,0,4.12236117834822,1.43520890987919,0.0857984013793588
210,0.00383696463274008,29.88380872125,17.62660545875,0,5.996148102375,2,1,0,302.002314575,0.000238439514506505,0.0641575199335094,"22",29.7325723707143,1.30403491597609,16.9811897661607,0.963137890722203,0,0,4.12236925728572,1.43523778763852,0.0750795916862239
211,0.00383526191584851,29.8930044028571,17.4950893557143,0,5.99622296657143,2,1,0,288.502906471429,0.000236736797614935,0.063713654814471,"22",29.6435714569197,1.20199900350538,16.5589576181697,0.94150072800649,0,0,4.16645350019196,1.45315658530327,0.0579937717232018
212,0.00380341089623331,29.840650605,16.689006905,0,5.996148102375,2,1,0,275.0049778125,0.000204885777999735,0.0553741947645996,"22",29.5788042919196,1.13493592409059,16.6672585746875,1.11682668673929,0,0,4.87533811364286,2.25391235841771,0.0500492370020091
213,0.00378122993403315,29.7797830528571,16.5511850457143,0,5.99622296657143,2,1,0,261.540222885714,0.000182704815799575,0.0495252626013363,"22",29.5589185449553,1.09925705165636,17.0410344644196,1.64863768261491,0,0,4.72511464362946,2.02865054683313,0.0463510638930889
214,0.00377496128784775,29.72510936625,16.54430126625,0,5.996148102375,2,1,0,248.0965382125,0.000176436169614175,0.0478660543379341,"22",29.5197380742411,0.994794715368739,17.3070310519643,0.835061814038137,0,0,4.39641579810714,1.6230075671346,0.0481571011670811
215,0.00375545078893089,29.6743613728571,16.5963186785714,0,5.99627231485714,2,1,0,234.684357714286,0.000156925670697315,0.0426842550270399,"22",29.4638720864732,0.856155107513041,16.6566302786607,1.47417758040541,0,0,4.11837538731696,1.42760895969505,0.0528874098992576
216,0.0037786500776411,29.629954145,16.48067010625,0,5.978275958875,2,1,0,221.286524175,0.000180124959407525,0.0488427500694018,"22",29.3910580954911,0.756220555300731,17.2018822791518,2.26125579125315,0,0,3.74598307210714,0.863769492934363,0.0582800365703644
217,0.00384035796787443,29.5771566671429,16.5526191328571,0,4.49088496,2,1,0,207.9195217,0.000241832849640855,0.0650415091686769,"22",29.2388755874107,0.607586237118551,18.2091290773214,1.23373212276692,0,0,3.74426456703125,0.86930600794006,0.0630238439281544
218,0.00390863993164113,29.5276263075,16.40775723625,0,4.49706789725,2,1,0,194.5651339375,0.000310114813407555,0.0826653955739287,"22",29.0452542727679,0.473068570008174,17.9711738060268,1.48926872245562,0,0,4.07989357946875,0.71687100332838,0.0650579597683516
219,0.00397666474344942,29.4779101157143,16.56227933,0,4.497167225,2,1,0,181.241339457143,0.000378139625215844,0.0999193890367973,"22",28.8076613524107,0.4456358987745,18.7361524559375,2.72701596485257,0,0,3.38597348554911,1.40839681347533,0.0654747755004622
220,0.00403793533236918,29.45270871625,17.7013609425,0,4.497111076875,2,1,0,167.9258574375,0.000439410214135605,0.115209429834083,"22",28.4937852748571,0.569555380076381,17.7379974303214,3.0899558806607,0,0,3.59749229087857,1.34114290052315,0.0677836839779229
221,0.00404940304708481,29.4632848142857,16.6477533914286,0,4.497167225,2,1,0,154.623206957143,0.000450877928851235,0.11804539924205,"22",28.246078052,0.82046496445019,16.8764401695357,4.03687928539271,0,0,3.59770383426429,1.34078156883736,0.0701098609932218
222,0.00399835090829801,29.45529548125,17.033594935,0,4.497111076875,2,1,0,141.3160196375,0.000399825790064435,0.105357928270815,"22",27.9171125035357,1.10597497805879,16.3601446019286,5.36076858806194,0,0,3.59771880710357,1.34079412394478,0.0692658051324578
223,0.00395679749597902,29.4180520514286,17.1578445342857,0,4.497167225,2,1,0,128.028022571429,0.000358272377745444,0.0949109102918202,"22",27.10096902125,1.56710097544736,16.2099939555417,4.77988591082742,0,0,3.49742947007738,1.22475246879419,0.066111134928134
224,0.00394611632866002,29.36841848375,16.721760085,0,4.497111076875,0.75,0.375,0,114.7517630875,0.000347591210426444,0.0922078127282111,"22",26.5722826543214,1.84558324166959,15.799230539225,4.95969818047339,3.87633714285714e-05,8.66775335513588e-05,3.42522417444643,0.995803408565086,0.0622638019401333
225,0.00395659618821513,29.3205420214286,13.7840928801429,0.000193816857142857,4.497167225,0,0,0,101.496876547143,0.000358071069981555,0.0948600325605007,"22",26.4465287368572,1.63250964581315,14.0319438891536,8.01835641918523,0.06891077565,0.154089178735637,3.89704121622143,1.33935296774728,0.0698760163029637
226,0.00392873251237594,28.92000312125,4.500118565375,0.34455387825,4.497111076875,0,0,0,88.3213758625,0.000330207394142365,0.0877927834543053,"22",25.5712378998929,1.70407135280855,16.0633669465143,9.88857825487361,1.39176684551429,3.11208527540039,3.89315785303571,1.3482718326466,0.0698290126310449
227,0.003886859865854,28.0047867342857,4.31413204557143,6.95883422757143,4.49785094385714,0,0,0,75.4531257585714,0.000288334747620425,0.0770775250162039,"22",23.8236071129762,2.08587882593244,17.4740893716071,9.66695236240147,2.75534359444048,6.74916632593591,5.78019292105357,2.68492121214283,0.0741861297851176
228,0.00391286136602981,26.7199036775,4.2947753515,16.5320216675,4.93738243725,0,0,0,63.073256535,0.000314336247796235,0.0837448391564264,"22",22.1810149169643,2.03651734674256,15.6311698301929,10.6032128320421,4.34916110957142,9.48241221639817,7.50612703841428,3.75390195980686,0.0730228242401417
229,0.00397751380562792,24.79157767,3.991328708,21.3084321828571,7.68570599342857,0,0,0,51.4100965142857,0.000378988687394344,0.100132877370039,"22",20.9851322888214,1.76860564192997,12.0366985449107,11.3296543674314,11.3068631318929,10.6642511915269,7.22725146191786,2.54494170920134,0.0898641532182309
230,0.00404804630618229,22.537089645,3.7100606765,21.3707927375,11.248051395,0,0,0,40.73194058375,0.000449521187948715,0.11771029597125,"22",18.4674858819133,2.08450466908004,15.4998872775383,11.2215536367567,9.1109225482398,11.372976832325,15.8604508690944,5.22951190439406,0.10327395597709
231,0.00412018444469581,20.5038090228571,3.64602714071429,22.18646369,20.2334383114286,0,0,0,30.9967112571429,0.000521659326462235,0.135373854834139,"22",16.849721128801,1.96084329278802,14.7598670290791,10.9042613709636,9.30637180056123,11.6290994695682,22.0833771743112,5.16221317640691,0.115127321171665
232,0.0041930669681353,18.68457461625,3.49558858025,23.14148859125,22.01389940375,0,0,0,22.10001898,0.000594541849901725,0.152908363397074,"22",14.3108765744,2.35982048197533,14.837334706675,10.3416269434591,9.21766302657143,11.9300905756484,20.8129904711321,12.4514450769192,0.123252702513137
233,0.00426629485734278,16.7368692828571,3.353707751,22.7409387971429,15.3604578628571,0,0,0,14.1719408371429,0.000667769739109204,0.170221659163521,"22",10.7601032704519,3.73231917519913,14.906301540956,9.91761282134037,9.65806318188187,12.7271556119696,11.3494606799135,31.5180151281994,0.135269139746764
234,0.00433967772643618,14.8390110375,3.295318252625,24.07921223875,-3.7544092325,0,0,0,7.117724081875,0.000741152608202605,0.187276011890775,"22",5.52594029884375,4.96648347676635,10.1866734285036,8.7081921998318,15.250922870467,15.0306985993009,-17.2117041486205,69.0744566498298,0.142697420744579
235,0.00441307086576319,12.67036774,3.31481636085714,25.2660938371429,-50.9923148228571,0,0,0,0.903415387428571,0.000814545747529615,0.204046711302359,"22",4.37482643943431,3.36890974626543,7.55870991417602,6.65234395655837,13.0971034277347,14.0293710864205,-244.585004100948,259.604914919092,0.151380109482043
236,0.00448634525326371,10.40960329075,3.210900599125,25.65303833625,-140.520148505,0,0,0,-4.290222208125,0.000887820135030134,0.220514317886406,"22",5.18863772759643,1.72694020531578,6.94661272376548,5.90559292714772,9.22844388995833,11.5197891205483,-453.821424037821,163.292299618091,0.162608723213903
237,0.00455936300537303,8.12482057214286,3.14107718571429,25.3646194542857,-264.7138818,0,0,0,-8.39840480514286,0.000960837887139454,0.236658843971172,"22",4.52198620252083,0.949130029264351,6.49590260325149,5.04656860527284,7.26612028834077,10.3977009277934,-516.808522579316,108.107469444264,0.168087390821654
238,0.00463189446832168,5.76219400775,3.37717390025,23.71819366875,-426.5141353125,0,0,0,-11.10340618625,0.0010333693500881,0.25244187849702,"22",3.97614276002041,0.255546168110586,5.36890521369643,3.0868842785666,2.55379360455357,5.14827329371105,-592.544702131888,22.2687341871953,0.184515012007446
239,0.0047035921491347,4.46406998757143,3.42491866342857,13.9924505385714,-547.815047428571,0,0,0,-12.5150751171429,0.00110506703090112,0.267802425181637,"22",3.87354479286161,0.0941827998717265,4.92814653655804,1.63845954939688,0.691340827647322,1.38194029627295,-605.818161766072,8.03027881887638,0.191335563198553
241,0.00483887799392578,3.82434681157143,7.16139229185714,0.00111218771428571,-604.151327814286,0,0,0,-12.7583041971429,0.00124035287569221,0.296158795157345,"22",3.88994411995833,0.108129422971567,4.18373128479167,0.837794807897737,0.921417040958333,1.59594112989961,-606.373773083333,9.74042315549614,0.194168623521763
242,0.0048725241401618,3.734856380125,11.5636321675,0,-592.9157564875,0,0,0,-11.89459280875,0.00127399902192822,0.303088027353271,"22",4.01635715666964,0.254519453443472,4.33645072139583,1.57497375161362,2.97942587197916,5.50308038653496,-592.482859739286,24.3935176043793,0.188002453635264
243,0.00483323355292721,4.08451280085714,13.4972571685714,0,-523.179947057143,0,0,0,-10.5508695614286,0.00123470843469363,0.294991637087408,"22",4.27119947680754,0.666542875115663,4.86842691159722,2.85479507277757,6.84124375826389,9.65057548234256,-557.802819580357,71.7493051006672,0.181390332837015
244,0.00476836203100591,4.877458894125,17.8308698325,0,-358.962882,0,0,0,-8.67719312075,0.00116983691277233,0.281478777247793,"22",4.2525308092125,0.631189525897052,5.73130993729464,3.83275183565928,6.1571193824375,9.3523093503816,-554.340532328036,68.5262084744969,0.172577990004158
245,0.00469939954599463,6.12848719342857,20.17770026,0,-190.148329214286,0,0,0,-6.25576662657143,0.00110087442776105,0.266910665736415,"22",4.79912730787637,1.35065564116977,6.23783910959478,4.92049707159818,8.658312531875,11.1489652446743,-497.416627134753,124.90749558493,0.166783082563165
246,0.00462917910314693,7.626048653375,20.661280485,0,-42.70262863625,0,0,0,-3.17814146775,0.00103065398491335,0.251855474518482,"22",5.51494807529353,2.11829083526812,6.71313071597544,5.78127848033219,10.2549810428516,11.8625023376225,-434.24009431702,176.129513952326,0.160540666261313
247,0.00455888866331244,9.02814936614286,20.0452787628571,0,-0.0708538944285714,0,0,0,0.535333993428571,0.000960363545078865,0.236554801646427,"22",4.20248114585251,3.30490623137581,7.09624440126191,6.30372403382956,13.5821813324656,14.0553036793504,-253.641083738226,260.004120580224,0.155638844090262
248,0.00448986598258325,10.616954097625,19.840272875,0,19.47145638875,0,0,0,4.928828550375,0.000891340864349675,0.221298775678036,"22",5.03812496920323,4.33292204152669,9.74403472473725,8.52958939097165,15.7339902852066,14.8164415122406,-61.1475717935936,123.734056376969,0.150658990382528
249,0.00442640006242642,12.1356184185714,19.2844822685714,0,18.76528633,0,0,0,10.0130778794286,0.000827874944192845,0.207062549370646,"22",6.15907420288861,5.3274302725763,10.1115086174753,9.00716694614704,15.67131760229,14.7762367233782,-5.99491310200255,55.0920982242887,0.140900127617848
250,0.00440510239029829,13.40030522375,19.61262789375,0,17.9896859525,0,0,0,15.740817735,0.000806577272064715,0.202239426001488,"22",12.0810617385714,3.473497198167,13.9628707111883,10.499572757767,11.085666549237,12.7562430583349,13.8329430298295,26.3353182929975,0.132938971785647
251,0.0044456602375377,14.4874877142857,19.4811374185714,0,21.7637199742857,0,0,0,21.97958178,0.000847135119304125,0.211404315382582,"22",14.2912531144127,2.50210204498098,14.3213566275754,10.8315639828068,10.2418478073016,12.1785551710344,20.7073538596706,13.2019981541646,0.129549246289526
252,0.00450484091150021,15.56278254125,21.77243135875,0,21.04188421,0,0,0,28.7324719,0.000906315793266635,0.224628498946617,"22",16.5653049833705,2.16059822602122,13.0641216861942,10.6562307537705,10.9856926751339,11.7676455250712,20.861487478192,5.46178670569181,0.123550488692815
253,0.00455317183599821,16.75574988,23.9552046685714,0,16.2709966135714,0,0,0,35.98604307,0.000954646717764635,0.23530001894623,"22",17.7960764110969,2.19306947955927,14.8276107868418,10.8185560798914,9.46273481752551,11.8197725668972,18.7658610728572,4.12302954626598,0.112985841871394
254,0.00452943060300591,18.1818057375,23.14371138625,0,7.4825121045,0,0,0,43.86329695125,0.000930905484772335,0.230072159045807,"22",19.9550239208214,2.22181939985974,12.1472863487536,11.5908572385068,12.84721182675,11.7399805797748,13.0818382390536,5.1568334146818,0.108820472674251
255,0.00446571429202193,19.5731041871429,22.6727369971429,0,11.1188496925714,0,0,0,52.37106241,0.000867189173788355,0.21590509981727,"22",21.6195398523512,2.21747840425016,10.6958035720923,10.6525513581088,12.9737913070536,10.3755915507335,7.30366055050298,2.28394674532848,0.0955474231964777
256,0.0043965917119252,20.89528824,22.55856077375,0,11.232867444625,0,0,0,61.51666103125,0.000798066593691625,0.200305552650913,"22",22.4898968315357,1.90567541709998,11.9052050155286,10.8311658688882,7.24610515271428,10.0189507666521,6.15854071843214,3.25829148466205,0.0768194161950478
257,0.00432664568473274,22.14744362,22.67571782,0,5.091286476,0,0,0,71.22880665,0.000728120566499164,0.184268496337189,"22",23.7882701685357,2.08372854670731,12.3498699706286,10.4541388147285,3.39388698632857,7.3468818470294,5.918936165525,2.97744870811323,0.0615853167509846
258,0.00425824112493317,23.3538842025,23.0667529775,0,1.4812991585,0,0,0,81.51065645,0.000659716006699595,0.168332117109001,"22",24.9316583859286,2.10922031533434,12.7333330133929,9.97741716178957,1.39177482534286,3.11208081458856,4.61514340426071,0.266181300009216,0.0534973153235318
259,0.00420078127275551,24.3845636571429,19.1725542842857,0,1.50113644585714,0,0,0,92.3010133328571,0.000602256154521935,0.154746449192039,"22",25.9249791041429,2.02065314609066,12.4645352041607,9.2766257083312,0.06891077565,0.154089178735637,3.893983064725,1.34873130648342,0.0659511972674041
260,0.00420956423568039,24.71449159625,17.60553932625,0,2.644322678625,0,0,0,103.41389099875,0.000611039117446815,0.156835059202183,"22",26.6526005788929,1.78110774290865,13.0863849517322,5.74343372367355,3.87633714285714e-05,8.66775335513588e-05,3.89702930394643,1.33934629539341,0.0670897183373401
261,0.00425425303375156,25.0241377214286,20.2106007228571,0,2.99861298485714,1.28571428571429,0.428571428571429,0,114.628394571429,0.000655727915517985,0.167395119959788,"22",26.9593188875447,1.88226539850029,14.696387993317,4.96887614873042,4.84542142857142e-05,9.69084285714285e-05,3.53187697184375,1.11639319987567,0.0718211944873746
262,0.00423966698299619,25.62169682375,20.62627172125,0,2.998074051,3,1,0,126.06873095,0.000641141864762615,0.163960648073837,"22",27.3087446559375,1.77932331125633,16.53600935925,4.53084283904391,0,0,3.37234792314732,1.43629063052785,0.0745351595381043
263,0.0041771048262411,26.31405746,23.8380776985714,0,2.99811148314286,3,1,0,137.786490757143,0.000578579708007525,0.149094305273758,"22",27.6568585437143,1.35978628531826,17.1572169658929,3.9324331485888,0,0,2.99757795684643,1.49968551156051,0.0723801138747834
264,0.00411036418863169,27.1482794175,22.69846277875,0,2.998074051,3,1,0,149.86173145,0.000511839070398115,0.132987559357852,"22",28.0172876935,1.11970235675039,17.8609111105,4.24657349839213,0,0,2.99809651041786,1.49904638387031,0.0730363675800895
265,0.00404753269621374,27.9531525928571,22.6282065842857,0,2.99777368914286,3,1,0,162.308721014286,0.000449007577980165,0.117583409443085,"22",28.2955724223571,0.819940771644429,18.1460184652143,2.98608135966702,0,0,2.99793006656429,1.49924511036255,0.0712951762930706
266,0.00397935670522149,28.71346824875,22.76522721875,0,2.986256221875,3,1,0,175.1147372375,0.000380831586987914,0.100596099582261,"22",28.5557014584286,0.55738127625387,18.5751043360357,2.43762717610362,0,0,3.01074195919286,1.48335182046521,0.0696755803172655
267,0.00391405177335272,29.3319538271429,20.0750387457143,0,4.31271336,3,1,0,188.229669628571,0.000315526655119145,0.0840490222438,"22",28.8418118303214,0.401333770368244,18.2904055525,2.55727741221728,0,0,3.31129531963929,1.23110194898467,0.0697670485484178
268,0.00387944766090904,29.76844766875,18.95595829625,0,2.98446238,3,1,0,201.582673425,0.000280922542675465,0.0751687139166943,"22",29.102514428,0.434871232643216,18.1577445709286,1.42490305329493,0,0,3.863578380825,0.786965640058765,0.0689517859549231
269,0.00388844639435804,30.0514748514286,14.8637204557143,0,2.99780605242857,3,1,0,215.101602214286,0.000289921276124465,0.0774856191625064,"22",29.3277230411072,0.560103653555323,18.6512722899286,1.35606691144119,0,0,3.593789876375,0.821796064590378,0.065849322830731
270,0.00390256450367213,29.97932530625,14.95437311875,0,2.998074051,3,1,0,228.6560158875,0.000304039385438555,0.0811098277767055,"22",29.5053219776786,0.825698036933836,16.7530339308482,1.52863791880442,0,0,4.11784017986161,1.42751288328999,0.0615084471939494
271,0.00393561796181771,29.8780738385714,16.8767904685714,0,2.99811148314286,3,1,0,242.172710257143,0.000337092843584135,0.0895438374157482,"22",29.5709927019643,0.958859707514643,16.6702173637054,1.44487331988287,0,0,4.12286511827678,1.43544093088843,0.0562991665690845
272,0.00395565930454788,29.87573983625,18.38195908,0,2.998074051,3,1,0,255.6594991,0.000357134186314305,0.094623214209828,"22",29.2685218972857,1.15325302289809,16.7847491323929,1.23537094579171,0,0,4.89874027001786,1.79923539341186,0.0497854593814619
273,0.00394659244865798,30.0184330485714,18.1360143728571,0,2.99811148314286,3,1,0,269.184076457143,0.000348067330424405,0.0923284607845138,"22",29.4678914887797,1.20020249175712,16.6921427528869,1.4337838334233,0,0,4.90125857392857,2.13975111500782,0.0531793415410096
274,0.00397672339553955,30.27437243375,17.62535349125,0,2.998074051,3,1,0,282.7927134625,0.000378198277305974,0.0999341379935013,"22",29.472557918125,1.23478624525559,16.4547210390774,1.02426955810954,0,0,4.52881157296131,1.90181163359936,0.0626489192310679
275,0.00403997445347134,30.55087854,17.7602687657143,0,2.99811148314286,3,1,0,296.524565257143,0.000441449335237765,0.115714293381473,"22",29.8433273616071,1.15687907834086,16.6244640743214,1.08084176411587,0,0,3.89751021602857,1.34079773734689,0.0745401732254138
276,0.00410859944683224,30.86309742875,17.51040429,0,2.998074051,3,1,0,310.388890675,0.000510074328598664,0.132558127652859,"22",29.9326319891429,1.22716170730815,17.26304947525,1.00962853300744,0,0,3.89751123930714,1.34076692108708,0.0859008889563804
277,0.00417754958842675,31.14278384,17.3535916785714,0,2.99811148314286,3,1,0,324.394899885714,0.000579024470193175,0.149200775787881,"22",30.0415971646429,1.29590915427736,17.95347258675,0.884898950522811,0,0,3.89752995534286,1.34080877145014,0.0969102965702883
278,0.00424481481746685,31.3673270475,17.13336747625,0,2.998074051,3,1,0,338.5075954375,0.000646289699233275,0.165174118761161,"22",30.1514734871786,1.36795481363352,17.0094695948929,1.66818634390102,0,0,3.89731861425714,1.34065930695746,0.10632091175807
279,0.00430510213432294,31.5620153185714,17.00918773,0,2.99811148314286,3,1,0,352.7216261,0.000706577016089365,0.179276785481885,"22",30.0176971024554,1.54944847876946,16.0596927533482,1.61217165499518,0,0,4.27604535646429,1.51920324096681,0.10600632329129
280,0.00431393698659697,31.80987951,17.072546685,0,2.998074051,3,1,0,367.0261704125,0.000715411868363395,0.181326864391923,"22",30.0457850677679,1.59189508545937,15.7050901585714,2.03284971478874,0,0,4.49761064754018,1.73147267048252,0.0947390317716686
281,0.00425794640638055,32.1022804771429,18.4591266028571,0,2.99811148314286,3,1,0,381.459570071429,0.000659421288146975,0.168262903380503,"22",30.0810889029911,1.67013004302109,15.8132979673214,1.97543280852446,0,0,4.49714850878572,1.73098208347575,0.0781225582001272
282,0.00418950683448585,32.2997918125,12.17851978375,0,2.998074051,3,1,0,396.016623175,0.000590981716252275,0.152058950349867,"22",29.655073628006,1.57573122802018,16.6847542625595,1.82549300712906,0,0,4.9968275173631,1.54819878322855,0.0565217142824701
283,0.00411836670809598,32.1522859828571,6.01343300485714,0,2.99811148314286,3,1,0,410.586053585714,0.000519841589862405,0.134932579043897,"22",30.1582063190625,1.8356222164532,15.0392995553125,2.40637107021075,0,0,4.49696151325,1.7307661768626,0.0419906427051941
284,0.00404598174735341,31.82512298,7.242188221875,0,2.998074051,3,1,0,425.0357899375,0.000447456629119835,0.11720015224331,"22",30.1058032407143,1.79754458882728,13.5630665072857,5.47457819989708,0,0,4.42205039125,1.64879232223818,0.0320949376529006
285,0.0039729594526746,31.5111179057143,11.9771321185714,0,2.99811148314286,3,1,0,439.344100742857,0.000374434334441025,0.0989871963045355,"22",30.0361635359375,1.68596994809215,13.9535613289063,4.92108571690728,0,0,4.12382130765625,1.43573321068407,0.0286942326778469
286,0.00389954705691268,31.29384745,12.27524608875,0,2.99823294025,3,1,0,453.5159258875,0.000301021938679105,0.0803363328557181,"22",30.0414382953571,1.50487659610159,14.6592920782143,2.81394133149885,0,0,4.12240328946429,1.43523660316747,0.0299023621735741
287,0.00382591578157732,31.1630580142857,11.99239677,0,2.99538755428571,3,1,0,467.626414057143,0.000227390663343745,0.061273784853805,"22",30.1410285365625,1.29824214003054,14.3508903940937,3.36342942965029,0,0,4.122391542625,1.43517719693683,0.0288975765646467
288,0.00375216389937396,31.0441537375,11.654557445,0,1.840175782125,3,1,0,481.6707756,0.000153638781140385,0.0418086401171553,"22",30.3509118796429,1.11495861683781,12.8353035465714,5.1327529068503,0,0,4.12172230725,1.43594833563591,0.0199200340179203
289,0.00367837865999229,30.9482542385714,11.7826960257143,0,2.87751594171429,3,1,0,495.674509171429,7.98535417587147e-05,0.0219480008322979,"22",30.579173378125,0.882394996201089,9.12408373640625,3.99433753435134,0,0,3.832392384375,1.80557603743553,0.0046748982553136
290,0.00360463911727974,30.84670054625,12.27708102,0,2.99891483675,3,1,0,509.6276193125,6.11399904616467e-06,0.00169758737820835,"22",30.7315942192857,0.628933029183185,8.11741780114286,3.2056866744343,0,0,3.89820396821429,1.14861196916845,-0.0106599265396583
291,0.00353103044512123,30.7702902214286,12.9118055128571,0,2.99811148314286,3,1,0,523.549050557143,-6.74946731123453e-05,-0.0189343324589446,"22",30.8418506134375,0.336878916887221,7.51587736271875,3.49104887482183,0,0,3.7482587991875,0.86575369307523,-0.0244933516751024
292,0.00345768294309703,30.6955119725,12.6167878275,0,2.998074051,3,1,0,537.42423875,-0.000140842175136545,-0.039925375889303,"22",30.9447153396429,0.234515826095875,7.29269948742856,3.93326004231921,0,0,3.74763935407143,0.865480236091474,-0.038277842350163
293,0.00338477626668869,30.6351054428571,12.61220234,0,2.99811148314286,3,1,0,551.281441957143,-0.000213748851544885,-0.0612362617151003,"22",31.039481593125,0.503526560277149,7.72996480290625,3.41599254503444,0,0,3.74612307665625,0.867169568391555,-0.0515693838096062
294,0.00331272412666385,30.5565130725,12.36317135375,0,2.998074051,3,1,0,565.09736065,-0.000285800991569725,-0.0827532198363059,"22",31.0271223967857,0.710795718735233,12.5881918139643,2.43888000049162,0,0,3.44799225235714,1.30657052079184,-0.062877740016053
295,0.00324243343216518,30.47921414,12.1208457828571,0,2.99811148314286,3,1,0,578.886902471429,-0.000356091686068395,-0.104199961874431,"22",30.9395363240625,0.837886530702367,14.900655725,1.7887754771843,0,0,3.3729034265,1.43509662419829,-0.0707525565144284
296,0.00317871292615647,30.40893110875,12.0989110875,0,2.998074051,3,1,0,592.634179825,-0.000419812192077105,-0.124047693806475,"22",30.8682960975,0.837075095004513,16.5107500967857,3.09884466842028,0,0,3.37293324853572,1.43513593543756,-0.0724775483348749
297,0.00315447652970381,30.3440099814286,17.4050841185714,0,2.99811148314286,3,1,0,606.362781142857,-0.000444048588529765,-0.131701503682751,"22",30.8497990025,0.748897524075871,16.0271708965625,2.67460994765002,0,0,4.19397000959375,0.808620351507111,-0.0674622262575073
298,0.00319357247722278,30.41837296375,18.57332665625,0,2.998074051,3,1,0,620.07039695,-0.000404952641010795,-0.119383879619365,"22",30.8663967857143,0.6334668777718,17.161088225,0.654003653980255,0,0,4.12088447389286,0.748520805964923,-0.0589971510290185
299,0.00324908874176003,30.6451747414286,16.9560912271429,0,2.99811148314286,3,1,0,633.860569971429,-0.000349436376473545,-0.102149499273122,"22",30.91210938625,0.504715758888911,17.4465756146875,0.854581771858884,0,0,4.12282188025,0.749832410032073,-0.0524300326990078
300,0.0032635396910396,30.8981348075,16.91859184125,0,2.998074051,3,1,0,647.7528177375,-0.000334985427193975,-0.0977116681572454,"22",30.9744672657143,0.354349856097506,17.5925584875,0.655030603542227,0,0,3.90130013721429,0.732375913365423,-0.0479536821707497
301,0.0032300770748237,31.1388259785714,16.8400968942857,0,2.99811148314286,3,1,0,661.767768642857,-0.000368448043409875,-0.108018069842641,"22",30.993370334375,0.231402858192096,17.8506414884375,0.684352873915635,0,0,3.74734098765625,0.865735085382224,-0.0428583428946982
302,0.0032330730947684,31.38795588,16.7044032025,0,2.998074051,3,1,0,675.8792350375,-0.000365452023465175,-0.107090961547778,"22",30.9729520132143,0.339816291255756,17.9736354225,0.925751638964566,0,0,3.74478767992857,0.862394282178328,-0.0366956704106221
303,0.00328628724961256,31.6026211571429,16.5849587785714,0,2.99811148314286,3,1,0,690.108862328571,-0.000312237868621015,-0.0907656375083432,"22",30.937793915,0.587366907771833,17.871815586875,1.3659544057589,0,0,4.344356051125,1.8436612013522,-0.0308600043303535
304,0.00334994063944259,31.820184495,16.47818210625,0,2.998025167875,3,1,0,704.4236488875,-0.000248584478790985,-0.0715814439641616,"22",30.8778707467857,0.873142463855417,18.0400459675,1.78989057163828,0,0,4.83996309464286,1.8915291584655,-0.0273780614358153
305,0.00340355841198882,32.0022555542857,18.1265343871429,0,4.28110695557143,3,1,0,718.841768028571,-0.000194966706244755,-0.0557025944568217,"22",30.814257006875,1.1521222601427,17.240566711875,1.54529259133936,0,0,4.34699565484375,0.993836976297024,-0.0279861276602789
306,0.00339874074662237,32.2369663975,18.79394205625,0,4.830362007625,3,1,0,733.344479825,-0.000199784371611205,-0.0571190761251481,"22",30.7088508878571,1.43669569619712,17.2143539414286,2.06186863289254,0,0,4.44378432928572,0.108487214144944,-0.03267637126959
307,0.00335099893523745,32.4534747685714,17.9542694171429,0,2.99396234071429,3,1,0,747.962140614286,-0.000247526182996125,-0.0712655790737893,"22",30.6000650484375,1.73519924819818,17.6663957315625,2.47708914639311,0,0,4.32746189803125,0.583029006220963,-0.0321510826242609
308,0.00329012885280118,32.6158500725,14.23127483375,0,2.998074051,3,1,0,762.6565476625,-0.000308396265432395,-0.0895973405365824,"22",30.2288277017143,1.83267013872613,17.6272906591429,1.95799132073521,0,0,3.89686307026072,0.821976549036577,-0.0425199416978813
309,0.00322656813158328,32.6267999042857,13.9747735185714,0,2.99811148314286,3,1,0,777.404997442857,-0.000371956986650295,-0.109104994511725,"22",30.2546344816071,1.89609646670434,14.8956340174357,3.18703743760039,0,0,3.897518725775,0.821076896323576,-0.0566249022373994
310,0.00318577375503052,32.6150356125,13.94370497125,0,2.998074051,3,1,0,792.1273904375,-0.000412751363203055,-0.1218288718016,"22",30.7813497101339,1.83004261785205,12.8277744340357,5.42134132031745,0,0,3.74761128000893,0.865447818956391,-0.0524187657241904
311,0.00320272228251902,32.58965092,13.8055172142857,0,2.99811148314286,3,1,0,806.861395714286,-0.000395802835714555,-0.116522907261185,"22",30.9471377269196,1.66415566852986,12.5917795477054,3.19704989906179,0,0,3.74710717946428,0.864909363125278,-0.0491305962865519
312,0.00324457354302774,32.56693487875,13.7733948925,0,2.998074051,3,1,0,821.5639564625,-0.000353951575205835,-0.103540147299726,"22",31.1627605353125,1.39794184346763,10.4194230288839,4.81215612757823,0,0,3.90664090710268,1.08074453274146,-0.0460132126487587
313,0.00330257092038263,32.5639523514286,13.6308057871429,0,3.00032802614286,3,1,0,836.2795245,-0.000295954197850945,-0.0858228377065533,"22",31.3520262602232,1.18738400448192,10.2489898169286,4.79663736170839,0,0,4.12183043771429,1.43429163240282,-0.0422328068287848
314,0.00336715275839196,32.5472028425,13.68352732625,0,3.861787355625,3,1,0,850.975719925,-0.000231372359841615,-0.0664565617897956,"22",31.5021037323214,1.00648283883861,11.4980522745581,4.61137770642107,0,0,4.12244242741518,1.43378117794468,-0.0420482348681904
315,0.00341601964338072,32.5328721414286,13.7892478857143,0,4.43486123428571,3,1,0,865.680984928571,-0.000182505474852855,-0.0520480443382239,"22",31.6014035108482,0.854637112345741,12.2078771786875,4.62400164534936,0,0,4.02428417222768,0.777932011668324,-0.0452503007628638
316,0.0034135741578987,32.54094226875,13.6067252925,0,2.983621594375,3,1,0,880.3626967,-0.000184950960334875,-0.052764188104919,"22",31.6296528519643,0.799928898227933,14.6747583486652,1.74732651772425,0,0,4.10682730057589,0.739727232118694,-0.0484343825913558
317,0.00339447497634737,32.48977389,13.5211265071429,0,2.99780605242857,3,1,0,895.051129742857,-0.000204050141886205,-0.0583749675568521,"22",31.6749421818303,0.772528794545095,13.9513848785536,1.55249225042547,0,0,3.74400752384375,0.869693926722564,-0.0496328764524653
318,0.00335207401572267,32.4490754475,13.474853625,0,2.998074051,3,1,0,909.7023819125,-0.000246451102510905,-0.0709448066548628,"22",31.7225476305804,0.744599410350809,12.6361585206072,3.98519711247601,0,0,3.74753492233036,0.865535998190658,-0.0488308780590397
319,0.0032929899965663,32.4214087871429,13.4191387071429,0,2.99811148314286,3,1,0,924.359518485714,-0.000305535121667275,-0.0887281039562273,"22",31.7379556266071,0.777553895373446,10.8703080688929,5.25660432116864,0,0,3.747620638,0.865501847549231,-0.0459809280081292
320,0.00325735642644228,32.343456885,9.142020277625,0,2.998074051,3,1,0,938.9818111375,-0.000341168691791295,-0.0996081149490537,"22",31.7190812699107,0.881710321168806,10.8931177650268,5.52944970689973,0,0,3.74761128000893,0.865447818956391,-0.0435731419174761
321,0.00326111225715793,32.0208402814286,6.48988658314286,0,2.99811148314286,3,1,0,953.534275328571,-0.000337412861075645,-0.0984557488955069,"22",31.7260152799107,0.966666839228811,9.08096332550447,3.69974295668036,0,0,3.74749526267857,0.865357100817709,-0.0435951000113837
322,0.00330109159133181,31.59507905,5.65852498025,0,2.998074051,3,1,0,967.8858242875,-0.000297433526901765,-0.0862708706059143,"22",31.7175129289286,1.03498543960336,6.99257282020536,1.94121831669181,0,0,3.80089287325893,0.931046591512445,-0.0444831308874618
323,0.00336535216706301,31.1608761742857,4.91751235128571,0,2.99811148314286,3,1,0,982.068770171429,-0.000233172951170565,-0.0669914567028567,"22",31.6879642066071,1.24925422886635,6.69918666172768,2.16313373194215,0,0,4.12178803967857,1.43421784366239,-0.044287591484296
324,0.00343297177534818,30.75790180375,4.374025448,0,2.998074051,3,1,0,996.040400525,-0.000165553342885395,-0.0470977779255888,"22",31.6461865858036,1.52359632274416,8.37277786462053,3.30610161570225,0,0,4.12241025866518,1.43526828407074,-0.0437195107115653
325,0.00349429076642832,30.3535104085714,9.09579468685714,0,2.99811148314286,3,1,0,1009.852644,-0.000104234351805255,-0.0293936442754088,"22",31.4896726292857,1.54154866249394,12.0472449425089,7.60055742004973,0,0,4.12218557332143,1.43490975147591,-0.044806800322457
326,0.00350404084021872,29.94192830625,10.300499455625,0,2.998074051,3,1,0,1023.457610875,-9.44842780148552e-05,-0.0266072430677777,"22",31.2709630725446,1.45896749421059,13.310702582808,6.25882784117416,0,0,4.00057319154018,1.22904240999458,-0.0458988030223464
327,0.00348773510450111,29.6082769071429,12.8166423485714,0,2.99811148314286,3,1,0,1036.91159528571,-0.000110790013732465,-0.0312715129018217,"22",31.0435249297768,1.47578868231261,13.6691286292813,5.74208996042487,0,0,3.74647306328572,0.864178774286651,-0.0439234647103367
328,0.00352511459778897,29.37045565875,12.2527257375,0,2.998074051,3,1,0,1050.21208275,-7.34105204446053e-05,-0.020611125811322,"22",30.8036317187947,1.49950044498021,15.1849528692232,5.25902057502179,0,0,3.74809614879018,0.86600805916311,-0.0383271014128013
329,0.00359055662417131,29.1952606614286,11.9564804385714,0,2.99811148314286,3,1,0,1063.44823671429,-7.96849406226518e-06,-0.00221683307811293,"22",30.5018579930803,1.43852017537949,17.1048244032589,4.86057840542108,0,0,3.941671074,1.13471669606003,-0.0319551763645859
330,0.00365878071110312,29.02544725875,11.71069947,0,2.998074051,3,1,0,1076.57933875,6.02555928695446e-05,0.0166058802727411,"22",30.1749602646875,1.3893064941406,16.864096421875,5.22367641146312,0,0,4.12191449763393,1.43440534151639,-0.0293815756760788
331,0.00372097912430221,28.8641758614286,12.0638479371429,0,2.99811148314286,3,1,0,1089.66356042857,0.000122454006068635,0.0334627660587641,"22",29.869903814375,1.36859994249549,16.7515614508036,5.28194912569639,0,0,4.12218557332143,1.43490975147591,-0.0325759273019394
332,0.00374956259228895,28.68511098375,12.0114265275,0,2.998074051,3,1,0,1102.64301,0.000151037474055375,0.0411151178665614,"22",29.7204177220089,1.28355768534906,15.2839505929018,2.95903147982564,0,0,4.00033241022768,1.22891279539459,-0.0401618702694956
333,0.00375653924743488,28.4282798571429,11.8142645242857,0,2.99811148314286,3,1,0,1115.555016,0.000158014129201305,0.0429740473396922,"22",30.0445201429643,1.32868304780394,14.5666505597857,2.65577975098941,0,0,4.22189882168571,1.17443885597394,-0.0448275702125628
334,0.00375322254294099,28.07115548375,11.79358228875,0,2.998074051,3,1,0,1128.29745825,0.000154697424707415,0.0420907424589814,"22",29.6663618776786,1.21380256557815,13.3489672495714,2.91842258442127,0,0,4.12171785348214,1.43564411678671,-0.0240540200422702
335,0.00375281772903239,27.7179364971429,14.0036183328571,0,2.99811148314286,3,1,0,1140.91080342857,0.000154292610798815,0.0419828789561114,"22",29.5563268245089,1.22888804407287,12.9894849293571,3.46895177560747,0,0,4.12237053636161,1.43525126451787,-0.0228778212882729
336,0.00372399729245102,27.432936655,15.5531084725,0,2.998074051,3,1,0,1153.347344,0.000125472174217445,0.0342735592874117,"22",29.5367044928214,1.15839583243931,12.7107540692893,3.89398505761401,0,0,4.49715225204643,1.49903702592222,-0.0344330635853472
337,0.00366501407976926,27.3124425757143,14.8920015042857,0,2.99811148314286,3,1,0,1165.72071657143,6.64889615356848e-05,0.0183081043735092,"22",29.316357960625,1.40615366316947,14.1157877529687,4.24533907783682,0,0,4.1223518203125,1.43521868393997,-0.0371242794534739
338,0.00361062699355462,27.21730703125,14.79922073375,0,2.998074051,3,1,0,1178.02209975,1.21018753210449e-05,0.00335736745882453,"22",29.379930505,1.5733971948106,10.8854312351071,3.94307358532308,0,0,4.12208883103571,1.43512725642459,-0.0305101560641334
339,0.0035842008721948,27.1323274042857,14.9742599628571,0,2.99811148314286,3,1,0,1190.31115885714,-1.43242460387753e-05,-0.00398853155435397,"22",29.4706339075,1.75878018035189,9.982520843375,5.01863005658175,0,0,4.4032700101875,1.62980079569686,-0.02256037926224
340,0.0036098269386115,27.01851666625,15.29239959,0,2.998074051,3,1,0,1202.525394625,1.13018203779249e-05,0.00313575952897693,"22",29.5123800296428,1.89235972236437,12.0319717984286,3.05860999558999,0,0,4.68392555407143,1.97035578134257,-0.0103749165822841
341,0.00366818481714858,26.9222184185714,14.9363398657143,0,2.99811148314286,3,1,0,1214.72316285714,6.96596989150046e-05,0.0191728668148414,"22",29.0929663837857,1.41886345439425,17.1789896725714,4.94985456856059,0,0,3.89823554500357,1.34118321551706,0.000645199794526066
342,0.00371439619685863,26.80041992,14.406428935,0,2.998074051,3,1,0,1226.844441125,0.000115871078625055,0.0316920608281128,"22",28.9797733479762,1.22795099819487,17.7506993287798,5.44694337789201,0,0,3.99897076805952,1.22455907189735,0.0111811158482494
343,0.00372608479644964,26.6931669285714,14.3597764428571,0,2.99715058542857,1.28571428571429,0.428571428571429,0,1238.93767142857,0.000127559678216065,0.0348339568702301,"22",28.4041517740625,1.17415567666746,17.9800983477232,5.68798727723659,0,0,3.89684234135714,1.06489778991014,0.0140897487739616
344,0.00376707733617834,26.567968075,14.5148825325,0,3.308825267375,0,0,0,1250.947397875,0.000168552217944765,0.0457753850308613,"22",27.8043154415179,0.891901586058157,16.3283884595446,7.31772201513615,0,0,4.60051044345089,1.85572024870609,0.0255264221800524
345,0.00383263289354731,26.4479735085714,14.5416476985714,0,4.49066086742857,0,0,0,1262.935539,0.000234107775313735,0.0630279327483771,"22",27.1179559053125,0.762141463578116,16.0847216319643,8.26598141225132,0.002417913,0.004835826,5.32319046859821,2.5085884211626,0.0445808644649518
346,0.00390087242444856,26.30844564375,13.1432276175,0,4.49740664675,0,0,0,1274.835258,0.000302347306214985,0.0806761524046076,"22",26.3733275228571,0.886186430805347,16.1573810391518,8.55348777942714,1.13565733753125,2.2713146750625,5.19851513685714,1.91360515125398,0.0580004851638557
347,0.00396147965637538,26.0157575114286,8.17647579814286,0.00131138557142857,4.497167225,0,0,0,1286.67705157143,0.000362954538141805,0.096093531393282,"22",25.5749318420536,1.22902888166874,16.1230948595804,9.07594738748255,2.31915660153572,4.63831320307143,4.22264059614732,0.838729319108852,0.0719028494144125
348,0.00398673641280213,25.34731483125,4.437189749,2.587146117375,4.497111076875,0,0,0,1298.27614725,0.000388211294568555,0.102448879708507,"22",24.6284613198214,1.5721552307557,14.9122480388304,10.0401401129642,4.23295976576786,8.46504529706108,4.15612260387053,0.874354280957985,0.0972522083570614
349,0.00397191343972622,24.3288326785714,3.969866958,9.779377854,4.49521302357143,0,0,0,1309.52097485714,0.000373388321492645,0.0987238785794418,"22",23.1508679936786,1.72135669775865,15.9247217442643,10.5452916095303,4.26899954918928,8.17662120006265,6.00079345543929,2.12680529854055,0.0995524062192698
350,0.00393833914369167,23.06485104625,4.070137909875,16.78410647875,6.555980045625,0,0,0,1320.2156305,0.000339814025458094,0.0902350227693667,"22",21.660443857619,1.67067934376294,13.6264525251399,10.3293821317839,8.86061719739285,10.6365222218056,7.0837149293006,2.60213908891534,0.129607000950087
351,0.00391780138532626,21.5652412771429,4.108498308,21.57209125,17.7873515742857,0,0,0,1330.32172528571,0.000319276267092685,0.0850065509635822,"22",19.683825605051,1.97611515931156,15.0830068084796,10.3470528841681,8.59430336255102,10.8429497840229,14.500844973324,6.95244193160172,0.136334312662837
352,0.00392134711551554,19.8852677625,3.682781558875,21.18968730375,23.519413085,0,0,0,1339.64129375,0.000322821997281965,0.0859111722602037,"22",18.1885356485204,1.8520657592929,14.5791411601046,9.97129073549419,9.05259657966837,11.3007760666918,22.3444522167653,8.53139018127489,0.151312232291344
353,0.00394916194546795,18.2846614857143,3.53858261042857,20.3809574757143,16.3132876842857,0,0,0,1348.221058,0.000350636827234375,0.0929793160941728,"22",16.8030370327296,1.61294800264261,14.2583751730714,9.8479841274375,8.02545350931123,10.202043617851,25.9502461964031,8.89326802404349,0.165873294469862
354,0.00400748524704995,16.7117179975,3.45629722875,20.87309937875,-3.971173295125,0,0,0,1356.00982825,0.000408960128816375,0.107639849187048,"22",15.1759439685715,1.78092351854113,14.3444468088147,8.87236073539142,6.82862894696429,9.55715780197507,21.9709166628214,9.72049878006513,0.174967207270301
355,0.00407744358522313,14.9882038014286,3.46400034685714,24.9950698228571,-28.6519157657143,0,0,0,1363.15017757143,0.000478918466989555,0.12494614438754,"22",14.1191320200357,2.25714215968336,13.2161461824214,8.25666398918761,8.18042504657143,10.5698128496783,8.99719220710714,15.587349336618,0.176948034688599
356,0.00414944915984555,12.53907152375,3.5477233225,25.99418275875,-99.8883381575,0,0,0,1369.33322875,0.000550924041611975,0.142451517039065,"22",11.8676447789539,2.62564320680515,13.0560013424926,8.37667978097554,9.39569408013393,11.6556257515249,-42.8401513866547,71.3411778017421,0.18457529158541
357,0.00422207333890047,9.98237930657143,3.38198210442857,25.5266132914286,-186.234207185714,0,0,0,1374.40602957143,0.000623548220666895,0.159802243688095,"22",9.48337478764031,2.80046387751556,12.7770973350931,8.14663862806033,8.65290914496684,11.7183738044804,-165.731648500511,173.180680590668,0.196553934202236
358,0.00429489785496169,7.415153002375,3.363359581375,23.31648610125,-339.1044300375,0,0,0,1377.999921125,0.000696372736728115,0.176903696196888,"22",8.35082734144748,2.94724031778024,11.9632981461733,7.67238071206991,8.62752714210714,11.7781831737665,-257.336854830208,196.430469984262,0.217515025763435
359,0.00436765986136124,5.77212221485714,3.42165502442857,12.7547642657143,-480.950566171429,0,0,0,1380.150264,0.000769134743127664,0.193703287812566,"22",7.30330777121744,2.32658982436914,12.6720237254013,7.37889278019061,7.16132462554202,11.1569548259801,-326.855447421628,182.893631432118,0.210021092814671
360,0.00444011106185586,4.677422447375,5.72169782875,2.819396611125,-569.935793975,0,0,0,1380.979403375,0.000841585943622285,0.210155312658707,"22",7.05519705364568,2.33231168627139,12.299489855968,7.29847767131114,7.07886437873309,10.7343370863755,-349.320169673487,186.151393790788,0.210155312658707
361,0.00451194694613878,4.12038969371429,14.8442489071429,0.001140296,-599.590051457143,0,0,0,1380.85310542857,0.000913421827905205,0.226204677972738,"22",7.2182419069752,2.28579502141928,12.158114353125,7.48325349389548,7.47207127221826,10.9038327859844,-335.416287352173,181.112153857226,0.218179995315723
362,0.00458251016566343,4.571592992,17.2694805025,0,-574.1067874375,0,0,0,1379.89014775,0.000983985047429854,0.241722840991591,"22",7.47403994491853,2.29026441175899,12.3846826768326,7.5220178663105,7.6089074146384,11.3641318770402,-311.402238670636,177.058791551275,0.217946529858901
363,0.00465026597724056,5.75530604142857,19.7782592571429,0,-418.335769914286,0,0,0,1378.089672,0.00105174085900698,0.256400338948118,"22",8.29884543372123,2.86773589914981,11.4855237814623,7.71437514449117,9.44358041761508,11.9395243875806,-261.87949789728,191.537643060891,0.225637291676744
364,0.00470484867395412,7.369729565375,21.05825496,0,-241.734112225,0,0,0,1375.278959125,0.00110632355572054,0.268069531033458,"22",8.88919603768973,2.99976080247102,11.679097689673,7.76431078013203,9.16674758848884,11.9457753156286,-224.662566303199,196.062473156337,0.214541060317204
365,0.00469301608694347,8.93403832185714,20.4338654942857,0,-73.4235946857143,0,0,0,1371.67035142857,0.00109449096870989,0.265551386047874,"22",10.7946973283166,2.57839022195889,12.5321777080601,8.56369335974441,10.7154011219643,12.3722744941861,-91.8647514922548,113.028029055612,0.186728897647054
366,0.00463132557040995,10.603612633625,19.72011304625,0,-26.09699539625,0,0,0,1367.26370975,0.00103280045217637,0.252319049092605,"22",12.7403272088968,2.33753887132726,12.6085003861984,8.58205454176577,10.0269490136508,11.9497421011987,-14.4108606320674,37.0543685680901,0.183500956613412
367,0.00456267323066122,12.2719649114286,19.3420685685714,0,-9.89698532514286,0,0,0,1362.15149957143,0.000964148112427645,0.237384608542867,"22",14.324372809881,2.29295323212538,12.5354881395159,8.45470223196569,9.08936116285714,10.7884988261867,11.096545266246,14.9584158588629,0.17946622526586
368,0.00449177196321621,13.6490378775,19.287754185,0,6.790462894,0,0,0,1356.330666,0.000893246844982635,0.221723192834602,"22",15.3465855273413,1.74278351516931,13.1346524110298,9.05822053472745,8.38912566160714,10.0914918155381,19.0884622230496,12.5480666575706,0.177460813125236
369,0.00441987785916305,14.8696260371429,19.0606738614286,0,15.7679744922857,0,0,0,1349.99404957143,0.000821352740929474,0.205587984733289,"22",16.6212190927579,1.84489616433336,13.7713291579921,9.58400665179797,8.50657022676588,10.243737638887,25.3577043611508,8.53505591391151,0.168727816473998
370,0.0043474423814795,16.1038095975,23.8649941,0,27.74007588125,0,0,0,1343.059898875,0.000748917263245925,0.189063636980755,"22",17.8674733216295,2.1619422529303,12.9080428118259,9.69915112818638,10.5697329201786,11.3082813402776,24.4972177529955,8.97696373824496,0.156375849950896
371,0.00427476029082719,17.5798309842857,23.5389644057143,0,29.45381415,0,0,0,1335.53493585714,0.000676235172593615,0.17220395196257,"22",19.1607749650447,1.86223605967965,13.5029816743705,10.9675491855843,10.8012705365625,12.4722576838826,18.9285300610357,5.54701295100725,0.143492351920852
372,0.00420203369704284,19.13917240625,22.779199955,0,19.40239468125,0,0,0,1327.236980625,0.000603508578809265,0.155044545549343,"22",20.6772301630803,1.95996631695096,13.9194048174687,11.3511476022984,9.63178316040177,11.3045776806376,10.8947865358527,5.10161901473087,0.132782995500984
373,0.00412948065178361,20.5572907857143,23.2351037928571,0,11.8013492141429,0,0,0,1318.30805214286,0.000530955533550035,0.137627573182344,"22",22.1473912317857,1.92154616368019,13.6006339114598,10.8135662044977,7.855169255375,10.2821418771607,5.80389276887947,1.27625241406182,0.10973187928012
374,0.00405746148017576,21.8850152425,23.31438323125,0,5.265091990625,0,0,0,1308.7080435,0.000458936361942185,0.120033451594274,"22",23.4673311814732,1.8119323514866,14.0773063725179,11.2034790638864,5.3362494364866,9.03046862125721,6.18471882164286,2.40946967228186,0.10091780924427
375,0.00398673245441623,23.1413103371429,23.2782966014286,0,9.60523832371429,0,0,0,1298.57337014286,0.000388207336182655,0.102447886819247,"22",24.7722320221071,1.39896537711732,12.8172363808643,9.876673496225,3.90379703608929,7.36780051467323,4.22432029847143,0.772415810439267,0.0968524644069503
376,0.00392120701661816,24.41197125125,23.61695197625,0,5.0517510565,0,0,0,1287.81404725,0.000322681898384585,0.0858754443859775,"22",25.6630969759286,1.08247376325614,14.5337710472929,8.62608640327605,1.85558755834286,4.14848687070042,4.27754592191786,0.736663510050173,0.0697036965072425
377,0.00389184893172708,25.6350574185714,22.7474288371429,0,4.49365736157143,0,0,0,1276.52976742857,0.000293323813493505,0.0783602742638578,"22",26.3892337037202,0.690561070353491,13.7309299677559,8.08111744428278,2.30320929271131,3.86943511679867,4.71487348055357,1.72725299530977,0.0700692349229347
378,0.00390175730950853,26.76647774875,22.5097651425,0,5.811959404,0,0,0,1264.670362125,0.000303232191274955,0.080902969534538,"22",27.0134339835119,0.652340777101689,13.9297072812798,7.86333197001153,0.7587168336875,1.85373501618461,4.79691613213691,2.15946898237853,0.0569156060481164
379,0.00388986778518209,27.8293534457143,22.6378431242857,0,7.492578482,0,0,0,1252.356357,0.000291342666948515,0.0778510944494428,"22",27.5835124558929,0.852094292352303,14.1406306757083,7.25538637281661,0.001611942,0.0039484353949614,4.1181630873869,1.62303863879159,0.044558818521495
380,0.00386059578512812,28.7555402775,22.1574040325,0,6.039148259375,2,0.5,0,1239.554119,0.000262070666894545,0.0702974460217218,"22",28.0893747474702,1.14021538051039,15.5140304446667,6.3020991817397,0,0,3.59709900030952,0.946591272016545,0.0265365558089554
381,0.00383887343784037,29.6230941371429,22.3653781871429,0,4.50317208128571,4,1,0,1226.39392628571,0.000240348319606795,0.06465487411747,"22",28.8511091901428,1.32690281336935,16.8277635571071,5.54056963792577,0,0,3.89813050541429,1.34095692004998,0.0165284916751714
382,0.00383820047108697,30.5091231325,22.77426566375,0,4.5007700375,4,1,0,1212.79609925,0.000239675352853395,0.0644795555662681,"22",29.3505861166964,1.82783741831368,15.5884111422589,4.66755891020144,0,0,4.68389747998661,1.97034983680118,-0.00629402798066803
383,0.00385866332185995,31.1830349528571,11.0715366474286,0,6.74325628342857,4,1,0,1198.861504,0.000260138203626375,0.0697967598207052,"22",29.4993775695089,1.84289962891919,10.8215834387946,4.19478145591561,0,0,4.40329808427232,1.62981442756535,-0.0168527507173459
384,0.0039100277577105,31.043512505,6.3729901855,0,5.620783836375,4,1,0,1184.773475625,0.000311502639476925,0.0830203987799951,"22",29.4169649122768,1.6728326019711,10.5425751427946,4.4306111839175,0,0,4.12206075695089,1.43510444044103,-0.0277680073748519
385,0.00397706411036187,30.76163633,9.06585559514286,0,4.49590939128571,4,1,0,1170.83372,0.000378538992128294,0.100019811595846,"22",29.3490476133482,1.51589262862659,13.341743289625,5.24458736968268,0,0,4.12237989439732,1.43524149051626,-0.0401212896422372
386,0.00404642282768158,30.57303956,18.8208969925,0,4.497111076875,4,1,0,1156.981275875,0.000447897709448005,0.11730916318403,"22",29.3743099044197,1.44303386555411,13.9407544571652,4.06808751425624,0,0,4.12237521537947,1.43521379712369,-0.0290167480861713
387,0.00411542628425894,30.7106195242857,18.3039155314286,0,4.497167225,4,1,0,1143.16588257143,0.000516901166025365,0.134218345908975,"22",29.1886487590357,1.34482718882373,13.1923116100571,3.03824178236963,0,0,3.89751872571786,1.34080249402139,-0.0300845657598712
388,0.00418151738854424,31.0083991125,17.6047740075,0,4.497111076875,4,1,0,1129.2114715,0.000582992270310665,0.150150116266067,"22",29.3473205988929,1.27040316002409,13.0378902574071,2.6213998667153,0,0,3.89698909298572,1.34101476558594,-0.0314034380979648
389,0.00423087507105213,31.3245929342857,17.4721249928571,0,4.49257692614286,4,1,0,1115.15335414286,0.000632349952818554,0.161884767961889,"22",29.7245019451339,1.29271827650555,13.8402819515179,2.42627542002978,0,0,4.15422929557143,1.3448225670319,-0.0241563363951176
390,0.00420510974150467,31.61259011125,17.3841087575,0,5.508958723,4,1,0,1100.9211245,0.000606584623271094,0.15577631479972,"22",29.6512484233571,1.27472578895667,17.1279892399643,4.49658388773398,0,0,4.19699302183929,1.25385373593271,-0.0205680517625741
391,0.00414235517590934,31.9017388242857,18.5000166585714,0,5.99542696628571,4,1,0,1086.59702328571,0.000543830057675765,0.140740433369295,"22",29.9113262483929,1.32961337954878,18.0875388764286,5.48866249415723,0,0,4.19695007025,1.25353372941668,-0.0152442912348159
392,0.00407443063477899,32.23090467125,18.39012580125,0,5.994323947375,4,1,0,1072.101717875,0.000475905516545415,0.124206940021501,"22",30.4480819521429,1.49442199722107,16.8886772035715,5.07766746989944,0,0,3.94168979007143,1.13469594443021,-0.0271811890275806
393,0.00400571471447989,32.5139591485714,19.0216245371429,0,5.273368969,4,1,0,1057.49719514286,0.000407189596246315,0.107197945187851,"22",30.740088999375,1.56999846503055,14.935886332125,5.36756437151803,0,0,3.74807743271875,0.866029670611834,-0.0300276548816194
394,0.00393863951058946,32.6842976925,10.65492344975,0,4.499050552,4,1,0,1042.747343625,0.000340114392355885,0.0903112872620087,"22",30.6845065408572,1.48926289822582,14.3523580917286,4.65751696596449,0,0,3.59680823368572,0.819817980310925,-0.0278338293714527
395,0.00388286029139737,32.5336493871429,8.40582261828571,0,4.497167225,4,1,0,1028.01873214286,0.000284335173163795,0.0760479963778486,"22",31.1680675469643,1.55649419210179,13.611878775,6.01253756015852,0,0,4.00056383350447,1.22905258720236,-0.0471425470198452
396,0.00388525400256208,32.2232931,7.960393735625,0,4.497111076875,4,1,0,1013.371893,0.000286728884328505,0.0766642878195709,"22",31.388574780491,1.61695287367527,13.2276872522232,6.26004271286919,0,0,4.12219493135714,1.43489997675641,-0.0473985152536192
397,0.00391894209058817,31.8990821428571,7.93926178542857,0,4.497167225,4,1,0,998.898046328571,0.000320416972354594,0.0852976681206927,"22",31.5454429931697,1.57870873783099,8.2369061387991,3.50086847788393,0,0,4.12240090062947,1.43527805815386,-0.0459610173802178
398,0.00395174677210108,31.5501429325,7.884762468125,0,4.497111076875,4,1,0,984.55668815,0.000353221653867505,0.0936336273265432,"22",31.5794134876786,1.27853685805302,6.51393350448661,2.30879148119528,0,0,4.12179739771429,1.43420806768573,-0.0283258420929152
399,0.00399483423908117,31.2488614157143,7.89329248957143,0,4.497167225,4,1,0,970.384154114286,0.000396309120847595,0.104478011368877,"22",31.6110726210714,1.01509424783462,6.78473241948214,2.05419776042828,0,0,3.80088351522321,0.931057350078762,-0.0254199599178388
400,0.00405399177594025,30.93933499375,7.48643178575,0,4.497111076875,4,1,0,956.3284048875,0.000455466657706675,0.119177944140301,"22",31.7321535859375,1.05014671397844,8.47519210308037,3.83989352666364,0,0,3.80089755225447,0.931071345908543,-0.0260087067878561
401,0.00409376894450347,30.6176021185714,13.4999343314286,0,4.497167225,4,1,0,942.434874771429,0.000495243826269894,0.128941972557013,"22",31.7977642099553,0.970111298656935,9.90062050938839,5.17730889707005,0,0,3.74749058368304,0.865330081537152,-0.0238651414436343
402,0.00408576843309518,30.50156337625,16.9288136375,0,4.497111076875,4,1,0,928.630674325,0.000487243314861605,0.126985746087297,"22",31.8285942430804,0.824115122935674,10.7508026259732,5.41789829562129,0,0,3.74761595900446,0.865474833691277,-0.0227887896519048
403,0.00405823917107638,30.6295066814286,16.5580332,0,4.497167225,4,1,0,914.8398536,0.000459714052842804,0.120225102547717,"22",31.8030583955804,0.727781183645972,12.0417753359018,5.11143415006283,0,0,3.74761595900446,0.865474833691277,-0.0237061797562425
404,0.00404707856159241,30.76307096625,16.07268450375,0,4.497111076875,4,1,0,900.9616199625,0.000448553443358834,0.117471202791988,"22",31.758507061875,0.692340589230914,12.5918189669911,3.95179889265732,0,0,3.74753960132589,0.865563010723776,-0.025465905634189
405,0.00406257012828156,30.8920714,15.9985945285714,0,4.497167225,4,1,0,887.051514228571,0.000464045010047984,0.121291734542011,"22",31.6946185421875,0.735753466986153,14.3410120307411,2.10940880630643,0,0,3.74400284484821,0.86966701716113,-0.0262641337791557
406,0.0040802701242305,30.99248418,17.23945499375,0,4.497111076875,4,1,0,873.0593806625,0.000481745005996924,0.125639117725869,"22",31.6497236654018,0.780894657522494,14.2400534474598,0.935533210232617,0,0,4.10683197957143,0.739755808561719,-0.0254949896282288
407,0.00406128245639679,31.0691758714286,15.54691768,0,4.497167225,4,1,0,859.053225357143,0.000462757338163215,0.120974724391856,"22",31.5916679233928,0.864010075799833,11.6938703832411,4.25769724729399,0,0,4.02427949323214,0.777904175615468,-0.0393466774187766
408,0.0040078284707667,31.0274972225,13.12786034,0,4.497111076875,4,1,0,845.0095829875,0.000409303352533124,0.107725491176988,"22",31.4471714747321,1.04268107903898,10.1510307740402,4.85569567233823,0,0,4.12244710641072,1.43379585358456,-0.0379851350005215
409,0.00396630262772114,30.81658499,7.54616252114286,0,4.497167225,4,1,0,831.040678271429,0.000367777509487565,0.0973102580001086,"22",31.4142510806786,1.14713441422542,11.2337063082143,4.68622442478428,0,0,3.897075417175,1.33993521365365,-0.0256374399023034
410,0.00395981756451917,30.4290270525,7.5839641745,0,4.497111076875,4,1,0,817.1956207125,0.000361292446285595,0.0956738799669345,"22",31.0632033496875,1.47942007963132,10.4881288354732,4.75985594115851,0,0,3.90665494413393,1.0807547586605,-0.0279987191202331
411,0.003968188604656,30.03079831,7.85878740085714,0,4.497167225,4,1,0,803.543149385714,0.000369663486422425,0.0977856449827401,"22",30.8459746687946,1.74858489650147,11.8646669041161,4.63821248560042,0,0,3.74709314243304,0.864893132646916,-0.0287296537655193
412,0.003968547938651,29.6261460775,4.9503368265,0,4.497111076875,4,1,0,790.0625396,0.000370022820417425,0.0978761945390296,"22",30.2930527534643,1.87287634526222,15.1935390716143,3.35533502887674,0,0,3.89753369863214,0.821056393894564,-0.0300391721865509
413,0.00395751366584372,29.1280512028571,10.3823939184286,0,4.497167225,4,1,0,776.788057514286,0.000358988547610144,0.095091891260072,"22",30.2239981410357,1.91993768398647,16.42849395575,2.14711276641605,0,0,3.89750749615,0.821066645125372,-0.0331121468461486
414,0.00396587231692874,28.685435585,15.9193758875,0,4.497111076875,4,1,0,763.73687855,0.000367347198695165,0.0972017604480557,"22",30.2613027625,1.88270200962633,16.8826917424643,2.44891765341542,0,0,3.89768541231786,0.82084870426288,-0.0372891196046923
415,0.00401595457516425,28.5313059285714,19.8135365314286,0,4.497167225,4,1,0,750.833707557143,0.000417429456930675,0.10975099633502,"22",30.3673018921071,1.68988403365685,17.5429865405714,2.0732122395247,0,0,3.99412303004286,0.710335644055469,-0.0320616610800129
416,0.00408277220165731,28.77447587375,20.11329361875,0,4.497111076875,4,1,0,737.8930660375,0.000484247083423735,0.126252143444461,"22",30.7099769673214,1.56762226869041,17.5547249599554,2.14165746469699,0,0,4.58159945841072,0.165855990759522,-0.020182781023722
417,0.00414822408121528,29.2516348685714,19.4092150828571,0,4.497167225,4,1,0,724.803784228571,0.000549698962981705,0.142156234596855,"22",30.8069399370982,1.26596360777253,17.6799192958482,1.46874936606004,0,0,4.44281887684375,0.107814558836469,-0.00823776303780289
418,0.00421451409351006,29.72662668375,19.5509682775,0,4.497111076875,4,1,0,711.4685050375,0.000615988975276485,0.158010228303984,"22",30.8835161462054,0.998141491158815,17.5858107231697,1.91868250498185,0,0,4.31679002246428,0.989548723272244,-0.00155551785673394
419,0.00428104798460714,30.1385944428571,20.4575309471429,0,4.497167225,4,1,0,697.9537169,0.000682522866373565,0.173673759270661,"22",30.9365690899554,0.728367942822065,17.7883159421429,1.36875932279561,0,0,4.49204612011607,2.1193088985692,-0.000584207929525367
420,0.00433360566129256,30.54789926875,19.4724811525,0,4.497111076875,4,1,0,684.233610075,0.000735080543058984,0.185875834881867,"22",30.9864124482589,0.484862104387917,18.0248657404464,1.02613683366905,0,0,4.34744815172322,1.84064556322569,-0.00265014306064505
421,0.00431826059254633,30.9250393328571,19.0678874485714,0,4.497167225,4,1,0,670.362226128571,0.000719735474312754,0.182328603791676,"22",31.0009954455804,0.330205784441316,17.8903521151786,0.744340184828906,0,0,3.74460795198661,0.862569360501415,-0.00683833039873851
422,0.00425741012789796,31.26853510125,18.5668097025,0,4.497111076875,4,1,0,656.3004278875,0.000658885009664385,0.168136947768769,"22",30.9900461834375,0.331522863458768,17.6269230232589,0.690787532015599,0,0,3.90126594724107,0.732364364307836,-0.0116251738175008
423,0.00419286253699456,31.4757700028571,18.4227676442857,0,4.497167225,4,1,0,642.133256928571,0.000594337418760985,0.152859607648346,"22",30.9206181763393,0.428443547283024,17.0791904754911,0.483698570683247,0,0,4.12284527531696,0.749823036811203,-0.0159384733245995
424,0.00414844539496329,31.52547075,16.7244021125,0,4.497111076875,4,1,0,627.89295435,0.000549920276729715,0.142209584617212,"22",30.8454459063393,0.584965050037079,17.3773811124107,0.939315434175827,0,0,4.12086107882589,0.748530113780263,-0.0221800747043746
425,0.00414743345986342,31.54087528,16.4491473085714,0,4.497167225,4,1,0,613.659229814286,0.000548908341629845,0.141965623706451,"22",30.8089501034375,0.740366183281685,17.3981870822768,0.594522214861855,0,0,4.19399340466072,0.808608915089623,-0.0313502430435048
426,0.00411775537793763,31.58874164125,16.57023310875,0,4.497111076875,4,1,0,599.39192385,0.000519230259704055,0.134784128076745,"22",30.8227876383482,0.82232359191267,16.3018970203571,2.95067961956752,0,0,3.37290985346875,1.43512453297281,-0.0407320025372037
427,0.00405525074368425,31.6355566828571,16.53893618,0,4.497167225,4,1,0,585.122030514286,0.000456725625450675,0.119488446069432,"22",30.9039600272768,0.834959685171222,15.743066716741,2.68292361555789,0,0,3.37292682156697,1.43510802702449,-0.0450038839314642
428,0.00398949767463619,31.71153617625,16.36831307875,0,4.497111076875,4,1,0,570.806565475,0.000390972556402614,0.10314125203481,"22",31.0294113153572,0.745450410032352,12.8285677040089,2.70578251294683,0,0,3.44796885729018,1.30655978831926,-0.0427488272473324
429,0.00394306391243711,31.7729919314286,14.7977029571429,0,4.497167225,4,1,0,556.472358457143,0.000344538794203535,0.0914339892878635,"22",31.084218054241,0.560269764815658,9.35752696033035,4.49006240937422,0,0,3.74614647172322,0.867175013934688,-0.0362918494851039
430,0.0039074144228865,31.66703546,4.75320123325,0,4.497111076875,4,1,0,542.1238285125,0.000308889304652925,0.0823518080071777,"22",30.9848941196786,0.257193835641101,7.22402501714643,3.28488679670923,0,0,3.89752621220357,0.821066645215727,-0.0272669892290137
431,0.00385527797757672,31.28806795,4.298206929,0,4.497167225,4,1,0,527.904510971429,0.000256752859343145,0.068919038748847,"22",30.8233066520714,0.293302824940867,7.55599642471785,3.28594231257432,0,0,3.89787981362857,0.821389764878514,-0.0170569284142877
432,0.00382764932507844,30.88553209625,4.3108803425,0,4.497111076875,4,1,0,513.8540337,0.000229124206844865,0.061726787725358,"22",30.6463411322143,0.552737605001729,8.15992519894643,2.94822907431163,0,0,4.04263000000357,0.997675914291334,-0.00640723445579875
433,0.0038471659890104,30.50853267,4.27428785114286,0,4.497167225,4,1,0,499.996640014286,0.000248640870776825,0.0668126965566636,"22",30.4434728364286,0.791079965870097,8.73770979855357,3.6064639573645,0,0,4.31738618401786,1.36680241592153,0.00538646299905131
434,0.00388927936278415,30.1138994225,4.00316370875,0,4.497111076875,4,1,0,486.2980078,0.000290754244550575,0.0776998124714208,"22",30.3211858104464,1.08733106342902,12.7508437153214,5.15398204880937,0,0,3.83291936420982,1.80638117782366,0.0148594255032569
435,0.0039111590391618,29.7410498257143,6.24474760057143,0,4.497167225,4,1,0,472.783752814286,0.000312633920928224,0.0833096851657169,"22",30.1083311776339,1.26063136291377,14.2801780644063,3.42404071933627,0,0,4.12168019613393,1.43592062944602,0.0234714680969479
436,0.003896941715558,29.28673387,11.321398801375,0,4.497111076875,4,1,0,459.4418187625,0.000298416597324425,0.0796679957463198,"22",29.9871206814286,1.43651541693607,14.7338205707589,2.72165836071306,0,0,4.12243365374107,1.43520488964912,0.0249877182243191
437,0.00387235503685974,28.9068247571429,13.9005116928571,0,4.497167225,4,1,0,446.314528371429,0.000273829918626165,0.0733387845126421,"22",29.9576622673661,1.57881270805665,15.1372973030804,2.93882481699253,0,0,4.12383066569197,1.43572342735525,0.0219956732817208
438,0.00390298045687746,28.65479277875,15.129685355,0,4.50298902625,4,1,0,433.31343565,0.000304455338643885,0.0812164066759795,"22",30.02401249,1.67677363716416,13.8702553115402,4.91569241757159,0,0,4.42204103321429,1.64880309809216,0.0213371416989219
439,0.00396699056648643,28.5217744757143,14.3758877071429,0,5.69575563214286,4,1,0,420.409619942857,0.000368465448252855,0.0974836888144823,"22",30.1213298616518,1.77886223487771,13.4980278605893,5.20102546042828,0,0,4.49697087128571,1.73075537120129,0.0214779052213974
440,0.0040360481951959,28.43142757,15.3305628325,0,5.995549848625,4,1,0,407.5414219875,0.000437523076962325,0.114741968597766,"22",30.1884332824107,1.83088201294804,15.1496996384375,2.57798369237077,0,0,4.49715786682143,1.73097127781433,0.0323357712302167
441,0.00410570844707602,28.3543799357143,15.7867497885714,0,5.99622296657143,4,1,0,394.725440528571,0.000507183328842445,0.131854233948719,"22",30.3355351728572,1.58735634449272,15.9231786727857,2.22285255396068,0,0,4.19731864440714,1.64209911879408,0.0552598401530799
442,0.00417426320710298,28.26748319625,15.123511715,0,5.996148102375,4,1,0,381.937823425,0.000575738088869405,0.148413789418538,"22",30.4853272178214,1.70559193429604,16.3424636944286,2.08010406457711,0,0,4.19734110365714,1.64214695774622,0.0691085236820896
443,0.00423824850362124,28.18128807,14.7348944442857,0,5.99622296657143,4,1,0,369.192093371429,0.000639723385387665,0.163626018799232,"22",29.9321473036429,1.50140265487782,16.1442135498571,2.00929578368897,0,0,4.79732562491786,1.6424675514792,0.0884720921608686
444,0.00426666922785478,28.113200225,14.73220812125,0,5.9980715215,4,1,0,356.475781075,0.000668144109621205,0.170309406047189,"22",29.9317322996786,1.4246802612014,16.3711648671786,1.57230396865954,0,0,4.620073392075,1.52404205971678,0.101980782516811
445,0.00422540111728545,28.0332442871429,15.4974945842857,0,5.11181035728571,4,1,0,343.8023596,0.000626875999051874,0.160590119045539,"22",29.9242002792143,1.37066998641238,16.71473570025,1.38129874439012,0,0,4.49694091094286,1.49904644953304,0.107005526635093
446,0.0041651102360922,27.94382631,16.0179111575,0,4.496147951625,4,1,0,331.155959025,0.000566585117858625,0.146218666600508,"22",29.9029522307589,1.49771288384583,18.2314195417411,0.642863530549582,0,0,4.12237521537947,1.43521379712369,0.10142633809427
447,0.00409719927444111,27.8689470842857,18.5808518871429,0,4.497167225,4,1,0,318.558097785714,0.000498674156207534,0.129779560974581,"22",29.8136457047321,1.4091541239707,17.3693921582143,0.668449508730987,0,0,4.12237989439732,1.43524149051626,0.0888829114856535
448,0.00402922665724589,27.82374279875,17.10880446,0,4.497111076875,4,1,0,305.97583675,0.000430701539012315,0.113050385971686,"22",29.7302734503125,1.30366586246887,17.0140687919197,0.988441247013394,0,0,4.12235054123661,1.43520520673243,0.0762931552143033
449,0.00396245416845821,27.8419193,17.0681682957143,0,4.49706852842857,4,1,0,293.406111771429,0.000363929050224635,0.0963394981276569,"22",29.6566599063839,1.20514123476009,16.7604782308482,1.05771112095981,0,0,4.16647221624107,1.45318800638073,0.065334427963214
450,0.00390682453731569,27.8964093575,16.588993495,0,4.67348036425,4,1,0,280.813608225,0.000308299419082115,0.0822008309101534,"22",29.5940211799553,1.13892982955842,16.7017140395089,1.11417484477048,0,0,4.87531939759375,2.25389994854845,0.0532666931966002
451,0.00388231798148715,27.94980199,16.5637674314286,0,7.50894395385714,4,1,0,268.203053328571,0.000283792863253575,0.0759083189929708,"22",29.7715093885357,1.05319932046759,16.7178178171786,1.60147620472008,0,0,4.37972149794286,1.91915648932377,0.0554522392862057
452,0.00390526324806187,28.01732542875,18.31494382,0,6.908124938,4,1,0,255.5627489125,0.000306738129828295,0.0818011197759398,"22",29.5813210144196,1.05878930634618,16.4022004604911,1.0291899350701,0,0,4.39639410302232,1.62295600409886,0.0529870254209097
453,0.00395876531378455,28.1046013042857,17.2647764157143,0,5.59320534342857,4,1,0,242.893932871429,0.000360240195550975,0.0954081125359663,"22",29.6324089292857,0.841676136594881,16.7115319846786,1.25470262309952,0,0,3.89791439125,1.34103771293047,0.0526053142527885
454,0.00400697780523388,28.2083683475,16.6399390125,0,4.49904005625,4,1,0,230.1750121625,0.000408452687000304,0.107513217670807,"22",29.487284591384,0.810437443475885,16.7756970966071,1.49151181621719,0,0,4.11790717950447,1.42744279682841,0.0593305160180876
455,0.00399433620608998,28.3020183671429,17.1162062842857,0,4.497167225,4,1,0,217.419451228571,0.000395811087856405,0.104353334349458,"22",29.4099508827679,0.720021265038273,17.5263934712053,2.3367428094001,0,0,3.74596903507589,0.863753216679642,0.0645564010160893
456,0.00393670027920819,28.37758951625,18.4142510525,0,4.497111076875,4,1,0,204.6134299,0.000338175160974615,0.0898188053061872,"22",29.2489634097768,0.588556502354353,18.0057857134822,1.25549267835502,0,0,3.7442786040625,0.869322216926572,0.068261016181393
457,0.00388633537096343,28.4179408057143,17.6008775971429,0,4.497167225,4,1,0,191.791944071429,0.000287810252729855,0.0769425753946154,"22",29.0493995357143,0.46575557970582,17.7528955823661,1.61988984890695,0,0,4.0798795424375,0.716860109630407,0.066246421330978
458,0.00386689673196549,28.4345218575,16.7277647025,0,4.497111076875,4,1,0,178.9505809875,0.000268371613731915,0.0719282332549112,"22",28.7987714598215,0.455799585109229,18.5911832145982,2.88046736834746,0,0,3.38598752258036,1.4084115794719,0.0661201212759071
459,0.00385166170635961,28.3989622871429,16.1478877371429,0,4.497167225,4,1,0,166.115070442857,0.000253136588126035,0.067980593260244,"22",28.5174910217857,0.654811442362605,18.1355248536161,3.41715029092435,0,0,3.37257355734822,1.4356053757488,0.067803374906155
460,0.00384522004604518,28.30978957125,14.6183299825,0,4.497111076875,4,1,0,153.30294735,0.000246694927811605,0.0663067565408433,"22",28.2301501721875,0.946498298018293,17.4409677162947,4.42763106105051,0,0,3.37285202361161,1.43522520024561,0.069729550547984
461,0.00384605555154378,28.10425459,11.9140764342857,0,4.497167225,4,1,0,140.558072114286,0.000247530433310205,0.0665240171160395,"22",27.4206009502857,1.49114175871166,18.1025836593214,4.95487660094196,0,0,3.29790017230357,1.25419554290977,0.0689916263308159
462,0.00382458500616233,27.74913868,10.489654575,0,4.497111076875,4,1,0,127.938689725,0.000226059887928755,0.0609258924921043,"22",26.9713350895,1.71572715258076,17.35406183165,4.32925534729535,0,0,3.29749314871786,1.25507540322524,0.065592610684531
463,0.00381547663599158,27.3470769914286,10.1004323977143,0,4.497167225,1.71428571428571,0.428571428571429,0,115.493692585714,0.000216951517758005,0.0585415205657513,"22",27.0383052925595,2.00698893809798,15.9529854635208,4.45204765176476,3.23028095238095e-05,7.91254005916501e-05,3.60387199151786,0.992365758213268,0.0589366896303469
464,0.00385932676769487,26.84041330875,8.095280644375,0,4.497111076875,0,0,0,103.246048445,0.000260801649461295,0.0699686817360385,"22",27.0685185413929,2.057321139087,12.3673525359322,6.6741279192235,0.0689495390214286,0.154067532210515,3.89702930394643,1.33934629539341,0.06737761467721
465,0.00392469897696719,26.0274590357143,6.36326136842857,0,4.497167225,0,0,0,91.2914428528571,0.000326173858733615,0.0867655800805522,"22",25.89935912125,2.33231136262977,13.9898536630938,9.96144584730965,0.0861384695625,0.172276939125,3.74318702465625,1.50792524509071,0.0680326355487189
466,0.00399185207058247,25.1129561625,6.28549346325,0,4.497111076875,0,0,0,79.74550323375,0.000393326952348895,0.103731226420279,"22",24.8863339417857,2.43270461624774,14.3452929009286,10.7428599435627,1.73971853167857,3.47941046397941,4.64465148610714,0.297766911086101,0.073896990262009
467,0.00404868295629616,24.2191360114286,5.84791513814286,3.98991428571429e-05,4.497167225,0,0,0,68.60217269,0.000450157838062585,0.117867557027862,"22",23.4092396265357,2.15684193447378,16.1421438687143,10.9340176035026,3.3938790065,7.34688645484082,5.61872291743929,3.22225471684534,0.0834449102111089
468,0.00406230419253947,23.32112118625,4.1239380435,0.437373365,4.497111076875,0,0,0,57.8700598425,0.000463779074305894,0.121226272425273,"22",21.3268430352381,2.35205838727485,17.3698876027738,10.4441628392929,5.9655253997619,9.49032604337403,6.58668520783928,2.84717613784695,0.0789546275664535
469,0.00404152660998755,22.4396978128571,3.92873670042857,14.4847202157143,4.49493584471429,0,0,0,47.5325204714286,0.000443001491753975,0.116098419173128,"22",19.6840009702083,2.12756065431886,17.6512738642589,10.8373221933855,7.00826590729167,10.8593638619337,9.73337860259822,3.82567195407086,0.0908947526143016
470,0.00402538309719411,21.11617874625,3.727456765125,20.67880270625,7.168751338125,0,0,0,37.675198725,0.000426857978960535,0.112096010684675,"22",18.0260370711905,1.89135518018056,17.4619590296071,10.8981752840047,7.18294252190477,11.1350717907864,17.3090674575893,3.89743986970334,0.102792993781824
471,0.00405700293706291,19.5160671142857,3.431818403,20.9111914414286,19.5126790771429,0,0,0,28.4959414385714,0.000458477818829335,0.119920432896191,"22",15.6771916936161,2.23342299463142,15.8860939620692,10.7300035514608,8.37179374495536,11.5687543796788,23.4979025679241,8.79252791866026,0.123291198993056
472,0.0041215911858413,17.9339901125,3.163543166375,21.09192257125,21.01667465875,0,0,0,20.054909785,0.000523066067607725,0.135715223293577,"22",13.8502069281627,2.09674174684989,14.3084380010198,10.8465940962465,10.7418042449405,12.7582163583211,18.0813498790178,15.3143136545005,0.132090842426921
473,0.00419113411247798,16.2454704742857,2.97837913871429,24.2645566585714,11.5101716218571,0,0,0,12.3497398047143,0.000592608994244405,0.152447292478839,"22",6.00674215878853,5.64085211368986,10.7802315778778,9.09130173728289,14.6092650461494,15.1688515882051,11.9395666805498,28.6783556396349,0.135315611780386
474,0.00426030349152678,13.96457443625,3.047275527375,25.59153051,-2.617361167125,0,0,0,5.570158593,0.000661778373293205,0.168816323432579,"22",5.29170811140422,4.39259607468932,10.2029546406583,8.59783628261399,15.0188089086063,14.8433800783802,-57.483070512578,121.969225885056,0.138786615126129
475,0.00431729333308862,11.6369554514286,2.939485805,26.35342812,-43.2371402157143,0,0,0,-0.186622585857143,0.000718768214855045,0.182104585865859,"22",3.95074430518857,3.06746935885681,6.72399310546286,5.88488163156849,13.6146187142629,14.1255293420551,-274.364847528006,258.841634533944,0.15652308784822
476,0.0043415698418071,9.312423718125,2.92958217175,25.868595435,-150.75687860125,0,0,0,-4.896115674125,0.000743044723573524,0.187711920518519,"22",4.89408158541582,1.3454257899118,7.23354347748087,6.01904187006452,8.03986163674107,10.9586802514207,-475.468891569005,145.415202092818,0.16344549645739
477,0.00438820059305473,6.861067444,2.80686203357143,25.6222496357143,-299.334065671429,0,0,0,-8.487505154,0.000789675474821155,0.198395178235653,"22",4.30934245329545,0.627744683593117,6.83126992776785,5.15073002179641,5.59738125676136,9.06451849958956,-536.57892775276,87.7295713603703,0.169065061383396
478,0.00445477821938966,4.845601963375,2.85633180825,19.97644492375,-445.8983259875,0,0,0,-10.747004923125,0.000856253101156084,0.213453199801235,"22",4.19939916598661,0.674330857887273,5.11993879951562,2.94337626150196,5.19934361257812,8.87185484518412,-571.790881279464,62.2159368792859,0.182392297429646
479,0.0045209335230787,4.139893781,2.88119951871429,1.11874138271429,-583.809463942857,0,0,0,-12.07217924,0.000922408404845124,0.228194426367277,"22",3.99164983180357,0.276399712302985,4.62750096193214,1.57014364915062,3.35156276983214,6.06763736105372,-594.217538898571,26.8558427162787,0.189150795713322
480,0.00456975839345199,3.9324244825,3.96783530325,0,-616.7277366,0,0,0,-12.82946238375,0.000971233275218415,0.238936257511894,"22",3.8687039386875,0.143795244781672,4.2916792755625,1.15493881570066,1.3821255614375,1.95462071388744,-601.196791325,5.38004142544972,0.195346719153082
1,0.00447156993326626,0,1.29696681057143,0.0349903701428571,-19.4942441614286,0,0,0,-6.986289929,0.000441516175887032,0.103959844839825,"24",6.3899643162605,3.01131630844992,5.62796289518382,5.66050753365078,6.55152113410714,10.6754284401744,214.377492680777,287.797201759163,0.0734828470108735
2,0.00445340149316188,0,1.230998616875,39.2246904625,-19.47704491375,0,0,0,-6.98606314725,0.000423347735782652,0.0998884671454867,"24",5.71733786148872,3.48134129403394,5.16825149457049,5.51157716824852,9.38857250232894,17.2620502509638,189.125026201523,281.690804909037,0.0715469072918138
3,0.00445010556579138,2.59918571428571e-05,1.22444236814286,66.9720278942857,-31.5476335828571,0,0,0,-6.98616681314286,0.000420051808412152,0.0991481010346513,"24",6.03496629869048,3.28679742079671,5.38735200159424,5.58557475510724,6.18949164722024,10.469963635561,201.384618411766,284.593930805052,0.0724669470832417
4,0.00441146507240292,0.1250192635,1.184704566875,14.664846613375,-155.509030365,0,0,0,-6.974796906,0.000381411315023692,0.0904271329365915,"24",5.43147096841429,3.62163691044692,4.97138885068571,5.43633755429162,10.8803784003375,18.0777488377708,178.694922645759,278.117152060566,0.0705347087256112
5,0.00434945456412605,0.725312586142857,1.86759861271429,0.000414224,-373.031789457143,0,0,0,-6.79235909485714,0.000319400806746821,0.0762707326898289,"24",5.38460355977435,3.75181040405616,4.64622570372565,5.2774023971741,10.8424942860227,17.2446138675901,166.621351164213,274.54057961197,0.070170399080021
6,0.00431056756704218,1.230196473375,1.69299904075,0,-500.572067675,0,0,0,-6.35632982475,0.000280513809662952,0.0672898647500331,"24",5.02948059982515,3.78330355609132,4.39925804646577,5.11196845567009,10.9006498518333,16.8266668137561,133.413200257991,288.459705634882,0.0642398344119076
7,0.0043391239519882,1.62067559785714,1.60791815057143,0,-464.991132885714,0,0,0,-5.74843900285714,0.000309070194608972,0.0738927564192586,"24",4.71958626515214,3.87764068230494,3.90375533222714,4.85859462793963,11.6069211116267,16.8466563508074,82.0750584095381,292.984644396225,0.0572912461689685
8,0.00439549924852279,2.04787415175,3.962078911125,0,-245.062906325,0,0,0,-4.999654642,0.000365445491143561,0.0868014021112549,"24",4.6003973933331,3.84759782681695,3.81545390216346,4.78167646277241,11.1605010688718,16.6625027895876,61.0340510520284,306.459174334839,0.0526518784394547
9,0.00441749153569802,2.50454531057143,13.4185177467143,0,24.5110259314286,0,0,0,-4.08387964757143,0.000387437778318791,0.0917922917797087,"24",4.96907869991733,4.36976407532022,4.32739686329497,5.81792614530736,11.2018487826993,16.711480192908,23.5815575859877,281.545667001811,0.0452365339924903
10,0.00436394206564382,3.930207986,20.2550950725,0,175.2880283,0,0,0,-2.806088427125,0.000333888308264592,0.0795960752975216,"24",4.88105965029783,4.31329893882669,4.65207975198852,5.96207653350053,10.8017827547457,16.5351620440145,23.6147528840391,276.282722938893,0.0427862309510577
11,0.00429312028734469,6.40066321157143,19.7802705642857,0,187.522430957143,0,0,0,-0.604992888571429,0.000263066529965461,0.063234091573813,"24",4.89400220026913,4.37646771408105,5.27120721966964,6.63114879683445,10.7233963474498,16.4644327169063,13.0676836989626,265.872885839303,0.0441652026149833
12,0.00421914313913612,8.547408713375,21.0020954325,0,104.3458854225,0,0,0,2.78865839575,0.000189089381756892,0.0458523435511395,"24",5.37379914363426,5.10375894180069,6.41256946844973,8.02625139823352,11.9484635297119,16.6223307838862,-12.6488575507187,242.079404487068,0.0336719577908487
13,0.0041441160929829,10.2907519455714,23.3125520857143,0,69.19873681,0,0,0,7.01956975657143,0.000114062335603671,0.0279098034280807,"24",5.56120422612575,5.67884450370113,7.10758043669271,8.89895175827275,12.5910541221111,17.2898940030116,-36.4748671587557,199.301821413089,0.0280906460964423
14,0.00406867447781185,12.2964676675,22.58573773,0,24.819406860125,0,0,0,12.107768291875,3.8620720432622e-05,0.00953754987636213,"24",11.8214046852354,4.38565499744502,12.529140221849,10.5891119267913,10.7599693216721,12.5101760519697,75.1539534211867,70.3091924255371,0.0239272111354376
15,0.00399321161308412,14.1789449014286,22.4849279614286,0,-1.59557247742857,0,0,0,18.0488085557143,-3.68421442951085e-05,-0.00918389224984661,"24",14.7239934915,2.78581044129108,12.2005624686696,11.3981565580315,12.2100397960491,13.252847660003,15.199981821692,31.6658054004575,0.0232295797205831
16,0.00391809819143618,15.84476852875,22.6831005575,0,-9.444381126375,0,0,0,24.81735237125,-0.000111955565943048,-0.0281733336300451,"24",16.5273476202041,2.52250932414659,13.7405830863852,11.3010453589022,8.92863468543367,11.407501448609,-9.69371316242602,19.5254217496889,0.00590589833659751
17,0.00384387332976811,17.4481524057143,24.6977890585714,0,-10.4248820954286,0,0,0,32.3064051157143,-0.000186180427611118,-0.0472991761165371,"24",18.1053419863521,2.33160004771955,13.8800872678674,11.2479545178617,7.98177339683673,10.0442764643983,-20.5989051944209,14.676688284228,0.00427975910628425
18,0.00377205220836131,19.13502309125,25.23513999,0,-5.382633679,0,0,0,40.5718126675,-0.000258001549017918,-0.0661605077680738,"24",20.0812122396429,1.35766917894188,11.3220829774413,11.6808150089903,10.1529790207653,9.65146999554116,-19.9169523282602,12.4265764006077,0.00136242413090295
19,0.00370976364933026,20.9140610842857,24.7409481471429,0,-1.94752701157143,0,0,0,49.5975168171429,-0.000320290108048968,-0.0828115448173277,"24",21.2409069514541,1.05376287929399,11.3778155909515,11.7341223832413,7.94596600156123,7.72165691718296,-8.98237353146429,10.9192779076072,0.00712649286199718
20,0.00371090336751117,22.699912425,24.4896611775,0,-1.496408634125,0,0,0,59.46075905375,-0.000319150389868058,-0.0825043707704216,"24",22.2195903720663,0.737887415336859,11.1962425414005,11.5104165981635,4.62574825872194,5.11674836442023,0.692732556650509,3.25085971691233,0.0129613823694904
21,0.0037685465286079,24.2472204814286,24.70399549,0,-0.773815608857143,0,0,0,70.0714872814286,-0.000261507228771329,-0.0670903225043524,"24",23.1795406400893,0.763690360663939,12.574936082878,11.7547037521586,0.714336145127976,1.72240113583992,2.62626492654762,2.21356880310359,0.0244253130547388
22,0.00383063209735612,25.654418345,24.65640470875,0,1.283971177625,0,0,0,81.35130558875,-0.000199421660023108,-0.0507498858285063,"24",24.0211782194345,1.09362258227088,12.3424154311369,11.4063960161694,0.000518405071428572,0.000895261345485234,2.17898233593452,1.51657145707649,0.0353196072674183
23,0.00386142979442303,26.9870037385714,22.8515522614286,0,1.49955724314286,0,0,0,93.2458259042857,-0.000168623962956198,-0.0427421861323838,"24",25.05377700775,1.44701715787523,15.1858892424571,9.79126025642534,0,0,2.36720062778929,0.764354614481006,0.0415679003502804
24,0.00383005938066821,28.043504175,22.072523885,0,1.4990370255,0,0,0,105.698472785,-0.000199994376711018,-0.0508994067107054,"24",25.4698746274554,2.03755908761277,14.5289510355759,8.88555567255801,0,0,2.62329528556696,0.74915874803231,0.0430884565641044
25,0.00379066844218886,28.7898257942857,20.3016895857143,0,1.49905574157143,0.857142857142857,0.857142857142857,0,118.539711928571,-0.000239385315190369,-0.0612373400890185,"24",25.9729349751786,2.40823550675334,15.2833047006786,6.38931863652874,0,0,2.62335520583929,0.749545453920524,0.0415618017633597
26,0.0037727865219215,29.310526965,18.27294536,0,1.4990370255,1,1,0,131.6706397875,-0.000257267235457728,-0.065965854556973,"24",25.7594847772917,2.26212762016691,12.5274405318988,5.31028350215595,0,0,2.67178902164583,0.587058182551269,0.0222553413392993
27,0.0037716844468428,29.65041312,16.8941546842857,0,1.49905574157143,1,1,0,144.993132057143,-0.000258369310536428,-0.066258008920582,"24",26.5134363456429,2.33177454594494,11.0253766971607,6.6511771139558,0,0,2.13620546216428,0.689331263786877,0.0163552867657552
28,0.00374774278685447,29.851369595,16.22755143875,0,1.4990370255,1,1,0,158.4425999875,-0.000282310970524758,-0.0726259780523533,"24",27.5614210691964,2.04148974142508,10.7303247654018,7.34380541366965,0,0,2.32363588761607,0.960057836658193,0.0109098240650922
29,0.0037016719107978,30.00424956,15.7629532314286,0,1.49905574157143,1,1,0,171.963477671429,-0.000328381846581428,-0.0849951275965601,"24",27.9758389121429,1.76966204453624,10.6763638131652,6.68609717770185,0,0,2.88655776470536,1.61176958077076,0.0252329576521078
30,0.00366443791196085,30.1582401475,15.3151215575,0,1.4990370255,1,1,0,185.5548726,-0.000365615845418378,-0.0951047555671254,"24",28.3324865932589,1.55823894414685,11.3951451103482,6.27197322808732,0,0,3.038114446125,2.01974644576203,0.0239203910036372
31,0.00365295770231342,30.3251179914286,15.3036898785714,0,1.49905574157143,1,1,0,199.2193874,-0.000377096055065808,-0.0982425437524439,"24",28.6689123832589,1.43468658093718,11.6759671958482,6.31516604996883,0,0,2.99860061333036,2.1208842748804,0.0255754860665193
32,0.00368229277876739,30.46608851625,17.1168988725,0,1.4990370255,1,1,0,212.9483641875,-0.000347760978611838,-0.0902441169442971,"24",29.0103085795982,1.38452383266866,11.6001113264018,6.07279930032421,0,0,2.44924526094643,1.14508331967419,0.0308187128364043
33,0.00374199895604804,30.6321243571429,16.18433181,0,1.49905574157143,1,1,0,226.754313657143,-0.000288054801331188,-0.0741597643900533,"24",28.9548970906429,1.399267920876,12.494850238825,4.12925495758283,0,0,2.39811872896786,0.820737328275819,0.0250419965936856
34,0.00380483004236559,30.75780941875,15.92396945375,0,1.4990370255,1,1,0,240.6226877,-0.000225223715013638,-0.0575083903058111,"24",29.1797919085357,1.35656645280943,12.9145610339179,3.19270162320172,0,0,2.39847795687143,0.82106493624943,0.0295464806972296
35,0.0038308150242078,30.8788948871429,16.9920639114286,0,1.49905574157143,1,1,0,254.545807271429,-0.000199238733171429,-0.0507021332710496,"24",29.7396808290178,1.12012113193061,14.265106002,2.89386546381838,0,0,2.24856957530357,0.865474833230721,0.0298073443919755
36,0.00378674012211842,31.02610003125,17.9165753625,0,1.4990370255,1,1,0,268.5291301125,-0.000243313635260809,-0.0622741906917934,"24",29.8843915945982,1.05524651093699,14.7754252227991,3.12040326332565,0,0,2.24856957530357,0.865474833230721,0.0283610481320071
37,0.00375336596259042,31.2193396685714,17.10154351,0,1.49905574157143,1,1,0,282.584024871429,-0.000276687794788808,-0.071126685927096,"24",30.0344774528125,1.00267021008595,14.7104309283482,2.92882443007187,0,0,2.24861027823214,0.865521836649978,0.0260395396542547
38,0.00373883514604037,31.42394170375,17.1063956475,0,1.498878136375,1,1,0,296.7302714,-0.000291218611338858,-0.0750056086016855,"24",30.1946554801786,0.964357276136775,14.4893072176339,2.78090674858277,0,0,2.26221527849107,0.881979876153604,0.0204298337050107
39,0.00369938095421151,31.6143268685714,16.8605624142857,0,1.50144187657143,1,1,0,310.967054928571,-0.000330672803167718,-0.0856142169719067,"24",30.3660722479018,0.952968912422761,15.1328627828571,2.19592651921393,0,0,2.64363836459375,1.42617545435803,0.0112683808734709
40,0.00363573927838778,31.78514363125,17.4553401775,0,2.784947678625,1,1,0,325.2831081875,-0.000394314478991448,-0.102967244348183,"24",30.5935482136786,0.859646733872584,14.6522379765357,2.20964751207384,0,0,3.00129905614286,1.05887554423791,-0.0102642083655662
41,0.00357826788087227,31.9516449642857,18.1960613214286,0,2.99861298485714,1,1,0,339.683291857143,-0.000451785876506958,-0.118900860867284,"24",30.7355501175357,0.878663811119973,14.3781724571786,2.06655120974072,0,0,3.19511325969643,0.567451456583024,-0.00691343888467353
42,0.00355262109810576,32.09892876375,16.64706751625,0,2.998074051,1,1,0,354.1502463125,-0.000477432659273469,-0.126094043290146,"24",30.7918309560714,1.03640289517336,15.1791517116072,2.35880086630848,0,0,2.88962679380804,0.221188347673794,-0.00756172683827403
43,0.00355052019118034,32.0715075414286,9.05972665214286,0,2.99811148314286,1,1,0,368.670238014286,-0.000479533566198888,-0.126685586339049,"24",30.8321495209375,1.05580709364414,15.9789352229911,2.07099688152819,0,0,2.62214153042857,0.75191495087372,-0.012961169576444
44,0.00355678900674323,31.57450053375,10.14554826275,0,2.998074051,1,1,0,383.0393113625,-0.000473264750635998,-0.124921538416677,"24",30.628012454,0.99282914417644,13.9382972619643,2.98539976314675,0,0,2.69828161875714,0.670398108304271,-0.023494449269768
45,0.00356858917021243,31.1878663314286,10.084058135,0,2.99811148314286,1,1,0,397.221347957143,-0.000461464587166798,-0.121609384694417,"24",30.5490392248929,0.807219907818065,14.8456951429072,2.75382608339169,0,0,2.69828536197143,0.670389738222677,-0.0227544326949593
46,0.00358248197020027,30.80994154125,13.4281830925,0,2.998074051,1,1,0,411.2210236625,-0.000447571787178958,-0.117723864104534,"24",30.4558033930357,0.715982021022023,15.3585292053929,2.96499933416911,0,0,2.69790701108214,0.671235756530138,-0.0190387807382903
47,0.00357452226349106,30.5995912542857,17.3725138271429,0,2.99811148314286,1,1,0,425.084253857143,-0.000455531493888169,-0.119948177381051,"24",30.5520301414286,0.601883883861803,15.8787248362054,1.68155046526263,0,0,2.76374219609822,0.469975513699003,-0.0145026894884482
48,0.00355316952619816,30.62008624625,16.44618721,0,2.998074051,1,1,0,438.9068838625,-0.000476884231181069,-0.125939682401386,"24",30.5081123977678,0.533894101964699,16.7015592657143,1.02493404549332,0,0,3.31336135382589,0.627874804800032,-0.00851532363572636
49,0.00355369346977749,30.6535439771429,16.8219640614286,0,2.99811148314286,1,1,0,452.743063614286,-0.000476360287601738,-0.125792235189914,"24",30.5428765545089,0.463611057358642,15.8310432599107,1.16057518038663,0,0,3.56879926191518,1.14140051244294,0.00036275020222627
50,0.00357334156779969,30.701596625,17.0922882125,0,2.998074051,1,1,0,466.598671525,-0.000456712189579538,-0.120278540604789,"24",30.5656093025447,0.415661422604471,15.7041821439286,1.38860060679634,0,0,3.07515024495536,0.154241767126271,0.0104359583711332
51,0.00359293261257737,30.7671598342857,17.4030910114286,0,2.99811148314286,1,1,0,480.494219642857,-0.000437121144801858,-0.114810959392274,"24",30.5864834552232,0.399657620622687,15.9104169570982,1.24931417935095,0,0,3.00217727296429,0.00864142781385232,0.0161729777791678
52,0.00359325689717604,30.82070513625,17.29731240625,0,2.998074051,1,1,0,494.4008102,-0.000436796860203188,-0.114720707224717,"24",30.5809779955357,0.443739313212385,16.3634623752679,1.04107379993441,0,0,2.63717791060268,0.721842190534131,0.0151318646309702
53,0.00358610639279672,30.8711054714286,16.7758984514286,0,2.99811148314286,1,1,0,508.338301328571,-0.000443947364582508,-0.11671266842119,"24",30.5663914901786,0.503698917695867,16.9025223972768,0.40733626398621,0,0,2.62217287528571,0.748639562315355,0.00894893110298201
54,0.00359858586526191,30.95073865125,16.43962937875,0,2.998074051,1,1,0,522.2992595625,-0.000431467892117318,-0.113238759109615,"24",30.5291813967857,0.581023236458849,16.3709659849107,0.593314541700703,0,0,2.88856317210268,1.05272501139813,-0.000248643211384714
55,0.00361667016028158,31.0192177614286,17.1668439728571,0,2.99811148314286,1,1,0,536.297453842857,-0.000413383597097648,-0.108225955039137,"24",30.5143051896875,0.653816014488078,16.4354817317857,0.954204790371679,0,0,2.48864922842857,0.707411956832514,-0.0105224102803239
56,0.00361372013345792,31.09109424625,15.7652750425,0,2.998074051,1,1,0,550.3219317125,-0.000416333623921308,-0.10904196269181,"24",30.5047528070089,0.719849181944439,17.0243669810714,0.265296083859753,0,0,2.71087585419643,0.368597641841657,-0.0179937568306838
57,0.00357085118762879,31.0162603242857,16.0248408171429,0,2.99811148314286,1,1,0,564.358908385714,-0.000459202569750438,-0.120975716699363,"24",30.5194256091071,0.784611716530533,16.8184269690178,1.08187843043489,0,0,3.37341614342857,0.751084279457828,-0.0296364195562714
58,0.00350333144085198,31.0128188525,16.81834500125,0,2.998074051,1,1,0,578.35774345,-0.000526722316527248,-0.14006535541287,"24",30.5089392887053,0.852231163578118,15.9962647132143,0.788933585757281,0,0,3.31976943049554,0.642810297334164,-0.0445807100899316
59,0.00343494748591397,31.0851961314286,17.4853147871429,0,2.99811148314286,1,1,0,592.395467485714,-0.000595106271465258,-0.159778073256799,"24",30.5085756495982,0.935626777883721,15.9878169760268,1.04746907530794,0,0,3.12048664583036,0.243187166142343,-0.0586704572120177
60,0.00338248794275644,31.24002071875,17.80741995375,0,2.998074051,1,1,0,606.468043925,-0.000647565814622788,-0.175168193958043,"24",30.5296916636161,1.0387723657176,16.3082407195536,0.830146026831667,0,0,3.37392168985268,0.751890562277105,-0.0679072243687986
61,0.00335001131157572,31.4554968085714,16.7315026128571,0,2.99816083157143,1,1,0,620.633483257143,-0.000680042445803508,-0.184815987711558,"24",30.5746699201339,1.15246738096539,16.7069248216518,0.796554138458018,0,0,3.37710664343304,0.746712815381232,-0.0614163755663559
62,0.00333101025071075,31.68352467,17.268899265,0,2.98020190775,1,1,0,634.8930932375,-0.000699043506668478,-0.190504073388134,"24",30.6507564883929,1.2603371456129,16.1432790899553,0.987666222133373,0,0,3.01210374670536,1.20147768993625,-0.0628422476531355
63,0.00330695781658618,31.9231223014286,17.4649025885714,0,1.49277347628571,1,1,0,649.268675571429,-0.000723095940793048,-0.197751031620599,"24",30.7373149168304,1.37452652347327,16.4754874351786,1.10938755756053,0,0,3.06829272022768,1.23271634515542,-0.061370579379191
64,0.00329488962097262,32.17429845625,19.12633735,0,1.49899384575,1,1,0,663.7402409,-0.000735164136406608,-0.201407041185941,"24",30.4769744310714,1.50972137323438,16.4432546363571,0.864721282093935,0,0,2.84078146338928,1.33617330544417,-0.0695149670892844
65,0.0033120065980764,32.5161877571429,19.1225769071429,0,1.49905574157143,1,1,0,678.352588042857,-0.000718047159302828,-0.196225481096214,"24",30.5433209002857,1.63001320683042,16.9275825240714,1.38329500062167,0,0,2.69842515739643,1.25458508329293,-0.0662263205330094
66,0.00334644763752187,32.6957402025,14.10368036625,0,1.4990370255,1,1,0,693.0880907625,-0.000683606119857358,-0.1858803336027,"24",31.0159882870982,1.7848256045439,16.7307164511607,1.69515050375279,0,0,2.77015142098661,1.30626847552392,-0.0631674324879783
67,0.00338422497184301,32.5154510528571,11.4366499971429,0,1.49905574157143,1,1,0,707.838590971429,-0.000645828785536218,-0.174654789859093,"24",30.980847835625,1.92451126156861,14.1730281605268,3.28747237489347,0,0,2.99751750055357,1.22327952457895,-0.0569244113591628
68,0.00341583282808074,32.23839299125,11.0010659075,0,1.4990370255,1,1,0,722.4595393625,-0.000614220929298488,-0.165358373894458,"24",30.7677780897768,1.86427319602843,14.1066299696607,2.82912268201699,0,0,2.43603712829911,0.717232541585242,-0.0343364878318768
69,0.00345383507054538,31.9442593428571,11.2723466057143,0,1.49905574157143,1,1,0,736.974155571429,-0.000576218686833848,-0.154294482721898,"24",30.6001877517411,1.75709410704301,14.1039353047322,2.27671083755883,0,0,2.35885071769643,1.01726630812683,-0.0258207973052476
70,0.0034855221590496,31.7044160525,11.16348992375,0,1.4990370255,1,1,0,751.3474336125,-0.000544531598329628,-0.145161847873809,"24",30.4850114379018,1.64624573500979,13.8278227548661,1.77680524989151,0,0,3.32943671589286,1.39196598517082,-0.0281566622629255
71,0.00348064662022441,31.49499513,11.0777476671429,0,1.49905574157143,1,1,0,765.633568971429,-0.000549407137154818,-0.146561624317871,"24",30.3508866280714,1.33052285837192,13.90466962925,1.5548674108112,0,0,3.573729608075,1.3216034097172,-0.0446647005620531
72,0.00346148660786974,31.26256629375,10.79318759875,0,1.4990370255,1,1,0,779.80588935,-0.000568567149509488,-0.152081558846083,"24",30.3312939048571,1.21822793199262,13.4487480811786,1.57523610641265,0,0,3.29179947721429,1.25604076395292,-0.0489916467969495
73,0.00347016373644043,31.0536325514286,10.62568334,0,1.49905574157143,1,1,0,793.890822957143,-0.000559890020938798,-0.14957793202656,"24",30.0499136320536,1.09512537967477,13.1122540940774,1.86652810342026,0,0,2.99698942396726,1.34219426351442,-0.0550242869487163
74,0.00351897521453297,30.79645439,10.0918856515,0,1.499151356375,1,1,0,807.85190565,-0.000511078542846258,-0.135609896578043,"24",30.0517518098571,0.997064513342401,12.3777630963143,2.22634838972101,0,0,2.69821938315,1.25419432911869,-0.0479449371051756
75,0.00358718424410336,30.54360169,10.3155381878571,0,1.74233436785714,1,1,0,821.718583628571,-0.000442869513275868,-0.116412150475031,"24",30.3007695771429,0.61913359896286,12.2896120141205,2.65649605606917,0,0,2.62072827529911,1.43569331209091,-0.0361834397670072
76,0.00365732460758955,30.2759915725,10.6887447075,0,3.008757688625,1,1,0,835.44952085,-0.000372729149789679,-0.0970478140577571,"24",30.3548447777679,0.253282954467883,11.9630486813036,2.99318698750233,0,0,2.806433122375,1.41784990604619,-0.0213412563116974
77,0.00372153789814213,30.0413646685714,11.5873518357143,0,1.61914978185714,1,1,0,849.084720528571,-0.000308515859237098,-0.0796427167803184,"24",30.4775190616072,0.398924187298616,12.0920816231964,3.61900178539818,0,0,3.37153133773661,1.87916365483881,-0.0102270917601075
78,0.00373488334249607,29.83285067375,14.22957098625,0,1.496323201625,1,1,0,862.598145375,-0.000295170414883158,-0.076063128713769,"24",30.5777568943303,0.816001457153793,12.5727490677857,3.84412641524234,0,0,2.48577718798214,1.12332184165099,-0.00445226046165077
79,0.00368832860794781,29.74214491,16.0045167028571,0,2.05878022,1,1,0,876.067030242857,-0.000341725149431418,-0.0886063092075622,"24",30.5769547121875,0.98956055921124,14.2093919845045,0.112565434416393,0,0,1.87262942942411,0.750297301498148,-0.00319468894123149
80,0.00365938646843363,29.7657999775,16.81841216125,0,3.002090562875,1,1,0,889.49765155,-0.000370667288945598,-0.0964842108702388,"24",30.5523137176786,1.02657514854895,14.6759684850402,0.999648449361767,0,0,2.01324836303572,0.70778701238918,0.00693996145600704
81,0.00366095408930754,29.8450446957143,16.7482571614286,0,2.99811148314286,1,1,0,902.973504285714,-0.000369099668071688,-0.0960559190871786,"24",30.5531568186429,0.939393537870656,14.7907531365357,1.29414465345231,0,0,2.39933988878929,0.821263511521021,-0.00230048344904059
82,0.00366528872117278,29.9514927425,17.26874393375,0,2.997959720375,1,1,0,916.47449535,-0.000364765036206448,-0.0948726025182811,"24",30.5899020170714,0.970842313379719,14.9046301873929,1.08789770770625,0,0,2.82611888835357,0.763827116969878,-0.000322928326528871
83,0.00366122886308011,30.06281949,16.3812542914286,0,2.59445636571429,1,1,0,930.0443554,-0.000368824894299119,-0.0959808666698923,"24",30.6245308905,0.989112401677772,15.0874443986429,1.29880407154106,0,0,3.27755552885714,1.46294695284038,0.00355735808305351
84,0.00365816923600254,30.170486,17.3438897625,0,1.5009660045,1,1,0,943.6347209875,-0.000371884521376688,-0.0968168991224951,"24",30.6689761905,1.00860118997993,14.8590762165714,1.38831231886274,0,0,3.21779877166429,1.98207077464727,0.00762529354835788
85,0.00365077904520553,30.3128750185714,17.4619112828571,0,1.49905574157143,1,1,0,957.306479514286,-0.000379274712173698,-0.0988391307292655,"24",30.63218153,1.15382233293701,15.5237829259822,1.76327839398461,0,0,2.84882253458928,1.92744525397978,0.0118830104276432
86,0.00363458871456277,30.45323500125,17.384930015,0,1.4990370255,1,1,0,971.0225810625,-0.000395465042816459,-0.103283753810777,"24",30.6320761608929,1.11008628012387,15.9620323688393,1.1227055187913,0,0,2.63042029489286,0.917792934991824,0.0110681771349533
87,0.00361532258009696,30.5477667271429,16.7072943728571,0,1.49905574157143,1,1,0,984.812585914286,-0.000414731177282269,-0.108598626918472,"24",30.5764818603125,1.06916051509546,16.27766988375,0.892832223839726,0,0,2.99974316344643,1.22583588013067,0.00544428699874633
88,0.00359351455372767,30.633416845,16.33454799625,0,1.499151356375,1,1,0,998.6260035125,-0.000436539203651558,-0.114649004222519,"24",30.4790692808482,1.03242535371318,16.5557336616518,0.462912295041865,0,0,2.99762269136161,1.22395130752625,-0.00366058772734227
89,0.00357693953551877,30.6829054942857,16.5463910257143,0,1.74199657385714,1,1,0,1012.49323542857,-0.000453114221860459,-0.119272155577369,"24",30.1012566037857,1.06921814779484,16.6481268266786,0.491685620207668,0,0,2.55452071085714,1.25305835496592,-0.0218763445392713
90,0.00356918798154137,30.72476350875,17.04918817625,0,2.996145072375,1,1,0,1026.362159875,-0.000460865775837858,-0.12144159819707,"24",29.9760189713393,0.935754342174244,16.7431676472917,0.404400972306324,0,0,2.39295081236309,1.03947732150926,-0.0270914466616759
91,0.00355350934083734,30.7432517485714,16.0542827442857,0,2.99811148314286,1,1,0,1040.26671128571,-0.000476544416541888,-0.125844049930514,"24",30.0638969086071,0.883486581774804,16.6763268673928,0.710037880199775,0,0,2.70146740216429,1.56795410131303,-0.0282962787447589
92,0.00353399401635012,30.7084534575,15.6176081025,0,2.998074051,1,1,0,1054.138603375,-0.000496059741029108,-0.131351030956928,"24",29.9881987043571,0.872759454110353,16.4299817481786,0.396158300547505,0,0,3.6659162748,0.926635021572259,-0.0257909643539365
93,0.0035234287229566,30.6594380157143,15.4872606285714,0,2.99811148314286,1,1,0,1068.02125728571,-0.000506625034422629,-0.134345127067419,"24",29.9442991692857,0.830825029064242,15.961191728,1.23747097633787,0,0,3.89866937533214,0.820942006510179,-0.0231328851474599
94,0.00353581428356278,30.60708366375,14.65421336375,0,2.998074051,1,1,0,1081.8528755,-0.000494239473816448,-0.130836089921989,"24",29.9557301756697,0.901170858192267,15.7414118139732,1.68459649252902,0,0,3.57249339676339,0.747489597619548,-0.0228487116165241
95,0.00355705877486442,30.4700693,13.5779001285714,0,2.99811148314286,1,1,0,1095.66784542857,-0.000472994982514808,-0.12484569532247,"24",29.9400551441071,0.828190021098574,16.079067209375,2.05859189396723,0,0,3.03464871662946,1.16587170507424,-0.024573052429759
96,0.00356628375517842,30.28513801375,13.45148993875,0,2.998074051,1,1,0,1109.37648125,-0.000463770002200808,-0.122255623267613,"24",29.9601121390625,0.7155773674926,14.2809587682143,1.75674351503442,0,0,3.37436026928571,0.748543306441484,-0.0278378541804363
97,0.00357278723846734,30.0958648728571,14.0817673685714,0,2.99811148314286,1,1,0,1123.02697428571,-0.000457266518911888,-0.120433681754068,"24",29.9637452075447,0.628298996269841,14.3172601054018,1.27798378290969,0,0,3.37333431528572,0.749185070604567,-0.0319248341677155
98,0.00356980039551995,29.899829595,13.7803460725,0,2.998074051,1,1,0,1136.566791,-0.000460253361859279,-0.121270029361101,"24",29.9206519537946,0.621590705406783,13.6883619100893,0.525712312166897,0,0,3.11158433682143,1.04689286162443,-0.0352919698306614
99,0.00356691514298237,29.67176596,13.9823663342857,0,2.99811148314286,1,1,0,1150.04079042857,-0.000463138614396859,-0.122078595317906,"24",29.8409407012946,0.689489314328116,13.6989586485714,0.472257663244688,0,0,2.99784262775447,1.22435183466171,-0.0382789898764052
100,0.00357135389076672,29.4350459225,13.4675991325,0,2.998074051,1,1,0,1163.373318625,-0.000458699866612508,-0.12083494697372,"24",29.7340934335714,0.787817949241331,14.0991184208482,0.658067957053219,0,0,2.99789192880357,1.22397396649642,-0.0410503407155729
101,0.00358170430344912,29.1989051114286,14.2594790528571,0,2.99811148314286,1,1,0,1176.63270728571,-0.000448349453930109,-0.117940962516772,"24",29.7493290644643,0.803031499041961,13.4082436070357,0.980123854775228,0,0,3.32191898036071,1.24815446083428,-0.0309640562108846
102,0.00361699512874798,28.97566777375,13.14067247125,0,2.998074051,1,1,0,1189.75629,-0.000413058628631248,-0.108136106132767,"24",29.6080837088572,0.984772911879589,12.90465738155,2.81142629030666,0,0,3.60023384399286,1.34290271450385,-0.0250211883109112
103,0.00368273619395737,28.73912931,13.1305505914286,0,2.99811148314286,1,1,0,1202.80513071429,-0.000347317563421858,-0.0901237059642135,"24",29.3544664299643,1.329565982153,13.4008921084,3.06009412761014,0,0,3.59857724950714,1.34197037620103,-0.0145222897020178
104,0.00375614041782867,28.53690277375,13.12719509,0,2.998074051,1,1,0,1215.730982375,-0.000273913339550558,-0.0703877677745446,"24",28.8257978490625,1.77554348141709,14.2067984744643,2.42989141348336,0,0,3.12422952261607,1.21593275676791,-0.0119921187019414
105,0.00383077251724543,28.3219712085714,12.8858796171429,0,2.99811148314286,1,1,0,1228.59222428571,-0.000199281240133798,-0.0507132293946739,"24",28.5597649971875,1.80981542862607,14.1897443814286,2.94146856025286,0,0,3.37783740579018,0.746243644531051,-0.000217342594830053
106,0.00390558925881899,28.0441657675,7.667959161375,0,2.998074051,0.25,0.25,0,1241.322435125,-0.000124464498560239,-0.0313710439261099,"24",27.6574991533929,1.96033741068573,13.6942368243,3.76864800969947,0,0,3.08695169622857,0.911682726180554,0.00290008558124155
107,0.00397988641336681,27.32040726,3.65204953528571,0,2.99844927728571,0,0,0,1253.86832914286,-5.01673440124186e-05,-0.012526435322882,"24",27.5792309077381,1.82246585053569,14.2361023805566,4.97822085038946,0,0,2.91156431185417,0.871255660395661,0.0124023531910074
108,0.0040523837845685,26.3499540825,3.767211335375,0,3.010527778625,0,0,0,1265.978132875,2.23300271892718e-05,0.00552558144394411,"24",27.0597956384821,1.6768770504327,12.8817479028214,7.37694608533433,0,0,2.89620682804762,1.00393326814235,0.0272228680370279
109,0.004118490744048,25.3911387285714,3.31776977414286,0,1.62153591685714,0,0,0,1277.68751457143,8.84369866687718e-05,0.0217070562856128,"24",26.420206764375,1.5811144209283,11.8097259990804,9.25651859098997,0,0,2.88425304802381,1.62865190977546,0.0297260664009243
110,0.00413512154210792,24.44553748,3.08126764775,0,2.643481892875,0,0,0,1288.927915125,0.000105067784728691,0.0257370057399884,"24",25.5160819980714,1.69238455951493,10.1115672586643,11.0059346229376,0,0,1.91551502411428,1.85313953290048,0.0279681899800747
111,0.00408275891355717,23.4767589814286,3.06456230314286,1.84054285714286e-05,2.99962323114286,0,0,0,1299.77643485714,5.27051561779414e-05,0.0129932487061772,"24",24.4642097126071,1.49288843440797,10.6238012338071,11.978450477044,0,0,2.364742814225,2.2345818548428,0.025848747135775
112,0.00401958566352019,22.66167286,2.91564639825,7.03351146375,2.6762176855,0,0,0,1310.16897425,-1.04680938590382e-05,-0.00260088656215274,"24",23.3945213243571,1.14903895579979,10.827243295575,12.1672849819104,0.0988606639607143,0.221048876113233,2.57328532778929,1.62275305437012,0.0326307971373632
113,0.003970723335742,21.6551296314286,2.924963456,19.1529610614286,-4.23422984871429,0,0,0,1320.23425228571,-5.93304216372284e-05,-0.014831436257511,"24",22.6647080904464,0.997776137068579,13.4136947826399,12.6122473864369,2.72960820654464,4.08239956358377,1.3454239210625,2.3849102539588,0.0465715022731107
114,0.00398713995369762,20.175638875,2.72290643725,20.89467567375,-17.61588912,0,0,0,1329.658011625,-4.29138036816086e-05,-0.0107055446119171,"24",21.3536676072619,0.774946218590606,13.4583931662559,12.6275994922484,7.43899502355358,8.82858186227229,-8.09550405948214,8.15919436808961,0.0657424940245248
115,0.00404236502679151,18.3469858642857,2.574272387,24.14583656,-23.9872926971429,0,0,0,1338.37582428571,1.23112694122816e-05,0.00305020811767154,"24",19.7001565034226,0.966094848561215,13.6762163172798,12.8364181580745,9.90324550422618,10.9915305725467,-24.0139162604821,8.51582809222783,0.0902375747887779
116,0.00411346091862661,16.04818988,2.308751649875,25.5093169125,-20.8025606175,0,0,0,1346.047952625,8.34071612473815e-05,0.0204850311495965,"24",17.8112350226191,1.04393260731402,13.3672885146369,12.5244472742582,11.3284812206845,12.4365007381163,-32.952192208244,6.30022276695147,0.103925275832657
117,0.00418732190315307,13.5769613142857,2.14348972414286,27.4857204557143,13.3239862074286,0,0,0,1352.66216728571,0.000157268145773841,0.0382816495547891,"24",16.4041865098438,1.37591433367668,12.9615858794442,11.6979129581943,11.6746095597545,12.5359545960588,-29.0105031777723,6.74030745982683,0.111426003912004
118,0.00426198312989813,10.606168928375,1.686470439125,28.00473331125,115.8293033175,0,0,0,1358.03429825,0.000231929372518902,0.0559548588891294,"24",14.2749216806473,1.34671705110556,12.6497973195067,11.4420039770904,12.4821415676562,13.4325869977702,-1.84596617444642,30.4412164904993,0.118482333858301
119,0.0043367394087755,8.39051479028571,1.55249059728571,14.5762403198571,298.066634385714,0,0,0,1362.30133085714,0.000306685651396271,0.0733430605288046,"24",12.5000640515911,1.75454873167727,12.5009668231268,11.3290777707565,12.6250684741429,13.4172725022479,56.6713212629965,76.4609055866877,0.12477622203767
120,0.00441108432246371,7.7911123815,1.7737230535,0.635566534875,458.2838923125,0,0,0,1365.679813375,0.000381030565084482,0.0903408200322886,"24",10.8776141098006,1.91733829556641,12.0242684758631,10.8503975684516,11.0835146749375,12.3302060960302,157.342904783824,134.889519905392,0.129983263154934
121,0.00448435957318632,7.38124641057143,4.04463089171429,0,538.931390171429,0,0,0,1367.78195657143,0.000454305815807091,0.106815974584817,"24",9.98099843615178,2.05346547925213,12.863527670898,10.2525375965965,7.58228729845791,11.0473434434662,236.143757889304,176.045350256647,0.133878181559913
122,0.00455470407293074,7.013367255,12.415195540625,0,547.179466525,0,0,0,1367.855688625,0.000524650315551512,0.122380843050081,"24",9.80768163444642,2.0895231181241,12.2756012189524,10.1385999699647,7.07680147856071,10.8240067344281,256.329600041445,186.789391795557,0.140643733303687
123,0.00461095298775692,6.99443646242857,18.5442219028571,0,526.535630414286,0,0,0,1366.27107485714,0.000580899230377692,0.134654839204948,"24",10.6401908999313,2.02549856634736,11.2357649818352,10.7704591820357,10.2798263564712,12.1557137886596,180.492211516799,153.77090945334,0.135646469315312
124,0.004608395769122,8.429901931375,19.6801762025,0,378.1958109,0,0,0,1363.191711875,0.000578342011742772,0.134100088818026,"24",12.1264686641997,2.07506765550637,11.5056508025958,11.2432378170279,12.8024477328442,12.7423301901658,78.6163497286981,102.757335956066,0.129451963993021
125,0.00456441433762407,10.332456242,22.7425933328571,0,142.246772362857,0,0,0,1359.12315485714,0.000534360580244842,0.124510493683662,"24",13.5932374844803,1.86841604648194,12.6490767651429,11.336603993367,12.78618658525,13.5764135052701,16.9289395210679,49.1251322086262,0.123230458928925
126,0.00449600164085046,12.33349172,23.23853465375,0,30.652792327,0,0,0,1354.24861275,0.000465947883471231,0.109408759807906,"24",15.5489070341468,1.55954279749894,14.1123868847441,11.573054774131,10.7485289304167,12.8602522754135,-22.8861034441944,16.0645585315566,0.116236524445371
127,0.00442286711415389,14.2726263628571,22.8843498857143,0,-22.962298544,0,0,0,1348.59240057143,0.000392813356774662,0.0930084367823527,"24",17.346090273058,1.23407764644078,13.2542486528371,12.0095560386866,11.6850255295759,12.5456102167701,-31.203906616808,6.81383945723174,0.108759116909064
128,0.00434817105449267,16.08474919,23.86830562875,0,-38.99703433,0,0,0,1341.94825925,0.000318117297113442,0.0759755924597334,"24",18.9467271511607,0.971897548545929,13.6703737419286,12.4587591126935,11.1556922277678,12.2657539700068,-27.617826762619,7.42423789681183,0.101128036853553
129,0.00427274673785462,18.0163054042857,25.2353306785714,0,-38.6956165328571,0,0,0,1334.40476442857,0.000242692980475392,0.0584771679903167,"24",20.5175753704847,0.941221258282484,11.8041549770969,12.0143071989355,11.2246334409694,10.6254685933508,-16.5272418754541,8.8314143023464,0.0797637615648421
130,0.00419691104258217,20.1808826,26.28248429875,0,-21.21576845125,0,0,0,1325.7847685,0.000166857285202941,0.0405690724934233,"24",21.8720816112202,0.868267532132739,12.9723334706309,12.0794840910046,7.43899502355358,8.82858186227229,-3.99424665652381,6.19284514023788,0.0585102969734038
131,0.00412088387022612,22.3011743428571,25.6224504842857,0,-3.01727130085714,0,0,0,1316.22435985714,9.08301128468916e-05,0.0222879562444946,"24",22.7374148399643,1.09763358591949,10.9719436423107,12.4145022226472,3.27552984785357,4.31245341511829,2.21796296544643,1.18313704594571,0.0373021772871558
132,0.00404482256084659,24.277057245,25.68533904875,0,2.999875631375,0,0,0,1305.6641895,1.47688034673613e-05,0.00365796799545759,"24",24.1826260135714,1.49003339637997,13.3711333340714,12.9374337106166,4.60135714285715e-06,9.2027142857143e-06,2.84012426410714,1.74201329991578,0.0345370145271995
133,0.00396890428066463,25.98731394,26.4720361342857,0,2.99806213485714,0,0,0,1294.31617342857,-6.11494767145983e-05,-0.0152896580158259,"24",25.3395390653125,1.79296920206048,12.223188281875,11.5536183419134,0,0,2.82046841328125,2.30272029457075,0.0269885521061535
134,0.00389345370922732,27.5848492225,23.72288511875,0,3.015946195,0,0,0,1282.1649345,-0.000136600048151908,-0.0344831075791809,"24",26.2790566396428,1.82846543389487,11.30947267125,10.2557486205236,0,0,2.766978645,2.05287831121478,0.0262978769624794
135,0.00381943211726278,28.5823563857143,19.9114912714286,0,4.50344949042857,0,0,0,1269.46231785714,-0.000210621640116448,-0.0536779626363257,"24",26.9783270990625,1.7773185916548,11.6697983924688,8.5457211449029,0,0,3.08907347040625,1.23729452597714,0.0293925966963362
136,0.00375640147817027,29.11715564,17.74095848625,0,4.497154256625,0,0,0,1256.398605,-0.000273652279208959,-0.0703182679066252,"24",27.5647061178571,1.80904440703182,12.89060949775,7.04075254734585,0,0,3.13216052257143,0.940101683143939,0.025319047268141
137,0.00370915105648897,29.4634049542857,17.1839328085714,0,4.497167225,0.285714285714286,0.142857142857143,0,1243.17898914286,-0.000320902700890258,-0.0829766883323728,"24",27.7219435890774,1.76047059695168,12.6898572138125,4.1731087535059,0,0,3.07213875535714,0.816240683791471,0.00670798885983616
138,0.00365261528357103,29.75654822375,15.69357778625,0,4.497111076875,2,1,0,1229.78354225,-0.000377438473808198,-0.0983362855394141,"24",28.0462008440774,1.81032390591813,13.2830528657857,2.8225196624378,0,0,3.25131300338393,0.610367081436092,-0.00299798703164061
139,0.00360563650286039,29.9796535085714,15.2191012114286,0,4.497167225,2,1,0,1216.30284857143,-0.000424417254518839,-0.111281395970738,"24",28.768018834,1.54308394577548,13.9908777975714,2.1590247577412,0,0,3.09899842829286,1.05453894775852,-0.00615255379468112
140,0.00358508263072747,30.16380335125,16.4922263425,0,4.497111076875,2,1,0,1202.70567025,-0.000444971126651758,-0.116998189286501,"24",29.1521321996429,1.44362968340207,12.628058549875,2.91612014474072,0,0,3.37394379266518,1.43693355955765,-0.0238382805733344
141,0.00359559545190573,30.2382347714286,13.8287742528571,0,4.497167225,2,1,0,1189.07373857143,-0.000434458305473498,-0.114070101360648,"24",29.4505459432143,1.06187692315891,12.6736281637232,3.19108033710199,0,0,3.37600049874107,1.43851068122916,-0.0331165440427055
142,0.0036209548235275,30.21870253625,13.68540279375,0,4.497111076875,2,1,0,1175.40815375,-0.000409098933851728,-0.107041957902605,"24",29.6319856965179,0.8763654172764,13.3389538103572,1.11751950979579,0,0,3.02812095623214,1.22545401828125,-0.0475328201722947
143,0.00364504648225881,30.2003332571429,14.47773482,0,4.497167225,2,1,0,1161.77878957143,-0.000385007275120418,-0.100410594835063,"24",29.7395211174107,0.792163640356326,13.9702336920982,0.60775889208366,0,0,2.99787789177232,1.22395104087186,-0.046986366127522
144,0.00366950473843401,30.2220439925,13.962195905,0,4.497111076875,2,1,0,1148.115668125,-0.000360549018945218,-0.093723008427105,"24",29.8376834381696,0.687115475810938,13.59790547125,0.43924751869123,0,0,2.99785666478571,1.22437475332072,-0.0438233917314752
145,0.00370808228557747,30.20901494,13.5579831957143,0,4.497167225,2,1,0,1134.48438914286,-0.000321971471801759,-0.0832648741938087,"24",29.9193955541071,0.620818160253162,13.7063815892857,0.520967609580181,0,0,3.11157029979018,1.04686809066577,-0.0400892602669761
146,0.00377176914324972,30.20398934125,13.6300619125,0,4.497111076875,2,1,0,1120.822792,-0.000258284614129508,-0.0662355533162176,"24",29.9455556908036,0.620024136851818,14.0112769558482,1.60264411118232,0,0,3.37334835231696,0.749213144645975,-0.0353559060825657
147,0.00383884636161665,30.1312312742857,12.4061293142857,0,4.497167225,2,1,0,1107.19983028571,-0.000191207395762578,-0.0486078191335784,"24",29.9291242242411,0.708344293755934,14.6724429377678,1.31982741022865,0,0,3.37434623225447,0.748515232579116,-0.0299148506757505
148,0.00388270676567593,30.007279615,13.9720659925,0,4.497111076875,2,1,0,1093.597033,-0.000147346991703298,-0.0372471837969988,"24",29.9120307878571,0.827052825296414,15.9648548666071,2.2207430911117,0,0,3.03466275366072,1.16589518246445,-0.025840465566483
149,0.00384948496990508,29.89518219,13.5152166214286,0,4.497167225,2,1,0,1080.07743171429,-0.000180568787474148,-0.0458403487052266,"24",29.9327498203572,0.904395787532867,15.8730050770536,1.45805568634568,0,0,3.57247935973214,0.747466445313628,-0.0251478753253943
150,0.00378763260315434,29.80326076875,14.04158967375,0,4.497111076875,2,1,0,1066.572719,-0.000242421154224889,-0.0620385326250839,"24",29.9795587694197,0.955024629289092,16.4410922415625,0.711629025725093,0,0,3.74905894994643,0.865663045403145,-0.0270234498952223
151,0.00373434751368467,29.7152877914286,16.3114310742857,0,4.49826793985714,2,1,0,1053.14053871429,-0.000295706243694558,-0.0762066050122767,"24",30.0564264325893,0.99225934126142,16.4596194166518,0.450998066706937,0,0,3.45782835853572,0.925310440683312,-0.0308325284197705
152,0.00375068579203076,29.7399237825,17.10225269375,0,3.910078858125,2,1,0,1039.6933905,-0.000279367965348468,-0.071841012184386,"24",29.8974990481071,1.02652855180961,16.5553387849286,0.669712251122144,0,0,2.17060705368214,1.50450452476894,-0.0326507520887216
153,0.00381532136949364,29.87985533,17.1918602228571,0,3.00096552085714,2,1,0,1026.25120971429,-0.000214732387885588,-0.0547548141851868,"24",29.9952516996071,1.04487846295526,16.6534291321786,0.379509782209383,0,0,2.27134787066429,1.11343469125564,-0.029857783414027
154,0.0038869850428708,30.09127399,17.32070326125,0,3.860992568625,2,1,0,1012.693015875,-0.000143068714508428,-0.0361459103816424,"24",30.1981980855357,0.985377015848436,16.6311708598512,0.441733888400591,0,0,2.41910002135714,1.1688270922715,-0.0110545877572604
155,0.00395987693406669,30.3224582957143,16.2403047142857,0,4.49922105942857,2,1,0,999.0659318,-7.01768233125387e-05,-0.0175667672023403,"24",30.268733304494,0.996209567289884,16.5759491769048,0.401653127432505,0,0,2.62748326792262,1.13484616446368,0.00121571987999166
156,0.00403165500351031,30.553871,16.99296863625,0,4.497111076875,2,1,0,985.2993937625,1.60124613108204e-06,0.000397247323093985,"24",30.5707388336786,0.926009215426061,16.3635947815714,0.796729235859366,0,0,2.69960567907143,1.25595292562921,0.0168485783904682
157,0.00409305846530128,30.7734397542857,16.1718514271429,0,4.50170817585714,2,1,0,971.459228757143,6.30047079220519e-05,0.0155127660738783,"24",30.5963079289643,0.964684142124209,16.2466118980714,1.1620147605488,0,0,2.40414364101429,0.942212037756414,0.0225033702295264
158,0.00412958613738192,30.9162874075,14.7885710225,0,3.6437605745,2,1,0,957.5029288125,9.95323800026919e-05,0.0243974773175903,"24",30.5683202277143,1.00939130748996,15.9114085973571,1.75588477029794,0,0,2.57886917598571,1.77500929136262,0.022955224543334
159,0.00414192672849632,30.87738034,13.1173541714286,0,4.50424549085714,2,1,0,943.550389214286,0.000111872971117092,0.0273813570920298,"24",30.616875153125,1.15683693460583,15.2945067278572,1.14275249225332,0,0,2.89618709186607,2.13273976934136,0.00942129932505533
160,0.00413466769032359,30.76128258,13.95671998375,0,4.499077675625,2,1,0,929.610559025,0.000104613932944361,0.0256272443516261,"24",30.590342968125,1.13871229785881,15.3701255023661,1.31013942476403,0,0,2.97217499216518,1.49395556644036,0.00556371138019647
161,0.00411194516957837,30.6338584871429,14.3507124542857,0,3.45204033,2,1,0,915.752526142857,8.18914121991417e-05,0.0201164781536018,"24",30.5789128995536,1.12067300846671,15.0431096206697,1.20423622003282,0,0,2.66963852794197,0.784007949488426,0.000810388378585181
162,0.00410135370929636,30.54359936,14.91055778,0,2.9971109255,2,1,0,901.9220598375,7.12999519171314e-05,0.0175373766132125,"24",30.5555461833036,1.08470067986564,14.7608019756696,1.49234715526608,0,0,2.24989712961161,0.866262519103495,-0.000874169333284591
163,0.00411890079869856,30.4439997157143,14.7594294214286,0,2.99811148314286,2,1,0,888.1571611,8.8847041319332e-05,0.0218066156276233,"24",30.5243188028125,1.03202585885974,14.4981227612455,1.04222437115272,0,0,2.013239005,0.707769650544879,-0.000609113947733597
164,0.00413658470684457,30.33202005625,14.04804652625,0,2.998074051,2,1,0,874.419578475,0.000106530949465342,0.0260907815324307,"24",30.4925347484375,0.88337329678274,13.1663239622054,3.81773366455715,0,0,2.45507522194197,1.15610331596247,0.0076615431314289
165,0.00412371372676479,30.2298509485714,16.5140965642857,0,2.99811148314286,2,1,0,860.756859357143,9.36599693855617e-05,0.022974431611634,"24",30.3753382374553,0.460280787846781,12.4458086516786,3.62014948803692,0,0,3.02412468202678,2.08569005969221,0.00531323092121084
166,0.00407681407365442,30.15978245125,15.9333429025,0,2.996201012625,2,1,0,847.108895125,4.67603162751917e-05,0.0115361036280639,"24",30.40474143475,0.381667903721277,11.3714037050286,3.34222076932043,0,0,3.69485708689286,1.66417538858875,-0.0078729248880915
167,0.00405001365435664,30.1226825057143,15.5810409814286,0,3.55783596157143,2,1,0,833.506459628571,1.99598969774116e-05,0.0049405372668776,"24",30.1834672770714,0.439454706743716,11.6074289891821,2.71397221176367,0,0,3.03052050623571,1.42465634908477,-0.0178135850729281
168,0.00407837777148517,30.1167190125,15.5862035175,0,4.501127588625,2,1,0,819.8906162875,4.83240141059419e-05,0.0119195888583956,"24",30.0800673697857,0.730512205073515,11.9164629001107,2.40624883218802,0,0,2.695351758,1.25330680029858,-0.03006909158732
169,0.00413892333602293,30.1223529242857,15.5079609371429,0,4.497167225,2,1,0,806.299361042857,0.000108869578643702,0.0266559744298283,"24",30.0499147765,0.996910364937015,12.3369488783857,2.15535721221589,0,0,2.698208153525,1.25417419525752,-0.0404848459516752
170,0.00420589853031865,30.1131677575,15.3038898475,0,4.497111076875,2,1,0,792.6849953,0.000175844772939421,0.0427082357987043,"24",30.3227107830804,1.20583107487472,13.0077200686161,1.77269644558285,0,0,2.62168785398214,1.43685489656906,-0.0404089385753448
171,0.00425691395606523,30.1338756242857,15.06624297,0,4.497167225,2,1,0,779.084922671429,0.000226860198686001,0.054764757808897,"24",30.380648475,1.40090443467406,13.0443743589732,1.48941968784044,0,0,2.99045754026786,1.22398452381191,-0.0395592463782362
172,0.00431136432368369,30.111938245,14.6947299625,0,4.497111076875,2,1,0,765.465627825,0.000281310566304462,0.0674746856545347,"24",30.4106237238393,1.52859345962066,13.7071545459375,1.72145350388289,0,0,3.342884240875,1.40484288791196,-0.0344702109059997
173,0.0043622696241163,30.0986066428571,14.5837655957143,0,4.49726592157143,2,1,0,751.878581714286,0.000332215866737071,0.079212760849253,"24",30.7288923608214,1.52642827799053,13.2949561886429,1.94615301531614,0,0,2.96335677781429,1.45713746202014,-0.0164561437018372
174,0.00435025392354634,30.105204085,14.86149324375,0,4.320741789625,2,1,0,738.2690268875,0.000320200166167112,0.0764544996299046,"24",30.5266543396429,1.66966288888179,14.1717554792857,2.15421559377525,0,0,2.35885539671429,1.01726103509108,-0.0163353622708725
175,0.00429901037703247,30.1229660142857,14.86308993,0,1.48621403214286,2,1,0,724.676152328571,0.000268956619653242,0.0646051346138732,"24",30.698513574375,1.78098294568552,13.99773394725,2.97097667249114,0,0,2.43603244928125,0.717240691727754,-0.0190381666956187
176,0.00426992193986947,30.1189172675,14.70647101875,0,2.249907795125,2,1,0,711.057876225,0.000239868182490242,0.0578158294488054,"24",30.9357755482143,1.87236534430975,13.50627056825,3.56497393333628,0,0,2.99752217957143,1.22327188238344,-0.028739246292201
177,0.00429057233704333,30.0868346357143,15.1891757942857,0,4.49544750457143,2,1,0,697.473959714286,0.000260518579664102,0.0626404192632304,"24",31.0463701628571,1.82160978846585,13.7310250139196,2.72681067681616,0,0,2.9979979280625,1.22407932387215,-0.0312810644283269
178,0.00430998838683818,30.08249037875,15.54892223375,0,4.49740664675,2,1,0,683.874198375,0.000279934629458952,0.0671554928616001,"24",31.0262416116518,1.75818892777574,17.0389169677679,1.51716561736402,0,0,2.77010092358482,1.30616512704098,-0.0339490707876806
179,0.00426691225806399,30.0258877385714,16.80433152,0,4.497167225,2,1,0,670.308253214286,0.000236858500684761,0.0571107245375737,"24",30.9113270001786,1.62232865050176,17.1686770466072,1.37627602354578,0,0,2.62202005158482,1.43311542477323,-0.0366604042341433
180,0.00419844532430144,30.013656495,16.3233805475,0,4.4912331275,2,1,0,656.7416000625,0.000168391566922212,0.0409345797173586,"24",30.8196124370089,1.49702943243948,16.5654420020536,0.966574463081448,0,0,2.50283870030357,1.17542683719483,-0.0409358968577187
181,0.00412729921626327,29.9884551314286,16.4730544614286,0,3.29857881814286,2,1,0,643.2042843,9.7245458884042e-05,0.0238435345113661,"24",30.7340451392857,1.37691522709522,16.5265359776339,1.11392700310538,0,0,2.99331609197321,1.22312415545989,-0.0465377713177542
182,0.00405719993245111,29.97537602125,16.67724863125,0,2.998672305125,2,1,0,629.648206,2.71461750718819e-05,0.00671334853485916,"24",30.6565292645089,1.25625879755781,16.1535372667857,0.995244843098956,0,0,3.01196354120982,1.20147981248542,-0.0509739433336531
183,0.00399481467902804,29.9984671257143,16.7182813385714,0,2.99811148314286,2,1,0,616.110603342857,-3.52390783511887e-05,-0.00878252503679988,"24",30.5932783980804,1.14060224472929,16.4610674235714,0.932113930655287,0,0,3.37705756311607,0.746746035474576,-0.0520203306662178
184,0.00399096023884416,30.0729010375,15.73485174625,0,2.997915161875,2,1,0,602.541538575,-3.90935185350686e-05,-0.00974785161469693,"24",30.5559015210268,1.02463135247513,16.1413200712053,1.0275311812251,0,0,3.37456730399107,0.751461068783298,-0.0478231997273057
185,0.00404548749438649,30.1777404671429,15.0671691528571,0,3.00049761842857,2,1,0,588.944680785714,1.54337370072612e-05,0.00382234575611662,"24",30.5328764996875,0.925375990048571,16.31016723,0.84937666341648,0,0,3.44135841725446,0.606881532508674,-0.037710642382276
186,0.00408551090660834,30.2749438675,16.35657016875,0,4.283984704125,2,1,0,575.283275025,5.54571492291118e-05,0.013667073922166,"24",30.5298366225446,0.845579723777303,16.2882949420982,1.11540562732088,0,0,3.37378387514286,0.750839170095191,-0.0235990136587973
187,0.00410533079639375,30.3585332028571,17.5246910842857,0,4.50004248271429,2,1,0,561.593685385714,7.5277039014522e-05,0.0185066078073817,"24",30.5291644793304,0.782186998561234,16.7690467773214,1.04269522480647,0,0,2.90355207421875,0.188644124312579,-0.00982701054914021
188,0.00414234746653413,30.39748868375,17.3271703175,0,2.620586205875,2,1,0,547.861427975,0.000112293709154902,0.0274829322012327,"24",30.5179724003571,0.717705074362036,17.069156220625,0.338485645916624,0,0,2.67085274897768,0.389753866300842,0.000622719570883174
189,0.00419914831298074,30.4503670571429,17.5063272757143,0,2.460493785,2,1,0,534.1248227,0.000169094555601512,0.0411020059336202,"24",30.5259878416518,0.652709281658159,16.2960183009821,0.768151586807975,0,0,2.88827395633482,1.05319849609096,0.00941683371636307
190,0.00422757703025423,30.497097665,16.9484735525,0,4.058992696625,2,1,0,520.35404535,0.000197523272875002,0.0478493065266017,"24",30.5475849698215,0.580834072551908,16.4339652335714,0.68184886961711,0,0,2.62214620944643,0.748742856025985,0.00544816060088262
191,0.00421873861108032,30.5707119571429,17.2004705471429,0,2.993324846,2,1,0,506.572461514286,0.000188684853701091,0.0457564597598052,"24",30.5792820799553,0.504505485156745,16.7510982417411,0.370579464503892,0,0,2.62336017653571,0.74942774892857,0.0126138486570588
192,0.00418641655023617,30.62227431625,16.594773925,0,2.998074051,2,1,0,492.7460552875,0.000156362792856942,0.0380654133052714,"24",30.5979249900446,0.447123744955202,16.4349821861607,1.07163921747399,0,0,2.6371872686384,0.72184842900893,0.0162882438500777
193,0.00414289747343997,30.6900622942857,16.8808531685714,0,2.99811148314286,2,1,0,478.903769014286,0.000112843716060742,0.0276157000064954,"24",30.5986081060268,0.404553080606591,15.7887976458929,1.1424626280706,0,0,3.00216791492857,0.00864731668035273,0.0147692210834831
194,0.00412668167903538,30.7385608975,16.39437592375,0,2.998074051,2,1,0,465.0280129875,9.66279216561517e-05,0.0236939007232797,"24",30.5788349635268,0.42376151520846,15.6962059840625,1.38339649627148,0,0,3.07515960299107,0.154235533060502,0.00840046268208887
195,0.00416784491978058,30.7914635414286,16.3624712842857,0,2.99811148314286,2,1,0,451.1427016,0.000137791162401352,0.0336193804225156,"24",30.3881920736786,0.550417317653899,15.9265578774643,1.28951922684357,0,0,3.70606578676071,1.03505090152796,0.000719881044320658
196,0.00423526488467482,30.8330604575,17.43772901625,0,2.998074051,2,1,0,437.2188681625,0.000205211127295592,0.0496661563344913,"24",30.3485070238929,0.613437253695416,16.6482668963572,0.841660849281147,0,0,3.25069717553929,0.561519401246095,-0.0048636631613248
197,0.00430536098154736,30.8925203171429,17.1893322514286,0,2.99811148314286,2,1,0,423.284823057143,0.000275307224168132,0.0660812693030373,"24",30.3869719919643,0.670131104307899,16.0184478883214,1.48997866036504,0,0,2.81060856707857,0.420285642452634,-0.00742986978911828
198,0.00437012943417781,30.95930242125,17.1948857725,0,2.998074051,2,1,0,409.307983025,0.000340075676798582,0.081012910373234,"24",30.6756979327679,0.662083740499867,14.9024804086161,3.21405322564149,0,0,2.62286525110268,0.750467509525904,-0.00146033636585125
199,0.00439203062256241,31.0430344771429,16.5839479557143,0,2.99811148314286,2,1,0,395.310670557143,0.000361976865183182,0.0860119593184647,"24",30.7677786096428,0.769630248736493,14.3940605043929,2.95883127371263,0,0,2.62332883167857,0.749515393612476,-0.00219588583022322
200,0.00434983522573509,31.08960825625,16.51590986625,0,2.998074051,2,1,0,381.2736358375,0.000319781468355862,0.0763582482479324,"24",30.8576751077232,1.00657648756003,13.9994600358929,3.68438172497258,0,0,2.62333351069643,0.749530990338663,-0.00146146470058478
201,0.00432929449644605,31.1445435657143,17.4280104614286,0,2.99811148314286,2,1,0,367.225356114286,0.000299240739066822,0.071624878008266,"24",30.8384199401339,1.05835224252489,15.0730648754464,2.01766391070899,0,0,2.62213217239286,0.751908712183245,-0.000253927157331756
202,0.00437947169154911,31.1696252425,13.80452907125,0,2.998074051,2,1,0,353.1401053,0.000349417934169882,0.0831483815961507,"24",30.7622424511607,1.02363269682888,14.9547898109375,2.56665718505028,0,0,2.88963615184375,0.221194465962503,0.00068464665576458
203,0.00444753541954511,31.0512712228571,12.9070814685714,0,2.99811148314286,2,1,0,339.088133457143,0.000417481662165882,0.0985703869497119,"24",30.6566198412054,0.993914919473461,14.7459452043304,2.18917029480515,0,0,3.24436370383482,0.642778473336966,-0.00445673906369697
204,0.00451626145882455,30.890980585,13.05361230125,0,2.998074051,2,1,0,325.0943408125,0.000486207701445322,0.113904822878645,"24",30.5191901208482,0.973890395757112,15.0518943953572,2.3334997641849,0,0,3.00210530742857,1.22268238883719,0.00215269475885496
205,0.00457740049013672,30.7278801085714,12.9883894271429,0,2.99811148314286,2,1,0,311.1845828,0.000547346732757492,0.127351540282849,"24",30.6157231720357,0.996363503264636,15.4784027091429,2.05269558425694,0,0,2.41519906698929,1.33656458258107,0.0220331139674018
206,0.00457936093062739,30.558008065,14.5381173625,0,2.998074051,2,1,0,297.3434799125,0.000549307173248161,0.127779735446557,"24",30.4405127248929,0.999858810493238,15.0127249036071,2.67766915958314,0,0,2.10954785006786,0.836631994942658,0.0310337717390881
207,0.00451963578334685,30.4320771371429,15.4019644042857,0,2.99811148314286,2,1,0,283.578603057143,0.000489582025967622,0.114651693834353,"24",30.0827873621428,1.06884523255856,14.5066729652232,2.64613086360072,0,0,2.24861495725,0.865516433751837,0.0368357869410715
208,0.0044541538604845,30.36390409,14.71670988375,0,2.998074051,2,1,0,269.84416265,0.000424100103105272,0.100057395044926,"24",29.921192880625,1.10297772920412,15.006553085567,3.36404549839145,0,0,2.24856489628571,0.865480236061431,0.0384316302235405
209,0.00439318162423344,30.28146943,14.5363448071429,0,2.99811148314286,2,1,0,256.154299357143,0.000363127866854211,0.0862739909277366,"24",29.7699521961161,1.15780992581228,14.5321296164196,3.13701753335099,0,0,2.24857425432143,0.865469430332555,0.0387528419100894
210,0.00432152517285919,30.18092493875,14.81732046625,0,2.998074051,2,1,0,242.4978667875,0.000291471415479962,0.0698286723784829,"24",29.6062646535714,1.22710949400191,13.4570851835848,3.26874349890941,0,0,2.24856489628571,0.865480236061431,0.0392192441420119
211,0.00424907635319681,30.0410101842857,11.5229551087143,0,2.99811148314286,2,1,0,228.898398385714,0.000219022595817582,0.0529219142087376,"24",29.4020184644643,1.28181923627863,12.7844376569688,4.31062835430703,0,0,2.24857425432143,0.865469430332555,0.0360644144807677
212,0.0041873928924825,29.729891905,7.859203428875,0,2.998074051,2,1,0,215.386033775,0.000157339135103272,0.0382986028073997,"24",28.7029304558929,1.4563740613161,11.7235175606571,5.67251753309072,0,0,2.55865553426786,1.02141025435288,0.0283575223174198
213,0.00416051903132554,29.1354655057143,3.21784100828571,0,2.99811148314286,2,1,0,202.074905557143,0.000130465273946312,0.0318601176881783,"24",28.3828666733929,1.48673591085317,11.5657962028929,5.47245793391149,0,0,3.15903959259286,1.87144178940923,0.0211116683511885
214,0.00410392330377519,28.2735008575,2.94655880625,0,2.998188381875,2,1,0,189.1075842375,7.38695463959613e-05,0.0181637039135838,"24",28.3709842401339,1.61420591104574,11.2831871918661,6.17120392854689,0,0,3.03810976710714,2.01975119969706,0.0358229056607135
215,0.00403370407748316,27.3910366114286,2.70045638942857,0,3.40176660142857,2,1,0,176.535168742857,3.65032010393122e-06,0.000905364555209509,"24",28.0140589033929,1.82447276390502,10.5602142613348,6.56037172196312,0,0,2.88656244372322,1.61176421010044,0.0369184821805816
216,0.00396624524262475,26.49076329875,2.686545689125,0,4.489304148625,2,1,0,164.3688269,-6.3808514754478e-05,-0.0159598503202263,"24",27.6116601879464,2.1113125206318,10.5636739540179,7.16263558845565,0,0,2.32363120859821,0.960063195012178,0.0308430328100886
217,0.00392945179744159,25.6313264657143,6.526780318,0,3.29857881814286,2,1,0,152.597791414286,-0.000100601959937639,-0.0252797901282538,"24",27.1495798572321,2.40043291337083,11.7689047302009,6.77517116502006,0,0,1.99565146940179,0.708415361158962,0.0351000683321214
218,0.00397012919171087,25.0110293025,11.095753148125,0,2.998672305125,2,1,0,141.1823645125,-5.99245656683588e-05,-0.0149810786328661,"24",27.1287597241786,2.38072926384302,13.6422848047143,5.3104282789321,0,0,2.30558780839286,0.74670236103992,0.0448465379931322
219,0.00402614782923459,24.7874032814286,9.21445162214286,0,2.99811148314286,2,1,0,129.938738885714,-3.90592814463863e-06,-0.000969669964617559,"24",26.7002967404643,2.41427824798259,15.5892184882786,4.65235629559408,0,0,2.66646866580357,0.65619489185811,0.0379093653757151
220,0.00405258280182952,24.5464130475,9.12812995675,0,2.998074051,1.25,0.625,0,118.7976405125,2.25290444502918e-05,0.00557469139499123,"24",26.536313139,2.43652897978757,16.2869816776857,5.97112902642299,0,0,2.39849531298572,0.821080780246555,0.0518417159485975
221,0.00403379448038091,24.2730505314286,7.63101869342857,0,2.99811148314286,0,0,0,107.769139185714,3.74072300168143e-06,0.000927776185001505,"24",25.9846005369643,2.1067627028771,16.0376656054607,8.40213800020623,0,0,2.39844363355357,0.820804757162605,0.0524872428915853
222,0.00397920721710604,23.933510725,3.301598094625,0,2.998074051,0,0,0,96.873907685,-5.08465402731884e-05,-0.0126971070794628,"24",25.2004307521429,1.92436388216689,13.3117779921786,10.1012117795718,0,0,2.54823071417857,0.713366718512433,0.0499989089985468
223,0.00391982098109288,23.59814069,2.77948348142857,0,2.99811148314286,0,0,0,86.13502718,-0.000110232776286349,-0.0277337298008753,"24",24.4982452946875,1.42024577061146,12.4605385575,12.0058501090614,0.000232425,0.00046485,2.28469640684375,0.856498282156321,0.0422075976463033
224,0.00386502781523995,23.28623905875,2.597569532,0.0009297,2.998074051,0,0,0,75.5369582025,-0.000165025942139279,-0.0418108353981568,"24",23.6819894964285,0.893643418099928,12.8138863150357,12.4888170675548,0.0140287010357143,0.0266234363022651,2.05431009935714,1.88541780125364,0.033272812620284
225,0.0038337293754989,22.9394515028571,2.38680219457143,0.0539340737142857,2.99816083157143,0,0,0,65.0919563028571,-0.000196324381880328,-0.0499416571870128,"24",22.7866270359375,0.378256848274036,12.8291586254688,12.5529895551872,2.39077625815625,2.79713430159841,2.4378508125,2.83276364423327,0.0173517716602696
226,0.00385194341023104,22.5500018075,2.41856777475,5.333202966,2.984869697,0,0,0,54.8159551325,-0.000178110347148188,-0.0452019112039537,"24",21.2451119953929,1.27952471988392,15.3563728910857,12.235318135283,4.56342655568572,6.25320071253091,-2.35626353331429,2.36504023019288,0.0097982977777323
227,0.0038907918538835,22.0477724757143,2.42536077271429,11.7429405331429,-0.808583299,0,0,0,44.7339192271429,-0.000139261903495728,-0.0351670159573541,"24",19.9916050528929,1.67604152070873,15.5073443753893,12.3585652755095,6.5609258465,8.99929743228618,-13.7700679679357,10.2883597317258,0.00698933512248434
228,0.00390499315664696,21.25337743875,2.377608673125,17.14605764125,-12.043754447625,0,0,0,34.947188775,-0.000125060600732268,-0.0315236835440569,"24",18.60768088775,1.91717537830005,14.8667777142429,11.8201217558871,7.65324478257142,10.588285791342,-19.1640446717893,13.4385890205517,0.00857800370818603
229,0.00392404678501145,20.0236505114286,2.207831125,21.2727399885714,-13.4923527985714,0,0,0,25.6283194628571,-0.000106006972367778,-0.0266562500815164,"24",16.1902212971684,2.41644719309568,16.7547284848036,10.2865151905163,6.18597110053571,10.8195695737601,-10.7243373013163,19.2543181214538,0.00852737771864694
230,0.00398199179577654,18.1217582925,1.716403525125,25.69560783875,-13.49878588125,0,0,0,17.06619820875,-4.80619616026884e-05,-0.0119975695576411,"24",13.8843249111528,3.13557834564175,13.168645135998,11.0698225769361,10.4820181487103,12.6130122408601,28.3674668573373,39.658590946098,0.0210278828906941
231,0.00405424179467895,15.6999135114286,1.4491043,26.6273237028571,-5.40622632528571,0,0,0,9.50815134528571,2.4188037299722e-05,0.00598397441620602,"24",9.64902089046017,4.74359433277577,13.5578132939533,9.83690512801171,7.52307195745879,11.7743225687846,65.2375386222788,114.847212823332,0.0281019487632149
232,0.00412885181891879,13.22081468625,1.412941337625,26.1587417325,51.89300031875,0,0,0,3.085707752625,9.87980615395614e-05,0.024219642610551,"24",5.48714234255357,5.04413605044829,6.93362396716581,8.3448605361197,11.521732689365,16.467156876138,-8.47047387310373,238.580859105897,0.0329106836808306
233,0.004204171636388,10.96516987,1.56611500957143,24.0214992,150.212578142857,0,0,0,-2.36543383885714,0.000174117879008772,0.0422975629078435,"24",4.84834088599872,4.3170451457694,5.25063054439923,6.64395317614836,10.8017827547457,16.5351620440145,14.8933404295748,267.022511566508,0.0440718206296263
234,0.00427974766858375,9.70683968325,1.604483901375,6.262459672375,247.2803030625,0,0,0,-6.947431685625,0.000249693911204522,0.0601143352999776,"24",5.1787827919898,3.71501262718653,4.79107055145663,5.36273122333812,11.0605911723869,17.6393526637701,162.780448692866,280.714041084356,0.0697979522733527
235,0.00435530254945954,9.30306602757143,3.96678322771429,0.00618753728571429,349.068789657143,0,0,0,-10.768335382,0.000325248792080311,0.0776143626159991,"24",6.73724974862857,2.32791469445947,5.35894194120238,4.6992760748235,4.54615589406548,9.55723308208376,340.112123427,254.852212476712,0.0820213404366393
236,0.00443058654805376,8.808602522875,3.966857013,0,427.667361175,0,0,0,-13.10608308,0.000400532790674531,0.0947522615034613,"24",6.09578771012825,1.75238977391625,5.00685548250812,3.82502825521537,3.5646751765763,8.46311212529521,395.672448175081,218.346984727315,0.0893925103198192
237,0.0045052986846784,8.27424912828571,8.17859635742857,0,465.725074357143,0,0,0,-13.3677177314286,0.000475244927299172,0.111474471780875,"24",5.8779415683125,1.68286909875241,4.68968139501607,3.87645997351757,3.92114269423393,8.8334281028076,388.667185556875,228.851225306019,0.0899893200890369
238,0.00457881346771349,7.8950940885,17.09346540375,0,450.4428739625,0,0,0,-11.5844022275,0.000548759710334261,0.12766017823378,"24",6.32185561119048,1.84525886468865,4.92018894338244,3.65935756011514,3.26761891186161,8.13460994469039,398.338690925074,208.390460793751,0.0825968850616464
239,0.00464973692283341,8.46861236814286,19.6856310428571,0,342.138392242857,0,0,0,-8.49017334342857,0.000619683165454182,0.143030923787395,"24",6.75421941974265,2.34031746889452,5.12349705877206,4.45094563153371,5.04666970861134,9.57010673675682,302.530340197038,285.599194499338,0.080171009920934
240,0.00470981280705058,9.9401411975,22.5665590825,0,200.730221475,0,0,0,-4.477505781,0.000679759049671351,0.155868444761553,"24",4.77788398847184,4.33960314640987,3.62589062409478,4.62425326246516,11.6326891204954,16.8888190252876,16.7681474364103,284.842299679852,0.0543627687346437
241,0.00470722713570457,11.9983666571429,23.0603395185714,0,65.0330495128571,0,0,0,0.257155048285714,0.000677173378325341,0.155319297392148,"24",4.94405298179974,4.38571963132098,5.86591196813393,7.15766010101805,10.7233963474498,16.4644327169063,14.5612731147279,266.761561036676,0.0431058198950483
242,0.00464496736296455,14.03617631875,22.77033178375,0,14.973340809625,0,0,0,5.800838242875,0.000614913605585321,0.142004627514116,"24",5.32922239485045,5.42566212785004,6.9790512391555,8.68254114849005,12.5910541221111,17.2898940030116,-22.8429900157043,213.646312428838,0.0294267257961676
243,0.00457405945810201,15.92141272,22.7733462185714,0,-18.1496058642857,0,0,0,12.1632435637143,0.000544005700722782,0.126621376543068,"24",11.8609932670908,4.1838061763456,13.3671900141949,10.5054104587228,9.86330521153273,12.3257819593328,70.9594078744315,68.5938384621548,0.0249550440825144
244,0.00450067006466087,17.65266111,23.3514250525,0,-37.93024882125,0,0,0,19.4228177475,0.000470616307281642,0.110446571184924,"24",15.3406237785754,2.95852318040423,13.3738494135179,11.1632344913037,9.90308516676587,12.0685783256375,5.42667866428968,28.0253883509156,0.0247032772245054
245,0.00442631798937713,19.3233824214286,23.0596436671429,0,-41.9117387714286,0,0,0,27.5690471328571,0.000396264231997901,0.093788367426769,"24",17.9336813965051,2.27040848681592,10.8310529618648,11.2376862989898,11.6525745166582,11.2625685066927,-16.5399119243954,11.352517404902,0.0178407389676066
246,0.00435163049699939,20.78196702125,23.62896492875,0,-31.6420312775,0,0,0,36.57243049125,0.000321576739620162,0.0767708847635991,"24",19.0486303129167,2.02659012093142,12.7852495407232,11.737494616916,9.23538025901785,10.2327099438169,-17.9773296344286,12.366337184875,0.00704317257127303
247,0.00427715753378331,22.05753133,22.8178008642857,0,-4.06627738671429,0,0,0,46.2128772557143,0.000247103776404082,0.0595089447393136,"24",20.3342996233631,1.71811802711292,13.3270137749434,12.2764146923549,7.42459496094048,8.32258550302924,-11.6098205231131,10.6150973105617,0.00643568350241745
248,0.00420383766432308,23.3441817125,22.87199962,0,5.26269238625,0,0,0,56.46715756,0.000173783906943852,0.0422181214978243,"24",21.9281077386429,0.605512251536292,10.7930584480357,11.8794950207204,5.63006714888572,5.71159258924813,-0.682762858114287,2.6334115960821,0.0112539795613222
249,0.00413464728100591,24.6393282285714,22.4925287971429,0,2.99478369157143,0,0,0,67.3099141957143,0.000104593523626682,0.0256223081949418,"24",22.8313195699107,0.3012994161324,9.22927591247917,11.2115817047784,1.60320330612798,2.48662317068768,2.62461259411905,2.21324237942297,0.0110987594963599
250,0.00409992169302278,25.79974742375,20.87748179625,0,1.85866634775,0,0,0,78.73818129875,6.98679356435517e-05,0.0171881586725968,"24",23.544462232619,0.724337938336696,9.26063549752382,11.1338405062431,0.00950741735714285,0.021781452320232,2.3688980832381,1.53960956421293,0.0198067898597174
251,0.00413572888506303,26.7412884442857,21.0078425985714,0,2.69714264728571,0,0,0,90.6275576242857,0.000105675127683801,0.0258838692208032,"24",24.3560345891429,1.25875346709153,11.3264603613429,10.6850922566551,0,0,2.42738690853214,0.8074619967295,0.0402608977561573
252,0.00415375144525021,27.45340455125,20.30112795,0,2.997475797125,0,0,0,102.8977079525,0.000123697687870981,0.0302321727166444,"24",25.2918456007143,1.82667876250214,14.7056296977188,9.04419605760882,0,0,2.54821199810714,0.713350981083856,0.042017099576816
253,0.00413214946897988,28.0407267742857,18.6683747614286,0,2.99816083157143,1.71428571428571,0.571428571428571,0,115.443737942857,0.000102095711600652,0.0250180083392282,"24",25.8261044194197,2.25304128980977,15.6914929978214,6.72119924861696,0,0,2.62318394722768,0.749431341063394,0.0401831523113487
254,0.00408276321664697,28.48079933875,17.399656785,0,2.83957690775,3,1,0,128.230760375,5.27094592677416e-05,0.012994302671772,"24",26.2551710908929,2.53983076579259,15.1366089140982,5.2434266109044,0,0,2.62319160531696,0.749423971041644,0.0456930272597265
255,0.00401423734415152,28.7563205814286,16.6518963671429,0,1.49277347628571,3,1,0,141.1644098,-1.58164132277082e-05,-0.00393233735974352,"24",26.7218695098661,2.54036049809265,12.8898819141071,5.81608092065574,0,0,2.50879139141964,0.684208482075427,0.0404120947792345
256,0.00394296550899204,28.9654250625,16.96857828875,0,1.49899384575,3,1,0,154.20832465,-8.70882483871883e-05,-0.0218466071668679,"24",26.7046942538691,1.98639010897474,9.3556975015625,6.56615036689202,0,0,2.37984997345833,0.81511449259393,0.0190496183317875
257,0.00387837962141266,29.1214728085714,16.1668234842857,0,1.49905574157143,3,1,0,167.330514557143,-0.000151674135966568,-0.0383622711402687,"24",27.229525666131,1.73934150606223,8.76096269094941,6.40467216861115,0,0,2.97377718769048,1.2593723641264,0.0136268859788659
258,0.00384313589138639,29.25894300875,16.20212819625,0,1.4990370255,3,1,0,180.5255893375,-0.000186917865992838,-0.0474910422490167,"24",28.2981190432143,1.53229447401948,11.3863189323571,6.26297216535455,0,0,3.03811912514286,2.01974169180137,0.0103940572933248
259,0.00381671705804648,29.3873006442857,17.1572999571429,0,1.49905574157143,3,1,0,193.774196957143,-0.000213336699332749,-0.0543890695561275,"24",28.636822974375,1.41455673638422,11.437174255625,6.05136356546606,0,0,2.9985959343125,2.12088868588503,0.0100027073001358
260,0.00381247129100744,29.50884483125,16.74237050875,0,1.4990370255,3,1,0,207.0770154625,-0.000217582466371788,-0.055502102075919,"24",28.9799225328571,1.37120507887074,11.7038436885,6.19228413413183,0,0,2.44924993996429,1.14507814273677,0.0143568852724747
261,0.00385134739168983,29.6464716057143,16.61011331,0,1.49905574157143,3,1,0,220.441990371429,-0.000178706365689398,-0.0453566550769944,"24",29.2593181721875,1.34818751019248,13.0306015784687,4.62305087445425,0,0,2.24811586140625,0.864962033104434,0.022459256847526
262,0.00391512314817666,29.74697593375,16.51379110625,0,1.4990370255,3,1,0,233.8556604625,-0.000114930609202569,-0.0289329300202459,"24",29.4797980342857,1.3172942524416,13.7003755769286,3.14760159232127,0,0,2.24858361235714,0.865480235926519,0.0291011165679863
263,0.00397090460275249,29.8666879842857,16.2918322328571,0,1.49905574157143,3,1,0,247.323720614286,-5.91491546267382e-05,-0.0147857864216441,"24",29.6412433421875,1.24548917606232,14.2806765229688,3.02490893997617,0,0,2.24855553825,0.865469430197641,0.0365275552821973
264,0.00399096057651295,29.9714416825,17.1246645625,0,1.4990370255,3,1,0,260.8353557625,-3.90931808662781e-05,-0.00974776700629487,"24",29.7950883189286,1.1707256239359,14.4618857016429,3.13164409059139,0,0,2.24858361235714,0.865480235926519,0.0329898700555529
265,0.00399085494445871,30.0990803814286,15.3730079028571,0,1.49905574157143,3,1,0,274.402825385714,-3.91988129205181e-05,-0.00977423518294529,"24",29.941801545625,1.11268066217659,15.0516443547187,3.35684309592954,0,0,2.24855553825,0.865469430197641,0.0300789101153954
266,0.00399997354009982,30.22961778125,14.88685682375,0,1.498242238375,3,1,0,288.0267544,-3.0080217279408e-05,-0.00749196886011383,"24",30.0998306239286,1.07534571722133,14.6779865953571,2.68614118865314,0,0,2.24862431528572,0.865527238172221,0.0260757872812107
267,0.00401802639057368,30.3686708028571,16.5960487157143,0,1.56341556657143,3,1,0,301.716282457143,-1.20273668055481e-05,-0.00298888063720337,"24",30.2772887209375,1.04872380371279,14.2745584915625,2.72094785347689,0,0,2.26216151915625,0.882020694590833,0.0187976106839296
268,0.00403820937246963,30.4806809525,17.27381278125,0,3.012526507875,3,1,0,315.4597144875,8.1556150904015e-06,0.00202165386396214,"24",30.45613655,1.03684140745608,14.6839724907143,2.3801560006847,0,0,2.64428865767857,1.42549300962046,0.0108360093459361
269,0.00404477683030731,30.5694765614286,15.5893350871429,0,2.99773319528571,3,1,0,329.251350614286,1.47230729280814e-05,0.00364666198735097,"24",30.602669430625,1.05126951202563,15.2168945546875,2.48106922090903,0,0,3.32297239990625,0.789134739489854,0.00469452143278737
270,0.00400716224831483,30.5485628175,15.83312522875,0,2.557868138875,3,1,0,343.0578943,-2.2891509064398e-05,-0.00569639297459545,"24",30.4901524271429,1.08085297513334,14.4921724707143,2.37730289150861,0,0,3.23902191084286,0.535364246437739,-0.00371443115816166
271,0.00394137448902433,30.4869568642857,16.9302544128571,0,1.49426910442857,3,1,0,356.846294771429,-8.86792683548986e-05,-0.022250197055012,"24",30.58255530275,1.09448351531345,14.4156043085357,1.73039232303153,0,0,2.91121594490357,0.197543757043852,-0.00729482655927575
272,0.00387169874420334,30.53032253625,16.06391460875,0,1.4990370255,3,1,0,370.6220964125,-0.000158355013175889,-0.0400863514338141,"24",30.5971007297857,1.03883611149561,13.9549176898214,3.3995478458297,0,0,2.69733552097143,0.672534572404548,-0.00998785197130905
273,0.00380476999763435,30.6427085,16.3090371271429,0,1.49905574157143,3,1,0,384.442819657143,-0.000225283759744878,-0.0575241716160892,"24",30.7396821187053,0.777726893488038,14.3327798747946,2.90805224166756,0,0,2.62332415266071,0.749524751648188,-0.0122247726978893
274,0.00376453717277472,30.7512354575,16.35771993625,0,1.497163987125,3,1,0,398.306606525,-0.000265516584604508,-0.0681547886019684,"24",30.6485661933929,0.66017737470282,14.8903097063393,3.20678975651344,0,0,2.62333818971429,0.749521632302951,-0.011770549139464
275,0.00380036635675537,30.8550330385714,16.2138898171429,0,2.05878022,3,1,0,412.224983657143,-0.000229687400623858,-0.058682241912301,"24",30.5451091775,0.596566322468008,15.8881438442411,1.67797998176964,0,0,2.62285589306697,0.750461270835429,-0.00807377147537439
276,0.00386750485675849,30.871940645,16.76263560375,0,3.002090562875,3,1,0,426.164325825,-0.000162548900620738,-0.0411701548748997,"24",30.561542364,0.521680524009348,16.1774826343929,1.60218291256272,0,0,2.81061605350714,0.420289816851948,-0.00278652416704784
277,0.00393892434023488,30.8918263728571,16.4245204828571,0,2.99811148314286,3,1,0,440.121607557143,-9.11294171443483e-05,-0.022872038652471,"24",30.5132361457589,0.535161497966817,16.4699776114286,0.922313035392533,0,0,3.31335199579018,0.6278810698201,0.00453182733823581
278,0.00401136983355922,30.90773768125,15.90120360625,0,2.99790259025,3,1,0,454.073492,-1.86839238200086e-05,-0.00464692769026165,"24",30.5512409872321,0.46576522144036,15.9249874727678,1.23949238844246,0,0,3.5688086199509,1.14139427361607,0.014379970801353
279,0.00408339711044159,30.9415111828571,14.7168367885714,0,3.01512996271429,3,1,0,468.048599028571,5.33433530623614e-05,0.0131495515904758,"24",30.5776224645089,0.419724526864575,15.7717631816964,1.46557931565612,0,0,3.07514088691964,0.154248000183097,0.0249597915906802
280,0.00415298680700788,30.98127758875,14.9188177775,0,1.554414625125,3,1,0,482.0352264375,0.000122933049628651,0.0300480720015717,"24",30.6028742575446,0.407225130060133,15.9881176568304,1.35270892771414,0,0,3.002186631,0.00863552141020918,0.0307267485759948
281,0.00421154083102486,31.0128338885714,16.4749339657143,0,1.49921855314286,3,1,0,496.036351828571,0.000181487073645631,0.0440488576137232,"24",30.5943643210268,0.451959579440724,16.3370177239732,1.00663711959527,0,0,2.63716855256697,0.721835951843656,0.0295599281704911
282,0.00420146377801302,31.024961635,15.68482684,0,1.4990370255,3,1,0,510.04205725,0.000171410020633792,0.0416532669633431,"24",30.5789915739732,0.512730575906597,16.7721689085715,0.310899147785481,0,0,2.62218223332143,0.748645827570259,0.0229113310501122
283,0.00413828452876971,31.0416706928571,15.1884121014286,0,1.49795502671429,3,1,0,524.065820442857,0.000108230771390482,0.0265016211141971,"24",30.5490896917411,0.597767259350522,16.2868987167411,0.538064919591119,0,0,2.88855381406697,1.05272371314674,0.0123058141106409
284,0.00406692424343006,31.0742832,16.7986286525,0,2.226694244625,3,1,0,538.0920143125,3.6870486050832e-05,0.00910728421903695,"24",30.5314249672321,0.669755262266573,16.6172853803125,1.02211930225452,0,0,2.48865858646429,0.707420942293239,0.000333539137321913
285,0.0039934718218476,31.1536167585714,17.9518915142857,0,2.997473989,3,1,0,552.151669728571,-3.65819355316287e-05,-0.00911873159607168,"24",30.5227219282143,0.737649209994363,16.6739747484821,0.654487073028853,0,0,2.71086649616071,0.368587918989201,-0.0111096872823923
286,0.00391917758031163,31.32867909875,16.71314099125,0,2.998074051,3,1,0,566.2753242375,-0.000110876177067599,-0.0278978836175243,"24",30.500717128616,0.767134562662816,16.8833184126786,1.00252833991509,0,0,3.37342550146429,0.751078044297945,-0.0235900970896612
287,0.00384469538909094,31.48192921,16.96832981,0,2.99811148314286,3,1,0,580.578591657143,-0.000185358368288288,-0.0470853367571875,"24",30.5080789207589,0.851549741991368,16.1946407592411,0.89159703003838,0,0,3.31976007245982,0.642816541173778,-0.0385869941057983
288,0.00377055007370923,31.64545898125,16.29874313625,0,2.99790259025,3,1,0,594.85110095,-0.000259503683669999,-0.0665588144998708,"24",30.5266699693304,0.949229996233192,16.1545594225,1.2560633093084,0,0,3.12049600386607,0.243180886069355,-0.0414157451163039
289,0.00369750327517108,31.7961662485714,16.3435735742857,0,3.01512996271429,3,1,0,609.190095085714,-0.000332550482208148,-0.0861219115556704,"24",30.5683978104464,1.06882077901046,16.3887670112053,0.983789333590439,0,0,3.37391233181696,0.75189679893314,-0.050473268875516
290,0.00362820869645258,31.93760096375,16.49477904,0,1.554414625125,3,1,0,623.5791903875,-0.000401845060926648,-0.10504065799371,"24",30.6285389425893,1.19806789295959,16.4379454864285,0.366792624164262,0,0,3.3771283385759,0.746698133179651,-0.0545601479231915
291,0.00358158033275425,32.0864645271429,17.2525785442857,0,1.49921855314286,3,1,0,638.048154485714,-0.000448473424624978,-0.117975575322968,"24",30.40437383075,1.324033457502,16.0035860963929,1.14861338643913,0,0,3.305125532975,1.23507597616343,-0.0659918046355922
292,0.00358775263973046,32.22901807375,17.0728254325,0,1.4990370255,3,1,0,652.57033515,-0.000442301117648768,-0.116253711279914,"24",30.7839740503572,1.45335255596121,16.61038028,1.00157200854849,0,0,2.50288408221429,1.17537516535556,-0.061314697317887
293,0.00362194648992495,32.3761320057143,17.1208112014286,0,1.49795502671429,3,1,0,667.172847885714,-0.000408107267454278,-0.106768126648155,"24",30.8745485171875,1.57914493578006,17.156680604375,1.3770412500779,0,0,2.62229055128125,1.43283261016142,-0.055483576002075
294,0.0036725635234695,32.50382569375,16.7465059825,0,2.086069244625,3,1,0,681.8254747875,-0.000357490233909728,-0.0928897867734717,"24",30.9943181896429,1.72322931866122,17.1324932725,1.50460968510185,0,0,2.62307236910714,1.43552409466261,-0.0398431423862597
295,0.00373839057710787,32.4458007514286,9.76663677442857,0,2.997473989,3,1,0,696.519038342857,-0.000291663180271358,-0.0751245214010563,"24",31.0608763984375,1.83663783339029,15.4759923159375,1.08067837022325,0,0,2.77014674196875,1.30627454624982,-0.0356654101255998
296,0.0038089130667454,31.999869765,12.46023849275,0,2.998074051,3,1,0,711.0708947875,-0.000221140690633828,-0.0564358496105317,"24",30.7724038920714,1.66215687499207,13.74631065835,3.13366807165364,0,0,2.84799930268214,1.11089199620786,-0.0383564769300906
297,0.00387733102627605,31.7044423857143,14.13569993,0,2.99811148314286,3,1,0,725.457511714286,-0.000152722731103179,-0.0386326770807663,"24",30.5834040623571,1.56370591493476,14.1708051438,2.60188296945522,0,0,2.24606876585357,0.752500274092731,-0.0274024968265679
298,0.00392590800892481,31.5691940275,13.99113399125,0,2.998074051,3,1,0,739.74328325,-0.000104145748454418,-0.0261820501785426,"24",30.5222138573214,1.67111735764858,14.1713563077232,2.15404493121085,0,0,3.06748733608482,1.18086386543731,-0.0256143484609503
299,0.00389843157653447,31.4619097814286,14.9026178242857,0,2.99816083157143,3,1,0,753.992183457143,-0.000131622180844759,-0.0332054019472245,"24",30.4234012547768,1.57879595554726,13.7311766723661,1.77997516950802,0,0,3.37356306986161,1.43598133588389,-0.0311727975376586
300,0.00383367938339152,31.4097385875,13.2855916575,0,2.98020190775,3,1,0,768.1896618125,-0.000196374373987708,-0.0499546973437726,"24",29.9904655025,1.52059521633115,13.5946536885357,1.567063790689,0,0,3.27137245395,1.22703968033498,-0.0436850188253508
301,0.00376529396258561,31.2043964671429,13.4555342471429,0,1.49277347628571,3,1,0,782.3444235,-0.000264759794793618,-0.0679537775089614,"24",30.3740463131697,1.25907428942893,12.9652344212054,1.76037998029041,0,0,2.99354496184822,1.22401386175167,-0.0490375986209751
302,0.00369939981861282,30.9956780425,13.9143077375,0,1.49899384575,3,1,0,796.3821032,-0.000330653938766409,-0.0856091176450366,"24",30.3166669196429,1.06338956801252,12.6809654692857,2.12174489173796,0,0,2.62175358643304,1.4368518073638,-0.048006705753816
303,0.00365758514096723,30.7859841385714,13.3005712028571,0,1.49905574157143,3,1,0,810.344939271429,-0.000372468616411998,-0.0969765805416589,"24",30.2765274963393,0.814101859710815,12.5040658376429,2.6355652345881,0,0,2.62327961988839,1.43520122398937,-0.0404583976764178
304,0.00369640236061682,30.6023640425,13.1146216025,0,1.4990370255,3,1,0,824.1993001125,-0.000333651396762408,-0.0864197012724572,"24",30.2375564021429,0.561919217046136,12.3455251482098,2.59649604146688,0,0,2.68152402816964,1.37628757126399,-0.0272691385772268
305,0.00376425012601689,30.4201069214286,14.0032265842857,0,1.49905574157143,3,1,0,837.994281185714,-0.000265803631362338,-0.0682310417192236,"24",30.2879422483929,0.219955773880756,12.0563503112143,2.92986029482176,0,0,3.12303895256697,1.22998199609062,-0.0129294165621352
306,0.00383648207723224,30.24601052875,14.51952757,0,1.4990370255,3,1,0,851.6894066125,-0.000193571680146988,-0.0492238929384765,"24",30.418862335625,0.452134346303675,12.31673340525,3.52963859032062,0,0,3.02412936104464,2.08568549788476,-0.00251424453563962
307,0.00390963312348652,30.11363594,14.2516079971429,0,1.49905574157143,3,1,0,865.334725,-0.000120420633892709,-0.0303361751208158,"24",30.525628395625,0.866770686769173,13.2333038554196,3.84537143172399,0,0,2.45507054292411,1.15610847496515,0.00350450267747347
308,0.00398195995775042,29.99379806625,13.6315853875,0,1.4990370255,3,1,0,878.902233575,-4.80937996288084e-05,-0.012005565092096,"24",30.55427827125,1.01305643195141,14.6531284136562,0.907830824764858,0,0,2.01324368401786,0.707765118119004,0.00629549108836081
309,0.00404897648703252,29.89097488,13.3243438785714,0,1.49905574157143,3,1,0,892.442099385714,1.8922729653292e-05,0.00468441464268121,"24",30.5812519798661,1.0647361915257,14.8376123529018,1.39873978966408,0,0,2.24989245059375,0.866267926582267,0.00736626040312238
310,0.00406945938914185,29.75269947,13.9494619075,0,1.500910064125,3,1,0,905.9065568,3.94056317626216e-05,0.00973044700142189,"24",30.6134817520536,1.08835870940872,14.8868301134375,1.41550366054905,0,0,2.66917494730357,0.784929375287175,0.00969665253530434
311,0.00404024187477344,29.6029495885714,14.6866581214286,0,0.939331263428571,3,1,0,919.326716842857,1.01881173942119e-05,0.00252484494209604,"24",30.6277804384821,1.09713137759379,15.1858264488839,1.47926657068942,0,0,3.11256969233928,1.24486061859201,0.0133607792595621
312,0.0040432707285372,29.479485045,16.09657853375,0,-0.0059399305,3,1,0,932.6640499,1.32169711579717e-05,0.00327423545565253,"24",30.6500306782143,1.12149078769384,15.0497549741518,1.01898454569701,0,0,3.13305848990625,1.71613356851707,0.0276427158650926
313,0.0040656068826819,29.3807980842857,15.9779984428571,0,0.886629152571429,3,1,0,945.966148085714,3.55531253026717e-05,0.00878331110246133,"24",30.672816220625,1.14623914219669,15.3253241425447,1.81504098764274,0,0,2.62410645537053,2.25254073753447,0.0192299816228971
314,0.00410292455616654,29.32412833375,16.02407959875,0,2.3629186685,3,1,0,959.2166593625,7.28707987873115e-05,0.0179203101998739,"24",30.6775055515179,1.13945724495916,15.9710925188393,1.11359753655951,0,0,2.63322373976786,1.71812482597954,0.0227949742350833
315,0.00416688885335793,29.24104755,15.2056422628571,0,3.00016531757143,3,1,0,972.462124314286,0.000136835095978702,0.0333899630398067,"24",30.6884208761071,0.952769577331645,15.9885999269286,0.948274599209145,0,0,3.00467412787143,1.15417314994985,0.0232801040245984
316,0.00423605654701792,29.146943625,15.90399975375,0,2.996249896,3,1,0,985.64079115,0.000206002789638692,0.0498530604280489,"24",30.5679275280655,0.828276447980197,16.4684904240179,0.75752264325493,0,0,2.99918991203869,1.34180418726905,0.0186765040646209
317,0.00429400892096699,29.0627058585714,16.8982124185714,0,2.27525748571429,3,1,0,998.805817542857,0.000263955163587762,0.0634410603018294,"24",30.5099387936786,0.896767092033523,16.5114965285714,0.412917018771981,0,0,2.69792842436429,1.25404380734953,0.00743825392217543
318,0.00428155037334729,28.9945449825,16.36960722,0,1.500862169625,3,1,0,1011.90496775,0.000251496615968062,0.0605354641379741,"24",30.3779345091071,1.00695854340918,16.7177567283482,0.538532738820808,0,0,2.81793534616518,1.27708986396289,-0.014384361932249
319,0.00422790990934631,28.90793448,16.4973122814286,0,1.25577711571429,3,1,0,1025.00167842857,0.000197856151967082,0.0479280433484446,"24",30.2670810045089,0.98136989107459,16.6924583448661,0.42647591190685,0,0,2.52524055940179,1.10600140127685,-0.0227863446174386
320,0.00420777575655387,28.8616517575,15.48686831125,0,-0.01260705625,3,1,0,1038.03967325,0.000177721999174642,0.0431544680054055,"24",30.1564608707589,0.978743915928064,16.8224564033482,0.349772095231906,0,0,2.71641058116518,1.01589134063678,-0.025759368443801
321,0.00425135279825799,28.7957969642857,16.3897951985714,0,2.424088597,3,1,0,1051.077323,0.000221299040878762,0.0534575212990331,"24",30.0728901308929,0.964529497629742,16.2338876948214,0.670260600858115,0,0,2.84865444522321,2.00495476938922,-0.0124031672976683
322,0.00431889795842306,28.74048181875,16.48750999375,0,3.0006727495,3,1,0,1064.06578575,0.000288844201043832,0.0692205506658388,"24",29.9933875558036,0.931205582015071,16.4166635427679,0.711181492158326,0,0,3.60491291182143,1.05837449806606,-0.00761682529639138
323,0.004383311144983,28.7039275157143,17.4382025071429,0,2.93370231028571,3,1,0,1077.05102614286,0.000353257387603772,0.0840246907923454,"24",29.9418883961161,0.887873845866729,15.6353319487053,1.16613298086531,0,0,3.58922196953572,0.728908700566109,0.000378819993288124
324,0.00441607078220669,28.75479472625,17.90304238125,0,1.6430817125,3,1,0,1090.01316125,0.000386017024827462,0.0914706200870707,"24",30.0323257844286,0.794601039461088,15.9839094182143,1.83855873166437,0,0,3.45805283621071,0.69608819476781,0.00219279994361404
325,0.00446122120119099,28.9072249257143,16.55133363,0,3.004088318,3,1,0,1103.04855371429,0.000431167443811761,0.101642822910701,"24",29.9910258537857,0.713136467815446,15.5656855204643,2.1120547062099,0,0,3.02734126993214,1.009806723292,0.000781024412011789
326,0.00452227570823699,29.02507026375,16.2055160575,0,3.000040650125,3,1,0,1116.12610225,0.000492221950857762,0.115235624546175,"24",29.9138793175,0.67655709901169,14.2493562207589,1.77465259859502,0,0,3.37435091125,0.748549578296265,-0.000512826309605519
327,0.00454720148053101,29.0040936285714,14.1148639085714,0,1.95298458814286,3,1,0,1129.24779814286,0.000517147723151781,0.120732266520689,"24",29.9164269223214,0.602628983636678,14.4748294628571,1.1699450252242,0,0,3.37334367332143,0.749178821001043,-0.00493571805766875
328,0.0045088910264784,28.85260797625,14.0432607925,0,1.4980739,3,1,0,1142.306606375,0.000478837269099172,0.112271513339924,"24",29.8716431343303,0.610805905129324,13.6130065860714,0.469077050327245,0,0,3.11157497878572,1.0468942142158,-0.00900941956351158
329,0.0044442474274365,28.6492062071429,14.7124618928571,0,1.49905574157143,3,1,0,1155.306485,0.000414193670057272,0.0978308294861305,"24",29.7839247925446,0.692419785873157,13.7494637140178,0.49415748450779,0,0,2.99785198579018,1.2243518371632,-0.0130124808603121
330,0.00437485784707164,28.478481995,11.8024690775,0,1.4990370255,3,1,0,1168.198461125,0.000344804089692411,0.0820943100584275,"24",29.6749134241965,0.802809020319315,13.9704266204018,0.734415766018846,0,0,2.99788257076786,1.22397396440134,-0.0212852677863038
331,0.00430791236426039,28.0529975214286,7.93704424828571,0,1.49905574157143,3,1,0,1181.00481571429,0.000277858606881161,0.0666736997591428,"24",29.5775428135268,0.905940421644544,13.3388407838839,1.06467073573067,0,0,3.02811627723661,1.22543127638178,-0.0212999555102304
332,0.00426665618637203,27.17617527625,8.42931132825,0,1.498242238375,3,1,0,1193.465949,0.000236602428992802,0.0570507093897019,"24",29.3996196675893,1.09009925601564,12.4297693830982,3.07272922453135,0,0,3.37600517773661,1.4385285458183,-0.0157861974418162
333,0.00427346681499366,26.3458139,11.2999738414286,0,1.56341556657143,3,1,0,1205.55568457143,0.000243413057614432,0.0586456817114964,"24",29.0743897286607,1.43890187724565,13.2913911023304,3.52283169929674,0,0,3.37393911366964,1.43691566618877,-0.00612213233955157
334,0.00430757509696392,26.012759445,10.75905367,0,3.012526507875,3,1,0,1217.363028375,0.000277521339584691,0.0665954065017198,"24",28.9699579464286,1.4661387661946,14.195581699881,1.99512717623616,0,0,3.33202656107738,1.10247656568562,0.0055284286693252
335,0.00434525333126322,25.7161738671429,10.0534600518571,0,2.998416914,3,1,0,1229.06457871429,0.000315199573883992,0.0753043441363088,"24",28.5122062394643,1.5709497418602,13.9289714285714,2.61327201663473,0,0,3.30189222126071,0.668205086794699,0.00483224608515434
336,0.00439672374572746,25.45511481375,10.68215167125,0,2.999947089625,0.75,0.25,0,1240.613261125,0.000366669988348231,0.0870799430867359,"24",28.5084250429286,1.66677307329746,15.0885320009071,3.66383180802455,0,0,3.08767864616071,0.911597452560537,0.0105527998999229
337,0.00446380230618968,25.1907892585714,11.3193873657143,0,2.43838700514286,0,0,0,1252.070054,0.000433748548810451,0.102221220269694,"24",28.0000932973214,1.79784509143299,13.6725396590491,5.39743419247153,0,0,3.10909007078125,1.05119420118448,0.02691593641771
338,0.00453019665775312,24.9257162,4.90107564825,0,1.496943932875,0,0,0,1263.385799875,0.000500142900373892,0.11698563295104,"24",27.4781437892857,1.69243366194709,13.0298659171697,7.15849798389936,0,0,3.13215728047768,0.940095406548141,0.0317522675545742
339,0.00456989443978003,24.3600406785714,1.58378252371429,0,0.453928846428571,0,0,0,1274.552124,0.000539840682400801,0.125710388022032,"24",26.8446272854911,1.57092371903042,12.2124315887634,9.11000847316133,0,0,3.09064727885714,1.23968428104936,0.0331377128635486
340,0.00452863343203151,23.461690595,1.508551761,0,-0.002836164,0,0,0,1285.335911625,0.000498579674652282,0.116640505448454,"24",26.0296798488393,1.43538693306846,12.2623211330804,11.4310621135453,0,0,2.39510282114286,1.74512801941291,0.0318234210117212
341,0.0044639007539392,22.5604275842857,1.477102026,0,0.559724478142857,0,0,0,1295.752254,0.000433846996559972,0.102243274710048,"24",25.46909404025,1.57954942224304,15.0729578523571,11.8625674125452,0,0,2.85598715759643,1.9957951979749,0.0340344549661347
342,0.00440884739868456,21.9523592625,1.438380227125,0.494284914375,1.504116086,0,0,0,1305.766699625,0.000378793641305331,0.089833577153974,"24",24.2015122598571,1.29109763118037,15.8339744770071,12.4844233242523,3.68108571428572e-06,8.23115788814624e-06,2.87207453756071,1.5103184606835,0.036912325798872
343,0.00436532618951766,21.5046182085714,1.45422641242857,8.84985286114286,0.517829457857143,0,0,0,1315.606669,0.000335272432138432,0.0799131978359222,"24",23.0456139978125,0.986485941407992,13.3513729497813,12.9517796095036,1.88194909453125,3.44227015740356,2.64299634234375,0.813671852043098,0.0415470463361791
344,0.00431907341997671,20.696936515,1.5840801875,16.63115621875,-14.5550019645,0,0,0,1325.14100475,0.000289019662597482,0.0692611763039483,"24",22.1995376687202,0.688268270690704,13.1942611724226,11.8382330617899,5.83938756438691,7.61623809807023,-1.12237671485714,3.87908171471064,0.0574591109632858
345,0.00427767539285291,19.1506343,1.61591867285714,21.8936411328571,-26.6769854642857,0,0,0,1334.17495742857,0.000247621635473681,0.0596300129267497,"24",20.7453988822322,0.791888317510705,13.5021943611369,12.2062383995465,9.44646549232143,10.436517468184,-14.8356179439821,8.33998114393469,0.0788050116296949
346,0.0042756086321287,17.25847824,1.6526670735,21.93140963125,-35.94928349375,0,0,0,1342.2939435,0.000245554874749472,0.0591467457488868,"24",18.5378731567092,1.39903007789115,15.1272211543316,12.008638399278,9.5620219095153,11.9646324345367,-29.2434278436735,8.02688040773778,0.102134134629306
347,0.00432733454458925,15.3590832357143,1.62559727857143,21.8103133742857,-24.8630759408571,0,0,0,1349.50578657143,0.000297280787210022,0.0711720569769572,"24",16.5534869775765,1.41443195394628,14.581012822426,11.626304443787,10.2266518719643,12.7974121170768,-29.6029927830459,7.05175808290591,0.10950914929605
348,0.00439694972286784,13.279202985,1.726571289,25.05178179875,52.20115072,0,0,0,1355.74048125,0.000366895965488612,0.0871313384759542,"24",14.9181553211309,1.58734887861512,13.888086663256,11.3474164240772,10.7485289304167,12.8602522754135,-15.7683553265913,23.3568101024467,0.11663815765934
349,0.00446907291020776,10.6371214778571,1.60656538185714,23.8981358014286,203.258945371429,0,0,0,1361.07698257143,0.000439019152828532,0.103401266869251,"24",13.0216641206804,1.90781284458723,14.6924609334411,11.1049031990508,10.235254894,13.3141822051572,33.2338728191036,60.8658745453723,0.123131994717022
350,0.0045414621028933,9.08055510675,1.422159997875,13.98556441225,339.7264531625,0,0,0,1365.426093875,0.000511408345514072,0.119469291338113,"24",11.0409831100779,1.92132877829089,12.9880965193166,10.8278302890201,10.8196919715455,12.8964579896631,140.762582203945,128.007527746926,0.128815044064176
351,0.00461261690735384,8.56792456085714,1.33899194585714,8.68494457885714,451.835176614286,0,0,0,1368.77966985714,0.000582563149974611,0.135015636509639,"24",9.37679306620833,1.93993832273585,11.519975748994,9.63208824696353,7.07680147856071,10.8240067344281,293.555043441788,185.298651020815,0.146731363388222
352,0.00467865598632609,8.268905717875,1.430502352875,0.020754746,504.2870686375,0,0,0,1370.25967875,0.000648602228946861,0.149231167666249,"24",9.05782215407031,1.72745533172424,9.94890544488504,9.07816902309854,7.17731042232924,10.4647095722841,333.492438507132,174.844144275204,0.149231167666249
353,0.00471018414911851,8.03882563114286,8.28239359114286,0,511.3709802,0,0,0,1369.53647857143,0.000680130391739282,0.155947285988778,"24",9.12575525559881,1.76582541077112,10.0600062351345,9.38553172112958,7.65579778381786,10.6492929317892,321.633869060941,174.193439513887,0.152589226827514
354,0.00466113628656234,7.994021258875,17.62371045,0,446.402216525,0,0,0,1366.893613125,0.000631082529183111,0.145479538202673,"24",10.3797798686811,2.17633891685305,11.757797619051,10.5306577390776,9.54555304529464,11.9976381019311,205.209598580906,174.298300835902,0.135811741000373
355,0.00459200081607471,9.26146657185714,21.1366738457143,0,257.587371842857,0,0,0,1363.22544871429,0.000561947058695482,0.130536118527622,"24",11.8184214364643,2.24792725184229,12.1868612525878,10.9766622658753,11.7355770884405,12.6990117691447,103.581304826307,130.683367059907,0.128987151510521
356,0.00451911318096807,11.12683247125,23.60591865625,0,68.22782128875,0,0,0,1358.764343,0.000489059423588842,0.114536057838738,"24",13.8672824859504,1.755695982011,11.4316498883532,11.3097069639986,14.2068739836111,13.5886868913406,11.2290637691032,48.4710416224599,0.122650832189579
357,0.00444491482211847,13.4766957785714,23.74957759,0,-11.2021844801429,0,0,0,1353.50702157143,0.000414861064739242,0.0979809886686205,"24",15.8079334410938,1.4455138964666,12.9077380465871,11.7534183426697,12.0920950467188,13.0554666998663,-24.3465933147009,16.5226343405347,0.115275706772911
358,0.0043701648606084,15.85312216875,23.521506485,0,-31.1155390675,0,0,0,1347.05978575,0.000340111103229171,0.0810210168347743,"24",17.5593714308163,1.16284548528237,11.7874975339566,12.1732627673603,13.3543148909439,12.5545532214891,-31.2165305524235,7.35968673101957,0.107553112558008
359,0.0042953541581391,18.0102571371429,25.2572366471429,0,-33.4069407314286,0,0,0,1339.55300914286,0.000265300400759872,0.0637542935740516,"24",19.5068464121173,1.01949215469449,12.0902243272398,12.4466442634719,11.9379013693367,11.3866980156098,-24.0101128942908,7.77385841605106,0.0978404647730843
360,0.00422098257190567,19.98054132625,24.61657762875,0,-25.32423603,0,0,0,1330.986151,0.000190928814526442,0.0462882215979983,"24",21.1321710516667,0.902586225653257,13.6698398370595,12.3948678280211,9.44646549232143,10.436517468184,-11.117790489125,7.67470116062009,0.0699896072821049
361,0.00414798095985506,21.7832643457143,22.8821541585714,0,-6.06858224942857,0,0,0,1321.58429185714,0.000117927202475832,0.0288419842827388,"24",22.2827923333214,0.734953380640938,11.2566825751929,12.1253091250594,7.00726507726429,7.89172473670906,-0.133135607942857,3.38668110835454,0.0506650315084855
362,0.00408236081203574,23.29136662375,23.366126125,0,3.3917759665,0,0,0,1311.368506875,5.23070546565117e-05,0.0128957359873505,"24",23.4147703795,1.13142238698632,11.114952170025,11.905100136566,1.50556295671071,3.09762013506024,2.99658396926071,1.18253636070392,0.0353409266527106
363,0.00404587311827366,24.7060035485714,22.4708328728571,0,4.80308721228571,0,0,0,1300.53934328571,1.58193608944318e-05,0.00391766319316922,"24",24.4672233898929,1.49037180465476,10.9350033422357,11.6993930379089,3.68108571428572e-06,8.23115788814624e-06,2.96523469325357,1.80056343304861,0.0269200386715748
364,0.00403017142366176,25.86607896375,20.5800486,0,5.62528172925,0,0,0,1289.07480825,1.1766628253175e-07,2.9196772293183e-05,"24",25.3376579117262,1.57554540567907,8.93985065684524,10.2538771354728,0,0,2.0368428355744,1.68393097534343,0.0281710249109916
365,0.00405150729513219,26.7826907657143,20.4248471157143,0,4.48900032628571,0,0,0,1277.17893828571,2.14535377529614e-05,0.00530926821626654,"24",26.3477099641071,1.75655490085457,10.0867017757536,9.21074519110138,0,0,2.56330359237143,1.59470049096762,0.0276913332188695
366,0.00411060859460507,27.52048247375,20.2699481,0,3.3516679135,0,0,0,1264.88290425,8.05548372258416e-05,0.0197913784361923,"24",26.9676582714286,1.85774758640082,11.4041078633857,7.18669021778002,0,0,2.80511461095714,1.09435783384379,0.019727241103041
367,0.00417505343434872,28.2842229985714,19.4070682814286,0,2.59463858285714,0,0,0,1252.298699,0.000144999676969492,0.0353474408358609,"24",27.4382324895714,2.00065565903274,13.2019092003821,4.79131370708191,0,0,2.97494945765357,0.958501672875045,0.0144882702496304
368,0.00421090651938925,29.03768765375,19.156114995,0,1.9411719175,2,0.5,0,1239.326078875,0.000180852762010021,0.0438982335503475,"24",28.3761093902232,1.89405924515408,14.0716362523839,3.31728376852097,0,0,3.37430532832589,0.748541373490042,0.0194233631896204
369,0.00419567777449624,29.7097442614286,17.6536275542857,0,3.00358183928571,4,1,0,1226.06789914286,0.000165624017117011,0.0402751779413855,"24",28.6459401405804,1.88928615664775,13.7524482734822,2.31901598860357,0,0,3.4865119369375,0.704032241188061,0.00983660702771637
370,0.00417276378042289,30.054444835,15.9044431225,0,3.438279963875,4,1,0,1212.537912125,0.000142710023043661,0.0347988773324959,"24",28.8667993845982,1.81483229515768,14.009056730625,2.27279392716422,0,0,3.39023244571875,1.40864885039366,-0.00128524909604428
371,0.00415122853506013,30.2184509771429,15.1134761471429,0,4.50229165628571,4,1,0,1198.93463528571,0.000121174777680901,0.0296246070842372,"24",29.1804141062946,1.47230642285444,12.5528361530893,2.8333430462963,0,0,3.3758018019375,1.43888237143447,-0.0209564537819336
372,0.00413469481737194,30.33157860375,14.81258656,0,4.509723693375,4,1,0,1185.235348375,0.000104641059992711,0.0256338052074767,"24",29.471171695134,1.08523861404361,12.3724845765804,2.97120412407782,0,0,3.02812095625446,1.22542349182555,-0.0248416024465245
373,0.0041286435269411,30.4140816114286,13.6080122114286,0,3.11820552342857,4,1,0,1171.526374,9.85897695618713e-05,0.024169193421308,"24",29.6322323711607,0.8766590271819,13.2429284165625,1.10310298220225,0,0,2.99787789175,1.22398160405018,-0.0271152347834361
374,0.00411024045369846,30.41506831,13.22391063625,0,2.9972332655,4,1,0,1157.7684945,8.01866963192318e-05,0.0197018156925539,"24",29.7330743502679,0.784905018761263,13.9167639891071,0.698012917604557,0,0,2.99809744618304,1.22395096546107,-0.025328404232139
375,0.00407416168215536,30.3892812414286,13.0100318242857,0,2.99811148314286,4,1,0,1144.05158085714,4.41079247761314e-05,0.0108852879203347,"24",29.6678361027143,0.698211587548079,13.6990574273571,0.44949827117318,0,0,2.78887476302857,1.15873541762881,-0.0224850787750044
376,0.00406875611205874,30.37363437375,12.9988331675,0,2.998074051,4,1,0,1130.3133265,3.87023546795113e-05,0.00955761376360087,"24",29.7339602635714,0.66245126365355,14.402836352,1.02591108854012,0,0,3.08927185628572,0.907984397193721,-0.0188988274552641
377,0.0041007639475992,30.3407832114286,13.9819725128571,0,2.99811148314286,4,1,0,1116.61379242857,7.07101902199716e-05,0.0173935694384157,"24",29.73611750675,0.708020789223685,14.6405881881071,1.76843324602621,0,0,3.299488859025,0.669527062703466,-0.0133737652935811
378,0.00414013584400407,30.33192305625,14.588472,0,2.998074051,4,1,0,1102.896234875,0.000110082086624842,0.0269488840308236,"24",29.9058015531696,0.793513465250841,15.8099889005804,2.35580258775156,0,0,3.03465807466518,1.16587131379537,0.00339781037389297
379,0.00418652651444476,30.3910625714286,17.7869471,0,3.00032802614286,4,1,0,1089.19822671429,0.000156472757065531,0.038091679865337,"24",29.9426415876786,0.88782470956015,15.5331499977679,1.77552919216527,0,0,3.57248403872768,0.747499185593953,0.00578268793578633
380,0.00424232388062624,30.56437298125,16.52496749875,0,3.860992568625,4,1,0,1075.416775375,0.000212270123247012,0.0513314877422113,"24",29.9892981533036,0.935953500218672,15.8410450229464,1.42026876867029,0,0,3.74877909223661,0.865318605050772,0.00547408676818044
381,0.00431240363967713,30.75401201,17.3478197957143,0,4.49922105942857,4,1,0,1061.583292,0.000282349882297902,0.0677157208908223,"24",30.0415678620536,0.986992834152911,16.1527453513393,0.359248517439993,0,0,3.60486627093304,1.0583219532137,0.00287946517239073
382,0.00438638208646766,30.946733235,16.29214703,0,4.499034495875,4,1,0,1047.630043625,0.000356328329088431,0.0847250440336964,"24",30.1145293632143,1.01699665873076,16.2987171705357,0.690023556961503,0,0,2.62708447518304,1.80030114465612,0.000653371976224015
383,0.00446069222127757,31.1132901642857,16.5514649328571,0,3.61275461571429,4,1,0,1033.62530871429,0.000430638463898341,0.101524242987957,"24",30.2030382175,1.04185490158415,16.8178731382589,0.354593587836761,0,0,2.56249965861161,0.871150850820359,-0.00607396676302111
384,0.0045344738575317,31.29959955125,16.5331318725,0,2.9971109255,4,1,0,1019.507929375,0.000504420100152472,0.117929340721648,"24",30.3154703759822,1.05151673828366,16.9086658228125,0.526311882970174,0,0,2.5254906988125,1.10614379968101,0.00237551828888834
385,0.00460668999884628,31.4931570371429,17.3979617842857,0,2.99811148314286,4,1,0,1005.33879124286,0.000576636241467051,0.133729876255467,"24",30.4215691926339,1.07300876173716,16.5229342532143,0.29741566501133,0,0,2.81792598812947,1.27708810374791,0.0144480543455803
386,0.00467366065800835,31.66769577125,16.61867188375,0,2.998074051,4,1,0,991.05258425,0.000643606900629121,0.14816291284214,"24",30.5216966219643,1.09922022519369,16.4881296482143,0.470343136797447,0,0,2.99761971232589,1.22395130607597,0.0262405352083542
387,0.0047061530371804,31.8382051357143,16.34825583,0,2.99806213485714,4,1,0,976.7200431,0.000676099279801171,0.155091090629798,"24",30.6106840473214,1.12377038870972,16.0839978190625,0.954321810830136,0,0,3.00421417848214,1.22586031932949,0.0344289832707828
388,0.0046583086409418,31.97501388375,15.57356757125,0,3.015946195,4,1,0,962.2846196125,0.000628254883562572,0.144872711150499,"24",30.6633381138839,1.16110080126731,15.9826128078125,1.11393110063909,0,0,3.00229611875,1.33335082264706,0.0372663745286684
389,0.00459099097041345,32.1000616957143,15.6558893271429,0,4.50344949042857,4,1,0,947.821401942857,0.000560937213034221,0.130316180262007,"24",30.6481444804464,1.18102064675274,15.2956791198214,1.79914391283884,0,0,2.84724872613839,1.92564559015539,0.035486401570379
390,0.00452183246271023,32.1639134975,14.7434741025,0,4.497154256625,4,1,0,933.28502835,0.000491778705331002,0.115137605922573,"24",30.4159215515714,1.10333204705067,15.2591196860714,0.99895697668267,0,0,2.505258805825,2.04438206688621,0.0303503247994748
391,0.00446153199527251,32.1730710542857,15.1743875,0,4.49936865485714,4,1,0,918.762092785714,0.000431478237893281,0.101712486178941,"24",30.6280896930357,1.09771217114496,15.0332699823214,1.51194479091681,0,0,2.783332938375,0.875045608436453,0.0221959499514999
392,0.00445799242269727,32.1743080725,14.56416163375,0,3.182421639,4,1,0,904.2045405875,0.000427938665318041,0.100918817701607,"24",30.4333658146429,0.993428276008715,15.1885186845357,1.56036816270246,0,0,2.39933988878929,0.821263511521021,0.0188188690519346
393,0.00448306588158511,32.12141016,14.1410224414286,0,1.50033073085714,4,1,0,889.688118785714,0.000453012124205882,0.106527443258215,"24",30.3950109696429,0.956092659950727,15.1044572202821,1.29131163855974,0,0,2.21101680300357,0.755833063855174,0.0172823786886316
394,0.00445329043642617,32.02931217875,14.308342428375,0,1.4970647235,4,1,0,875.182529225,0.000423236679046942,0.099863529327024,"24",30.46043181,0.768384200373234,13.3426684750143,3.32968537344128,0,0,2.56367498775357,1.03024303130681,0.00581861929132872
395,0.00438617629867946,31.7938014314286,7.67002030114286,0,3.82681046142857,4,1,0,860.757832385714,0.000356122541300232,0.0846781277808741,"24",30.3462407796786,0.403889976343806,13.2594662342,3.62481793263793,0,0,3.01892204225,1.80629803911963,0.00354711085216852
396,0.00431338621334607,31.05419530125,7.7430122985,0,5.982110908125,4,1,0,846.5330884375,0.000283332455966841,0.0679435431928139,"24",30.242377968125,0.135945637461238,12.2785015566607,3.06731307144621,0,0,3.12304363158482,1.22997375886802,-0.000980518698918283
397,0.00423974214222833,30.1507308728571,8.84099395342857,0,4.42652513457143,4,1,0,832.708929957143,0.000209688384849102,0.0507227354854365,"24",30.191651378125,0.506998411212408,12.2990377481205,2.57527520575282,0,0,2.68151934915179,1.37629293139599,-0.0115830104767131
398,0.00416684253584387,29.5039207675,10.179787684625,0,2.983578414625,4,1,0,819.2419511625,0.000136788778464641,0.0333788473676577,"24",30.2241040203571,0.75711320001014,12.3506317039822,2.54231408789458,0,0,2.62329509384375,1.43518506190109,-0.0243010971368675
399,0.00409920232400102,29.1916246285714,10.5021090244286,0,2.99780605242857,4,1,0,805.993874685714,6.91485666217918e-05,0.017012684072002,"24",30.2644873134821,1.00904139828127,12.795658841875,2.18890857407046,0,0,2.62330867879911,1.43522507200266,-0.0352577977677046
400,0.00406247233496802,28.8954709025,11.3387544425,0,2.998074051,4,1,0,792.86248925,3.24185775887912e-05,0.00801202241094945,"24",30.2808021779643,1.04847655756531,13.4669540243929,1.84697554039801,0,0,2.99677249856071,1.50061868852118,-0.0487206560127497
401,0.00405644353554301,28.6900047471429,12.7159154585714,0,2.99777368914286,4,1,0,779.861697228571,2.63897781637816e-05,0.0065268979237052,"24",30.4865059696726,1.15403992383943,13.0061546674405,1.77775943593697,0,0,2.9930057352619,1.3408120382621,-0.0375372121248236
402,0.00406027370284336,28.5059219375,13.11942814875,0,2.985461434875,4,1,0,766.930533675,3.02199454641321e-05,0.00747067048046102,"24",30.36160139375,1.47128087645178,13.7134600734821,1.78329811998943,0,0,3.34285020871875,1.40479228831533,-0.0385694498947696
403,0.00403728238213211,28.3775624185714,14.17874484,0,4.37707318485714,4,1,0,754.093527257143,7.22862475288199e-06,0.00179207271972892,"24",30.6311029601071,1.44400397988545,13.96546490275,1.62809354078043,0,0,3.29848262220357,1.25487735092231,-0.0309469526032624
404,0.00398585427630412,28.32138829625,15.18631717875,0,4.499875281375,4,1,0,741.2763063875,-4.41994810751085e-05,-0.0110280526522599,"24",30.4884017677679,1.64030787993234,14.1352148230357,2.15605446556485,0,0,3.06747797804911,1.1808645986326,-0.0255512704923289
405,0.00393849994258282,28.3349496157143,16.4158854514286,0,3.45204033,4,1,0,728.491103128571,-9.15538147964086e-05,-0.0229797890100647,"24",30.62566891625,1.7134918864884,14.455754034375,2.80134804720694,0,0,2.24511836657143,0.868919750532677,-0.0261546990205459
406,0.00394084438195529,28.43687427375,17.82316037,0,2.9971109255,4,1,0,715.6579053,-8.92093754239383e-05,-0.0223847041183314,"24",30.8323134595535,1.75813494914979,14.0589948039465,2.74607200839321,0,0,2.43628726770982,0.717493572634434,-0.0333111661569493
407,0.00399344851193377,28.6950157528571,17.6326197071429,0,2.99811148314286,4,1,0,702.769099214286,-3.66052454454585e-05,-0.00912456861767019,"24",31.0474562270982,1.82084468821483,13.6410884040536,2.65176597904329,0,0,2.99750814251786,1.22327951866354,-0.0407944209031374
408,0.00406269440397602,28.96144931875,15.50486068125,0,2.998074051,4,1,0,689.7261727125,3.26406465967913e-05,0.00806668442829039,"24",31.0403922716965,1.7476500861402,16.7250646462054,1.7006288432646,0,0,2.77016077902232,1.30627065275648,-0.0438979815632285
409,0.00413291462935725,29.0590652571429,15.4822534614286,0,2.99811148314286,4,1,0,676.627819185714,0.000102860871978022,0.0252031636754575,"24",30.9143848110714,1.62008268307667,17.2889147897322,1.29650814508684,0,0,2.62350357595982,1.43569612123472,-0.0440198812513926
410,0.00418808303332566,29.08122104375,16.1041790875,0,2.999898206375,4,1,0,663.4848230125,0.000158029275946432,0.0384634031923223,"24",30.8259127779018,1.49241137106236,16.5280235235714,0.974210158373396,0,0,2.80100227764285,1.53945755991663,-0.0587171300611237
411,0.0042070742059147,29.1378542414286,15.2509855257143,0,3.72096548128571,4,1,0,650.343208185714,0.000177020448535472,0.0429877269162002,"24",30.7972143246875,1.43346247379348,16.5244882660714,1.15931847033222,0,0,2.69643561236161,1.46971185667423,-0.0462171957968123
412,0.0042334591646631,29.19081533875,14.90741747,0,4.495171601875,4,1,0,637.1564031125,0.000203405407283872,0.0492397119289532,"24",30.70776345375,1.31292969086406,16.2776282529911,1.12179451091672,0,0,3.00761401575,1.20158071028039,-0.0486576003492469
413,0.00427557657686923,29.23455216,14.6695860757143,0,4.497167225,4,1,0,623.966545514286,0.000245522819490002,0.0591392484820314,"24",30.8903513468214,1.19132433961309,16.4493121971428,0.318666961604574,0,0,3.01258559588572,1.0404929758585,-0.0489512023598006
414,0.0043370545831397,29.2640255875,15.95842442,0,4.497111076875,4,1,0,610.7413649125,0.000307000825760471,0.0734157333078365,"24",30.6060746272768,1.12083450678959,16.3999746207143,0.982676627939218,0,0,3.37821917493304,0.749069123595608,-0.0465123085777211
415,0.00440748056923574,29.3152105042857,15.7140532085714,0,4.50175752414286,4,1,0,597.515410142857,0.000377426811856512,0.0895235094174422,"24",30.5675524121429,1.00591515497625,15.9871627540625,1.15174725703968,0,0,3.12044378064286,0.243215948825154,-0.038622070740352
416,0.00447099552847261,29.36181406875,15.09742394,0,3.48526343075,4,1,0,584.248497075,0.000440941771093381,0.103831379516524,"24",30.5463914485714,0.902688433485054,16.2584379639286,0.948385947331387,0,0,3.31976943049554,0.642810297334164,-0.0251979863207957
417,0.00448856704985881,29.4158738642857,14.8905068757143,0,2.99890748371429,4,1,0,570.977530085714,0.000458513292479582,0.107753790542494,"24",30.5444827136607,0.819973109955579,16.5736307819197,0.711494994993926,0,0,3.37357551696429,0.750977977373978,-0.0105432756413316
418,0.00447724581490513,29.47445822875,16.031850235,0,2.998074051,4,1,0,557.6663432375,0.000447192057525901,0.105228366269443,"24",30.5425553178571,0.758202714334911,16.9622904639286,0.925578889799424,0,0,2.90356143225446,0.188650377050714,0.00144032506345157
419,0.00449736052231519,29.5280215828571,16.8048249814286,0,2.99811148314286,4,1,0,544.349163871429,0.000467306764935962,0.109710956343572,"24",30.5395780940179,0.678182571402191,17.0198395180803,0.398827784073516,0,0,2.67084339094197,0.389743389915664,0.0112942620621505
420,0.00455859241319615,29.6144443575,16.60755817125,0,2.998074051,4,1,0,530.9785613,0.000528538655816922,0.123234176511128,"24",30.5532669562053,0.602242815698154,16.1627950320982,0.741870827519679,0,0,2.88828331437054,1.0531997970726,0.0210532302390015
421,0.00462741663744544,29.7235608157143,16.0746650957143,0,2.99811148314286,4,1,0,517.580518385714,0.000597362880066211,0.138219032331835,"24",30.5820235105804,0.516175455068815,16.5746421271429,0.639758205779088,0,0,2.62213685141072,0.74873659098267,0.0304732965368043
422,0.0046914511836747,29.86131497875,16.63737267,0,2.998074051,4,1,0,504.1150974375,0.000661397426295471,0.151962236755719,"24",30.6022533959821,0.461146519214456,16.7260467710268,0.383974945100519,0,0,2.62336953457143,0.749433987826784,0.0383582969368693
423,0.00471250458252867,29.9532002428571,16.5371667871429,0,2.99811148314286,4,1,0,490.612876328571,0.000682450825149441,0.156439806430426,"24",30.6128158590179,0.418575238868039,16.0386129040625,1.29183492693083,0,0,2.63700779660268,0.721728860325998,0.0432561004040818
424,0.00465798107476013,30.01276371875,14.95168965875,0,2.997393595,4,1,0,477.055601575,0.000627927317380901,0.144802389985149,"24",30.5860658399107,0.428820015087699,15.4756714772768,1.54803120911001,0,0,3.07944773003572,0.15159012461514,0.040920726924117
425,0.00458883541099143,29.9625946542857,13.6991849842857,0,3.30651285542857,4,1,0,463.508906942857,0.000558781653612201,0.12984655059253,"24",30.5552188143304,0.469694908077159,15.7941582536161,1.19604785980365,0,0,3.56875639672768,1.14142909334593,0.0328571884638136
426,0.00451699307103985,29.8681300575,14.0909940625,0,5.280900030375,4,1,0,449.98265625,0.000486939313660621,0.114066804852757,"24",30.5182075777232,0.539677764489644,16.3854488312054,0.901816906230456,0,0,3.31235722585714,0.628541395200071,0.0236076574688238
427,0.00444495478664873,29.7278572342857,15.2333586157143,0,4.25516931828571,4,1,0,436.528260742857,0.000414901029269501,0.097989979695738,"24",30.5036694712946,0.58415561716927,17.0019939665179,0.332222384134975,0,0,2.99957913985268,0.00189692392236631,0.0169631888687279
428,0.0043753681451774,29.65062566875,16.68349418375,0,3.00000303025,4,1,0,423.1114057875,0.000345314387798171,0.0822109466104726,"24",30.5710585727678,0.610613189945077,15.8521863144643,1.6660619650885,0,0,2.76325995128572,0.469653154521966,0.00071929533811725
429,0.00432416420880487,29.65995729,16.5717865757143,0,2.99811148314286,4,1,0,409.7255833,0.000294110451425642,0.0704391583328343,"24",30.7324188304643,0.58724139904571,15.3609614813929,2.9662481476463,0,0,2.69790701108214,0.671235756530138,-0.00970766103975977
430,0.00434917940864269,29.720655465,16.5841956075,0,2.998074051,4,1,0,396.309376675,0.000319125651263462,0.0762074686237728,"24",30.7561351648661,0.763466076793513,14.4110700267589,2.97524523126732,0,0,2.62333818971429,0.749521632302951,-0.0137578962114382
431,0.00438244859437723,29.7642971485714,14.6057467614286,0,2.99811148314286,4,1,0,382.874186171429,0.000352394836998002,0.0838278908310146,"24",30.8439412803571,1.00172079893634,13.7714348870982,3.4202137331005,0,0,2.62332415266071,0.749524751648188,-0.0137378728969696
432,0.00433960402590718,29.6843267875,13.44618842125,0,2.998074051,4,1,0,369.4324233625,0.000309550268527952,0.0740033887399463,"24",30.8252942153572,1.0448726443997,14.0821000069643,3.91170020104067,0,0,2.62215088846429,0.751921189357145,-0.00158872790018352
433,0.00427329742074344,29.59816889,12.9104085014286,0,2.99811148314286,4,1,0,356.0489276,0.000243243663364211,0.058606042324798,"24",30.8286519059375,1.09244464377881,14.7919032603125,1.74594886754641,0,0,2.88949206034375,0.221099977823481,-0.000704739670868371
434,0.00420758865356497,29.4974908,12.882891225,0,3.0039520005,4,1,0,342.7007866875,0.000177534896185742,0.0431100010101897,"24",30.7383178339286,1.07101995513871,14.8944927821429,2.54093444045959,0,0,3.29778938842857,0.599273776338117,0.000968012058673473
435,0.00416445306728206,29.3808785871429,12.8854932514286,0,4.19669989042857,4,1,0,329.406311685714,0.000134399309902832,0.0328052346467098,"24",30.5960308567857,0.91054711217984,15.2913826611786,2.15511501995827,0,0,3.25792455898214,0.698717636707941,0.00481095026005808
436,0.00420235695017225,29.25387255375,13.08481295875,0,4.496341362125,4,1,0,316.1534020875,0.000172303192793022,0.0418658303128545,"24",30.4610454305,0.897998086690862,15.2019405488214,2.36438395502781,0,0,2.71793622771786,1.24544873970029,0.0118153821772666
437,0.00427049788604719,29.11366842,12.2908894057143,0,4.51418570442857,4,1,0,302.969489114286,0.000240444128667962,0.0579507048242185,"24",30.2955651373214,0.909140445329853,14.7388565363929,2.57498180346422,0,0,2.12241232863929,0.825299679216953,0.0212183319418333
438,0.00434344929164834,28.89758733375,10.5668641325,0,3.053451650875,4,1,0,289.8570934625,0.000313395534269112,0.0748890831525753,"24",30.1324649738839,1.07729435389351,14.5564488255804,2.65502981104653,0,0,2.24842093948661,0.865762140016145,0.0298055379635801
439,0.00441799061377409,28.6488253085714,10.8354305642857,0,2.99827429485714,4,1,0,276.863127314286,0.000387936856394861,0.0919052631052937,"24",29.9737112203571,1.11564031734499,14.613730189808,3.10075115614235,0,0,2.24856021726786,0.865464027366931,0.0345070373707665
440,0.00449331092962251,28.40576037875,10.448627610125,0,2.998074051,4,1,0,263.971013525,0.000463257172243282,0.108810113086625,"24",29.8212767434822,1.1740281260205,14.6700937840536,3.31611563242336,0,0,2.24857893333929,0.865485638824686,0.0377384963957582
441,0.00456899204421998,28.1533009742857,10.0273018551429,0,2.99811148314286,4,1,0,251.200392285714,0.000538938286840752,0.125512903231119,"24",29.6711713548214,1.25030569929072,14.2251868046205,2.9718598215835,0,0,2.24856021726786,0.865464027366931,0.0422290376937352
442,0.0046448134409801,27.8792630775,9.867625065625,0,2.998074051,4,1,0,238.5433588875,0.000614759683600872,0.141971489599584,"24",29.5049241162946,1.32248139408562,13.6762950259911,3.11815122177569,0,0,2.24857893333929,0.865485638824686,0.0337378901526954
443,0.00472059325092762,27.59958599,10.484102079,0,2.99811148314286,4,1,0,226.017048071429,0.000690539493548392,0.158154761655679,"24",29.2937248658036,1.35839582267263,12.9975372787812,4.58799523452564,0,0,2.24812054042411,0.864956630275604,0.0322300736664798
444,0.00479614263159195,27.33244743625,10.40393350375,0,2.996315343625,4,1,0,213.6055344375,0.000766088874212722,0.174032257287966,"24",29.3014645669286,1.36438217784176,12.7034688356214,5.80914429776628,0,0,2.25920361385714,1.07888414340423,0.0429249958144744
445,0.00487123546960536,27.07180599,11.13654391,0,3.80077679357143,4,1,0,201.318542685714,0.000841181712226131,0.189567875323459,"24",28.7106318442411,1.4936459341779,11.6731092761161,6.31297239658232,0,0,2.99860529234821,2.12087986385282,0.0379572890484156
446,0.00494543066200509,26.85660788375,11.2848884625,0,5.998121304375,4,1,0,189.1382753625,0.000915376904625862,0.204684331915335,"24",28.3514875636071,1.39862294576458,9.61586151474285,6.51634046177426,0,0,3.03012549006071,1.74924695938225,0.0377850391881723
447,0.00501789518332986,26.6757171928571,10.9150426242857,0,5.752598416,4,1,0,177.047899942857,0.000987841425950631,0.219230839534764,"24",27.889454445,1.60441796453739,8.98826268695357,6.68086945006026,0,0,2.98960327526429,1.41471727442054,0.0409199396945118
448,0.00508538610975822,26.43974994625,7.6245346405,0,4.058834143125,4,1,0,165.047635525,0.00105533235237899,0.232591237421407,"24",27.3874808101071,1.89591993160959,8.98824830103929,7.13353638597809,0,0,2.75676579660357,1.27644775076992,0.0355233211231201
449,0.00512286420285967,25.9985196285714,2.53178577057143,0,2.997915145,4,1,0,153.189048128571,0.00109281044548044,0.239933976795502,"24",26.8459291789286,2.18691044646702,10.7204798477607,6.31847939832742,0,0,2.25623693915,0.846116527532689,0.041138054178159
450,0.00507858901658162,25.180556425,2.43381472125,0,1.992104354625,4,1,0,141.6226917625,0.00104853525920239,0.231253750075831,"24",26.7758046538988,2.29820824817769,13.2178628619494,4.86223433387854,0,0,2.42110189118155,0.725336165320017,0.0514940509515765
451,0.00501009229492258,24.3087484542857,6.67247388928571,0,2.69844014928571,4,1,0,130.446268028571,0.000980038537543352,0.21767461704379,"24",26.0496320418929,2.40106975091017,13.6984338604214,4.99646858048297,0,0,2.66645879611786,0.656188656061773,0.0417972689097484
452,0.0049372399844501,23.6437187475,12.4482413525,0,2.997475797125,3,0.75,0,119.6395829625,0.000907186227070872,0.203026747734373,"24",26.20466312375,2.32578786031049,15.0938397241964,6.08810576511367,0,0,2.49842510265476,0.774115427654063,0.0569824964545537
453,0.00486277308873945,23.53445842,12.7613014628571,0,2.99811148314286,0,0,0,108.995012371429,0.000832719331360221,0.187829150157307,"24",25.4418098955357,2.13338224339199,12.9935588918607,8.06680581801616,0,0,2.69815448155357,0.670327088525464,0.0582160725256502
454,0.00478743183570391,23.505579495,11.66152583625,0,2.998074051,0,0,0,98.36965085875,0.000757378078324681,0.17221439733711,"24",24.9470467467143,1.7602271257643,11.3097420126679,9.82683061205885,0,0,2.63819938154286,0.649723681150245,0.0525680499736703
455,0.00471161317145296,23.4752901357143,6.60823362728571,0,2.99811148314286,0,0,0,87.7591049757143,0.000681559414073732,0.156250629876669,"24",24.31822437375,1.29416428500432,10.5243275422857,11.262765784128,0.00018594,0.000415774479736311,2.42737942210357,0.807455382495355,0.0492017303910211
456,0.00463550512493936,23.25257635125,1.710698193,0,2.998074051,0,0,0,77.1945010925,0.000605451367560132,0.139965455238685,"24",23.6028394088928,0.793897097122508,10.7706229584286,11.7410621126201,0.0114089008285714,0.0237891211698184,2.24306288968572,1.68648696800396,0.0324465788645977
457,0.00455925472933919,22.9019577728571,1.67221877842857,0.00218073042857143,2.99811148314286,0,0,0,66.7691492671429,0.000529200971959962,0.123379455570827,"24",22.8171919293214,0.334633749026465,10.7406873392893,11.8318097366996,1.92340782126786,2.6382070625486,2.54991281631429,2.46600929875815,0.0234693561009317
458,0.00448296552386134,22.55241219875,1.536405929625,4.229902066625,3.000249800875,0,0,0,56.4984868675,0.000452911766482112,0.106505057050316,"24",22.164120067619,0.792166009104804,12.8062153100298,11.7138689109883,4.69172262407143,5.60185456861717,0.308146349279761,3.38220218959386,0.00843905756709469
459,0.00440673773968856,22.0711719957143,1.56261468128571,11.0741922452857,0.423703709714286,0,0,0,46.4159319428571,0.000376683982309332,0.0893549568570116,"24",20.5804755814541,1.69828134073915,14.6828405019923,11.7668954081078,6.36393853794899,8.09914412429644,-10.5321715036276,10.1009669978489,0.00161084157179053
460,0.00433068977426651,21.3395053075,1.5972192265,15.65857159125,-9.357038340125,0,0,0,36.60705854125,0.000300636016887281,0.0719471136513556,"24",19.2962498426786,1.96259121720509,14.3343517390128,11.4719370602206,7.9160402220153,9.97203928966254,-19.9294298691531,12.4142437047087,0.000704289644697941
461,0.00425496037272748,20.3984505714286,1.685524163,16.9934839242857,-20.5468685671429,0,0,0,27.1968504142857,0.000224906615348252,0.054305732393181,"24",17.5228865340179,2.18361748399788,12.3553077616756,11.4902806488586,10.7624229487202,12.0647682449667,-15.8720858172708,12.2845126625244,0.0204453813551476
462,0.00417980544083539,19.31553586,1.6881583485,17.606189865,-19.27117379875,0,0,0,18.3060847475,0.000149751683456162,0.0364849841400225,"24",14.8437597683973,2.73203112458678,14.8345607966451,10.9760625052706,8.9401970794866,12.526826143894,8.51391022216965,28.2770660024168,0.0255448277184709
463,0.00410562607549907,18.20465279,1.58408276857143,19.1986450942857,-2.23001215414286,0,0,0,9.95652434357143,7.55723181198415e-05,0.0185785309955948,"24",10.0812275062436,4.83590984212915,12.6929055086709,9.98970372545842,8.88766136784439,12.4112822078944,60.1915554117385,111.94526883656,0.0295764803863489
464,0.00403353320372292,16.7413258475,1.62761456725,22.35345280875,15.86267583875,0,0,0,2.191601909875,3.47944634369185e-06,0.000863002157755588,"24",4.93658657810096,4.66075766312391,6.59660619541895,8.12689878946097,11.5482716343642,16.8183484369122,-13.7454549887752,246.805122863077,0.0365050271011012
465,0.0039672147082139,14.81382568,1.51706170928571,25.2662417057143,33.5799348957143,0,0,0,-4.878382861,-6.28390491653284e-05,-0.0157154511361268,"24",4.50585949549669,3.80472525360317,3.82088445805092,4.68890444602894,10.7471491774321,16.4794960600315,49.6971267047311,306.227403412294,0.0510257106455594
466,0.00394253545928579,12.3709125525,1.442788588125,26.9968056475,96.00119709875,0,0,0,-11.004848368875,-8.75182980934388e-05,-0.021955680692443,"24",6.33484526263775,1.79450974176927,5.63866718070791,4.74530565412785,2.94253805453444,7.53829159276826,357.548618164732,255.018629730438,0.0791330898497203
467,0.00399348743665526,9.68665307042857,0.989968102,26.2163186042857,201.3309666,0,0,0,-16.00302967,-3.65663207239682e-05,-0.00911482152046883,"24",5.58511054546173,1.21346930332058,5.58994972369643,4.32743808609989,1.85643901470408,4.90915381104209,514.700124393112,101.488058388825,0.0899166438788226
468,0.00406309372805892,7.651097793,0.871914245625,12.9893523635,349.2693543625,0,0,0,-19.6375624175,3.30399706796915e-05,0.0081649700510269,"24",5.50059801842857,1.00232140009454,6.30654733266964,4.76410607431634,0.00143018485714286,0.00286036971428571,560.9956927875,60.8240615149849,0.0897126330497382
469,0.00413611185006592,6.77286057142857,0.844074695571429,0.00572073942857143,473.602154228571,0,0,0,-22.0763789314286,0.000106058092686692,0.0259764640872104,"24",5.35568637995535,0.622982236049904,6.64962814442857,3.89909694233466,0,0,583.097600548215,24.8742430297444,0.0916750360641649
472,0.00436153596978988,4.518158742375,11.08285834625,0,604.185415825,0,0,0,-21.3400016975,0.000331482212410652,0.0790445649160834,"24",5.82807777711309,0.92925471725614,4.71444366147619,4.3400801181592,0.00190691314285714,0.00330287044904942,546.599118441667,65.6184545032674,0.0933175003635887
473,0.00443740619004013,4.59595056514286,9.53587160457143,0,590.161168214286,0,0,0,-19.5318864128571,0.000407352432660902,0.0962902968578714,"24",5.93069797334286,1.29553695350691,5.21962071526071,4.78848382827628,2.59901462058571,5.80837590381191,518.6504251025,108.352587975348,0.091751324624706
474,0.00451333152081306,4.846333386375,3.495672885,0,419.487577025,0,0,0,-17.49835924375,0.000483277763433832,0.113255859396896,"24",5.70824007197619,1.28049127509888,5.93899586347917,4.63127040045997,2.16584551715476,5.30241429397867,530.568882287798,101.215237918167,0.0904858930378
475,0.00458917169687374,4.99924132871429,3.12853760728571,0,145.701927315714,0,0,0,-15.4959316557143,0.000559117939494511,0.129919831397651,"24",6.09780336108259,1.83438842277223,5.01495202098438,4.32393957915231,4.90142396340178,9.73819441873349,475.528979668973,145.270268513146,0.0924559122223941
476,0.0046647564291123,4.99774746575,3.648660175,3.5235125e-05,-63.26190909875,0,0,0,-13.52683331625,0.000634702671733072,0.146255901981355,"24",5.97574091304167,1.75455163671417,4.8053504194623,4.0932618143585,4.35682130080159,9.25460454373506,438.8815294075,174.793707111128,0.091470019612519
477,0.00473987108653917,4.93047225414286,2.80560780557143,1.98410582114286,-224.826510757143,0,0,0,-11.4832708285714,0.000709817329159941,0.162230219518852,"24",6.4428739555989,1.81978642623789,5.85659482494918,4.86560554115658,3.01626361094917,7.84084746957193,402.346705004876,200.04133681961,0.0813789582191563
478,0.00481407782562812,4.459917878625,2.748537653375,17.594859098125,-307.7348577125,0,0,0,-9.404399196875,0.000784024068248891,0.177764786539543,"24",6.8976132660625,2.33866864403991,5.27193202160937,4.55325314509337,4.26240787176674,9.30266257309126,340.671915066384,246.220810231107,0.0829594035386086
479,0.00488653776323056,2.823284204,1.75716790071429,25.5881949728571,-181.723516328571,0,0,0,-7.72284424628571,0.000856484005851332,0.192704309321411,"24",6.9114200682437,2.36160185949927,6.05250181094012,5.66151117897603,5.04666970861134,9.57010673675682,289.390901233382,277.775374016275,0.0782661640461928
480,0.00495394058324481,1.520943494625,1.4976290205,23.0803079275,-90.72112996375,0,0,0,-6.759050783125,0.000923886825865581,0.206403617504934,"24",5.18202569135559,3.79211400990654,4.52541583020341,5.18851695494767,10.3710995007174,16.9991318713581,143.158171137197,290.875376338324,0.0699263857356286
481,0.00499200915684671,0.570084502,1.401549496,28.5574313466667,-45.2828624533333,0,0,0,-6.16374793966667,0.000961955399467481,0.214058745418442,"24",4.89248217195015,3.86134994142389,4.00801390873661,4.93444279811939,10.9006498518333,16.8266668137561,87.3816384454911,298.056324516663,0.0641072243972065
1,0.00559274859905705,8.49671428571429e-05,0,6.89418571428571e-05,145.4570526,0,0,0,-9.04634978042857,0.00136921208523222,0.2807980462778,"29",6.80639073830714,4.1650747022747,0.00055721176,0.0012459633732223,22.9318892833571,13.9837597529623,-308.049753600928,303.303614176689,0.271412173161858
2,0.00565540347106575,0.00680583275,0,7.22575111275,145.4065914875,0,0,0,-9.046056127375,0.00143186695724092,0.291938635154073,"29",4.25494090038839,4.72364911960101,0.00034825735,0.000985020535132228,24.8124070887589,16.9102114564971,-137.989738207723,328.106642621387,0.268086805926194
3,0.00571749113082701,0.00619387285714286,0,41.2717456671429,145.408406942857,0,0,0,-9.04616907085714,0.00149395461700218,0.302857275951421,"29",4.86190476146429,4.75323293193224,0.0003980084,0.00105303124611472,22.4610730061327,16.7932304332698,-178.475187514949,332.111871867474,0.269285787651202
4,0.00577859416868726,0.002573154375,0,42.37875206625,145.4080214875,0,0,0,-9.046056127375,0.00155505765486243,0.313487609775756,"29",4.25494090038839,4.72364911960101,0.00034825735,0.000985020535132228,24.8124070887589,16.9102114564971,-137.989738207723,328.106642621387,0.268086805926194
5,0.00583786005029906,0.00129467157142857,0,42.5679956842857,145.4654028,0,0,0,-9.046174485,0.00161432353647423,0.323691479854947,"29",5.6720064431131,4.64749870312196,0.000464343133333333,0.0011374037422318,19.1099192264405,15.6230970091932,-232.465285900774,328.43954762362,0.27109931072466
6,0.00589143254232766,0.031623712125,0.001087094125,33.22025574375,64.93758152125,0,0,0,-9.04508572,0.00166789602850283,0.3328263638603,"29",3.40489061902321,4.53496851915443,0.00027860588,0.000881029150315552,24.8103759889071,17.06052514353,-81.3103292686785,313.06371350718,0.265423243115523
7,0.00591014852671729,0.582037478285714,0.026932803,7.06947081657143,-239.810209871429,0,0,0,-8.93598492085714,0.00168661201289246,0.335998142226853,"29",3.09822999112338,4.42083630894571,0.000352104811363636,0.00087064008026436,25.5749105120747,16.3824604307162,-68.0150646514123,300.253900086392,0.262727118285732
8,0.00586638934148768,1.12012006225,6.484804339375,0.0717751765,-502.34680935,0,0,0,-8.543039464875,0.00164285282766285,0.328566520747946,"29",2.88854728172024,4.27722891817414,0.00256716299375,0.00771795936685529,24.0327905374494,16.5083003578918,-82.3313267530803,290.544653549047,0.259674158954852
9,0.00580910408974544,2.08446082385714,12.6482033371429,0.000454041285714286,-474.447528671429,0,0,0,-7.886799318,0.00158556757592061,0.318753537547508,"29",2.75251441868407,4.12440228008802,0.501200791946154,1.79786430243717,22.1896355096841,17.1457725085146,-114.640210029766,301.582068319829,0.256678838876892
10,0.00574873304859143,3.766845655875,12.144110955,0.047149975375,-227.949252895,0,0,0,-6.6427071105,0.0015251965347666,0.308306671331048,"29",2.70479630476786,3.96661789053795,1.36884383088878,3.67735483142218,20.604693976227,17.5080671469769,-140.340732789885,305.291159582617,0.247274244644956
11,0.00568707715969419,5.46165260242857,13.5388920428571,0.0280250247142857,96.2217952542857,0,0,0,-4.73795828757143,0.00146354064586936,0.297523616329094,"29",3.87432375164087,4.42139608580408,2.52102109768829,4.99871395146546,19.4317382795367,17.1667439188402,-66.5547934881845,348.928498810493,0.246261923742633
12,0.00562466336795138,7.127630556375,16.0493356225,0.00045649,231.2843939875,0,0,0,-2.055336549,0.00140112685412655,0.286488281161309,"29",3.82178164197718,4.39637716676419,4.28043766881647,6.51470788163709,16.8145550181458,18.0524657856129,34.3181761549702,326.292601514465,0.239725871838335
13,0.00556178869111518,9.05023102014286,20.4659741457143,0.000155041142857143,116.145475214286,0,0,0,1.58952328042857,0.00133825217729035,0.275246944321151,"29",4.85851387494218,4.94921189815783,5.36351138092092,7.37019361066281,16.0414336327628,17.8270965169508,89.375785476369,302.854530773343,0.236598269514956
14,0.00549858269049742,11.01293363875,19.99723186375,0.025453864125,37.12269957875,0,0,0,6.094393111125,0.00127504617667259,0.263817547359986,"29",8.33396990515477,4.06042121574069,10.1352352028619,8.1410752428309,11.2772289490619,16.3933593179711,117.155591223054,341.741732082692,0.219466693855646
15,0.00543514846798711,13.0930726314286,19.3705356485714,0.0380866892857143,-2.387975288,0,0,0,11.4823992088571,0.00121161195416228,0.252214018396121,"29",12.2292356233653,2.9067263634591,10.3100410983864,9.93364321491686,16.1531797510974,18.6029639738196,124.737990829557,139.633504080052,0.213978955006764
16,0.00537153655369167,15.1301122675,18.907725645,0.022688797875,-9.215451487,0,0,0,17.83527412625,0.00114800003986684,0.240441185616356,"29",14.8924764981072,2.41192371972069,9.72324128007143,10.2640984845045,18.0536779434536,19.2432250996598,34.3898677411125,68.5147009144862,0.201891344231468
17,0.00530779573573707,16.9977834371429,20.61334742,1.51285714285714e-05,-9.46724232885714,0,0,0,25.06808618,0.00108425922191224,0.228503815009634,"29",16.9980835106378,2.19719892229362,11.4103561309949,10.6970315630508,14.6001017981658,18.3622813758809,-0.192576291775514,34.678501306906,0.19248791854269
18,0.00524395169984307,18.76717598125,19.76269316125,1.55e-06,-9.682899753875,0,0,0,33.14851711,0.00102041518601824,0.216402537152725,"29",19.3047265572143,1.57287532792578,8.34086377342858,11.4224463886611,19.1910536813214,17.5316568256435,1.53900350722857,35.952865302001,0.193915621117745
19,0.00518003233220999,20.4155705471429,20.7585895114286,0,-2.695410263,0,0,0,42.0021688785714,0.000956495818385156,0.204138480076533,"29",21.2117594235714,1.59877176587174,8.164661357,11.1893365735212,18.9765699921071,17.324746343158,-3.16116865170357,19.0097516563808,0.183059023968689
20,0.00511605393022404,21.91471560625,20.91968825875,0,-0.052567383375,0,0,0,51.574717105,0.000892517416399207,0.191710607470107,"29",22.6605967878572,1.59836106736639,10.3191532196429,11.9159365098,15.2919798721428,17.6679397723744,-1.79176460007143,4.75906971870531,0.16236370326711
21,0.00505203508449689,23.4665823271429,23.7163698257143,0,-0.000439990571428571,0,0,0,61.8108214957143,0.000828498570672057,0.179118331713235,"29",24.1355719528125,1.53709109134476,10.395964595,12.004679146084,8.230978245125,11.4634881639459,1.09178520815625,2.31896864719536,0.152561711071932
22,0.00498798887447164,25.26095154875,22.070047935,0,0.751116018125,0,0,0,72.821910445,0.000764452360646806,0.166359980185031,"29",25.2745385496429,1.22290675503431,10.5064114888571,12.324929963848,1.87545032260714,3.75090064521428,1.94862419175,2.30243385728011,0.137022706772238
23,0.00492392995767571,26.6196423385714,17.0399405928571,0,2.993321909,0,0,0,84.56266031,0.000700393443850877,0.153434166630364,"29",26.34140765375,0.752111939285069,11.8208708518438,10.1521209007336,0.027566757,0.055133514,2.62579487675,2.1575151676375,0.129770001188779
24,0.00485987186415072,27.08084317375,5.36535174075,0,1.4129923865,0,0,0,96.73351336625,0.000636335350325886,0.140339255520758,"29",27.3190389407143,0.524257582076725,9.05570202528571,9.7610912868621,0,0,4.12339212114286,0.75339478004785,0.122520932228762
25,0.0047958289555913,26.7138707385714,11.7063801161429,0,0.237652693285714,0,0,0,108.901875242857,0.000572292441766467,0.127073756189298,"29",27.9956349459375,0.634075124526654,5.881947901125,8.16442695977514,0,0,3.28282798609375,1.35456659768611,0.120288543974779
26,0.00473181910608642,26.6764161375,16.10745530375,0,1.497108046625,1,1,0,120.93359675,0.000508282592261587,0.113636901506914,"29",28.2768600864285,1.05956853291807,7.76796522582145,4.09067009469076,0,0,2.68148777107143,1.77635580800103,0.111244820403796
27,0.00466786080872704,27.2099872357143,19.8558907942857,0,1.49905574157143,1,1,0,133.079518428571,0.000444324294902206,0.100028080001302,"29",28.5108921064643,1.03342361957555,9.01808739143571,5.25399587656132,0,0,2.99677768198571,1.06066291499285,0.100604732270319
28,0.00460398351577599,27.89892281,15.489058955,0,1.4990370255,1,1,0,145.543965575,0.000380447001951157,0.0862490949403334,"29",28.91805545025,0.980871804576269,10.0513684843321,7.89140206613458,0,0,2.99800369645714,1.05999250331645,0.088156016482376
29,0.00454021943708411,28.2876035085714,12.7917822707143,0,1.49905574157143,1,1,0,158.234469457143,0.000316682923259277,0.0723025298504023,"29",29.3616280907857,0.827151052536257,10.1685456959679,5.10401519519575,0,0,3.06755592201429,1.07182789622313,0.0753362283496899
30,0.00447662952664428,28.43186179625,7.563067484125,0,1.4990370255,1,1,0,171.062369175,0.000253093012819446,0.0581976105947444,"29",29.5354436856696,0.842904257531919,11.0522539107589,1.87475483949434,0,0,2.78689286677678,1.39971553528097,0.0647906411426039
31,0.00441329183962089,28.0913384757143,5.35856557957143,0,1.49905574157143,1,1,0,183.850749571429,0.000189755325796057,0.043948045337129,"29",29.7797049292857,0.778823667407543,10.1210163767893,2.36891488070013,0,0,2.75801750963214,1.59123092643806,0.0583123256773114
32,0.00435038044036631,27.7565561075,15.2595894125,0,1.4990370255,1,1,0,196.43630105,0.000126843926541477,0.0295904845987138,"29",29.6331714549553,1.05067148013825,9.87722387182143,3.36814009874614,0,0,2.99828205301786,1.73082284927943,0.0633330830786552
33,0.00428820237053733,28.0465444071429,14.6785855671429,0,1.49905574157143,1,1,0,209.026346928571,6.46658567124963e-05,0.015194803376585,"29",29.6745986919196,1.32263115331461,11.2084265222678,3.46557278543398,0,0,2.99809276723661,1.73094966648353,0.0634715129769361
34,0.00422777176727181,28.39509474625,11.77257518875,0,1.4990370255,1,1,0,221.7870866625,4.23525344697695e-06,0.0010022717336593,"29",29.8038044453572,1.08953388029443,11.6466225621893,3.44230195875954,0,0,3.29777677838929,1.64200870692801,0.0520702453076368
35,0.00417440456314616,28.4123624642857,9.33785169285714,0,1.49905574157143,1,1,0,234.627051242857,-4.91319506786729e-05,-0.0117010847381804,"29",29.8297183108572,0.9642314074566,11.8564822123357,1.1985197682339,0,0,3.237814191875,1.59200247112807,0.0512804571396893
36,0.00416018704340973,28.267516105,9.106451250125,0,1.4990370255,1,1,0,247.429472275,-6.33494704151034e-05,-0.0151127775617743,"29",29.8465986341964,1.10374032252419,10.7824456089018,2.5203208043245,0,0,2.62478896111161,1.43572831897549,0.0491334646465388
37,0.0041649238573736,28.1629135185714,13.6538053828571,0,1.49905574157143,1,1,0,260.168412757143,-5.86126564512332e-05,-0.0139748193008726,"29",29.9178849019643,1.26095571331535,6.87861681631696,5.42019947213768,0,0,2.62334286880357,1.43524149023956,0.048692623305902
38,0.00416724686887203,28.31676946875,13.68804545125,0,1.4990370255,1,1,0,272.9125568875,-5.62896449528031e-05,-0.0134172187477439,"29",29.8878480246428,1.29529549726881,8.31764208408928,6.28387042005846,0,0,2.62331947373661,1.43521379685475,0.0493981432514635
39,0.00418724959211292,28.6398528057143,13.1992917042857,0,1.49905574157143,1,1,0,285.771545985714,-3.62869217119133e-05,-0.0086287168728818,"29",29.8155118846875,1.11175908447855,10.1080112331696,4.10405444947853,0,0,2.62350224244643,1.43529701184448,0.051237332387549
40,0.00423155947153904,28.93810260125,11.61713357875,0,1.4990370255,1,1,0,298.7829700375,8.02295771420644e-06,0.00189778092318615,"29",29.8316719729911,0.919574695469573,11.9383081441027,1.01547537170888,0,0,2.81616442551786,1.54961740011679,0.0529863237681638
41,0.00427871980629929,29.05619754,10.6428061714286,0,1.49905574157143,1,1,0,311.890219085714,5.51832924744564e-05,0.0129810403252666,"29",29.8888995774554,0.803173183437217,11.5923352030089,1.19220746134183,0,0,2.99838198298214,1.7312836822265,0.0567021602197742
42,0.00429745182351174,29.07844914875,12.69634110375,0,1.4990370255,1,1,0,325.0163558625,7.39153096869062e-05,0.0173494339098497,"29",29.922231153125,0.722092836387747,11.8801817994196,1.0554970333682,0,0,2.99807873020536,1.73093345776421,0.0502872230607598
43,0.00426981049083494,29.1676857242857,13.2047965928571,0,1.49905574157143,1,1,0,338.1698143,4.62739770101068e-05,0.0108966309187428,"29",30.0388565943303,0.700944747077171,10.2570506348304,3.42357169440392,0.000257063714285715,0.00051412742857143,2.99810680426786,1.7309658748993,0.0411285425895316
44,0.0042149207398848,29.3463369125,14.85052039625,0,1.4990370255,1,1,0,351.3773533875,-8.6157739400336e-06,-0.00204202651519836,"29",30.1662264910714,0.688945108396052,9.49701072183928,6.46789363339889,0.12105347553125,0.2421069510625,2.99807873020536,1.73093345776421,0.0327196205566001
45,0.0041558435830119,29.6533332042857,13.9752782542857,0,1.49905574157143,1,1,0,364.697405571429,-6.76929308129331e-05,-0.0161573770548378,"29",30.3187269677857,0.660351016733911,10.6860862330214,6.14247137658623,0.0010780926,0.00241068833963949,3.29790765878929,1.64212816397147,0.0246740923660386
46,0.00409631106966794,29.98720803375,17.2670658925,0,1.4990370255,1,1,0,378.156454875,-0.000127225444156893,-0.0305859832107505,"29",30.4963981844345,0.734355170182641,10.6044370381012,5.43382869985409,0,0,2.99808964789881,1.6421162042064,0.0159787970522479
47,0.004038734530156,30.5449036071429,18.0885326757143,0,1.49905574157143,1,1,0,391.8228177,-0.000184801983668833,-0.0447414046646344,"29",30.6432353506845,0.870218864028144,10.5633213769107,5.90010879833787,0,0,2.99809588657441,1.64212987247611,0.00818510906108393
48,0.00399817214771811,30.9871908125,14.35865295625,0,1.4990370255,1,1,0,405.7308091625,-0.000225364366106724,-0.054835518598253,"29",30.9352522757143,0.73267324973284,11.2030938154509,6.13551078961345,0,0,2.99808340922322,1.73092805488291,0.0170962369308078
49,0.00399331454517003,31.1792343057143,11.2896533677143,0,1.49905574157143,1,1,0,419.777089371429,-0.000230221968654803,-0.0560512130519752,"29",31.0517865604018,0.50079043066448,12.0615850840402,3.73974963092364,0,0,2.99810212525,1.73097127774687,0.0153489720229592
50,0.0040010413162988,31.16762448125,0.10033301775,0,1.4990370255,1,1,0,433.866560725,-0.000222495197526033,-0.0541181559113086,"29",31.0704681455803,0.419625904886501,11.7530968114286,2.74994369274042,0,0,2.99808340922322,1.73092805488291,0.0165449813995582
51,0.00400987142648838,30.8500653714286,3.18099468271429,0,1.49905574157143,1,1,0,447.879220585714,-0.000213665087336453,-0.0519136346966169,"29",31.0838434832143,0.413675766125776,8.85502334028124,6.72157862466509,0,0,2.99810212525,1.73097127774687,0.0185583672737806
52,0.00402451336934528,30.59186137875,12.68137387125,0,1.4990370255,1,1,0,461.7379536875,-0.000199023144479554,-0.0482688108366638,"29",31.0140282316964,0.487598662249313,9.990472554375,4.60357780893784,0,0,2.99808340922322,1.73092805488291,0.00868290687919387
53,0.00405451814248843,30.6229482528571,9.70479444914286,0,1.49905574157143,1,1,0,475.569579485714,-0.000169018371336403,-0.0408409625084181,"29",30.9051377512946,0.674563257223275,13.2598324083482,0.515853532094053,0,0,2.99810212525,1.73097127774687,0.00762792163030617
54,0.00408368848888642,30.565385395,9.980131782,0,1.4990370255,1,1,0,489.387890275,-0.000139848024938413,-0.0336721913214912,"29",30.8579348071429,0.846169960062361,10.1405960746562,5.21327979273187,0.000779798607142858,0.00155959721428572,2.99808340922322,1.73092805488291,0.00340259164450914
55,0.00409889768020777,30.5335702242857,13.5310089514286,0,1.49905574157143,1,1,0,503.1841465,-0.000124638833617063,-0.0299547337474255,"29",30.6730840865625,0.747794965364233,9.59901032720535,6.70227558535173,2.35588105659375,4.7117621131875,2.99810212525,1.73097127774687,0.00459120360423286
56,0.00409548328928095,30.67849873125,10.673702926375,0,1.4990370255,1,1,0,517.0005012,-0.000128053224543883,-0.0307880831007932,"29",30.3973422811161,0.361241840425336,9.0877829218259,6.70357104533655,4.16767119607143,8.33534239214285,2.99808340922322,1.73092805488291,-0.00360257762445624
57,0.00407182557125682,30.7101967128571,10.8364244141429,0,1.49905574157143,1,1,0,530.880304914286,-0.000151710942568013,-0.0365813704652806,"29",30.1799287508036,0.438243351593992,8.02169095511607,6.10858486731292,0.9226648201875,1.845329640375,2.99810212525,1.73097127774687,-0.0123839921379705
58,0.00404118766996711,30.66492553875,11.071919202875,0,1.4990370255,1,1,0,544.7297496375,-0.000182348843857723,-0.0441341859897495,"29",30.0080083468304,0.679376035774247,11.4176533746964,1.07985521265168,0.00210187053571429,0.00420374107142857,2.99808340922322,1.73092805488291,-0.0212711060292169
59,0.0040340044740642,30.7062506828571,13.08233221,0,1.49905574157143,1,1,0,558.594941157143,-0.000189532039760633,-0.0459132638101947,"29",30.0225604495089,0.607391766092744,9.44306265087946,1.57461031141331,0.00107613315625,0.0021522663125,2.99810212525,1.73097127774687,-0.0291153020061997
60,0.00406010396081054,30.8889109625,11.26774820075,0,1.4990370255,1,1,0,572.4991057125,-0.000163432553014293,-0.0394642331929669,"29",30.0038058829464,0.647729148019295,11.3437497461161,1.2135087459958,1.77906071428571e-05,3.55812142857143e-05,2.99808340922322,1.73092805488291,-0.0346881105802503
61,0.00408655526795001,30.9701938828571,9.81423034071429,0,1.49905574157143,1,1,0,586.485147257143,-0.000136981245874824,-0.0329704303468166,"29",30.0041719346071,0.630804332014395,12.7396500488214,2.11709373117629,0,0,2.69829284851429,1.64214012354989,-0.0448969797851234
62,0.00409374488470563,30.90528447125,12.20800894775,0,1.4990370255,1,1,0,600.4509351625,-0.000129791629119204,-0.0312126419290593,"29",30.2317528236428,0.574460474205898,11.162466410925,3.04259613382424,0,0,2.69827413247857,1.64210595288376,-0.0475264007135055
63,0.00408377376364533,30.9552242342857,12.3742304957143,0,1.49905574157143,1,1,0,614.419165314286,-0.000139762750179503,-0.0336513097418312,"29",30.3488350511786,0.461998545272581,11.8976744786143,0.578642853584815,0,0,2.69829284851429,1.64214012354989,-0.0522433585691919
64,0.00408017388159635,31.2169398075,13.365977175,0,1.4990370255,1,1,0,628.451575175,-0.000143362632228483,-0.0345332071646309,"29",30.3450672701339,0.611440670291199,12.8159856423661,0.741535310967484,0,0,2.99807873020536,1.73093345776421,-0.0515935393966502
65,0.00410291715237631,31.41642861,10.4827666354286,0,1.49905574157143,1,1,0,642.612316428571,-0.000120619361448524,-0.0289745915534461,"29",30.3995152050893,0.76879280586709,12.0059371834643,1.48654247125099,0,0,2.99810680426786,1.7309658748993,-0.0496656458665423
66,0.00413125337894764,31.463545245,9.760023732,0,1.4990370255,1,1,0,656.80252535,-9.2283134877193e-05,-0.0220919704968248,"29",30.4040975965625,0.858896687191694,9.7231763775759,3.99649393248817,0,0,2.99807873020536,1.73093345776421,-0.048619526016604
67,0.00414096807262662,31.3889433557143,0.0250478011428571,0,1.49905574157143,1,1,0,671.0216556,-8.25684411982133e-05,-0.0197432186006115,"29",30.2106699868929,0.771184133756547,10.7434651151,3.61455713239837,0,0,3.29790765878929,1.64212816397147,-0.0462813464967477
68,0.00412065002841776,31.03795326375,1.705377776625,0,1.4990370255,1,1,0,685.113905425,-0.000102886485407073,-0.024661888147393,"29",30.2080757212143,0.781654423775464,9.92418225320715,6.41081166162184,0,0,3.29869973151429,1.6428520310076,-0.0472018511275575
69,0.00409037717608599,30.73082503,6.28929971814286,0,1.49905574157143,1,1,0,699.071982714286,-0.000133159337738844,-0.0320356278773151,"29",30.1898148170357,0.765898947904459,10.6776978475679,5.22919601712821,0,0,3.11004140610357,1.51980345757121,-0.0483575159917376
70,0.0040635081152748,30.46485304625,2.22946941975,0,1.4990370255,1,1,0,712.8844651125,-0.000160028398550034,-0.0386261442867459,"29",30.3902814839286,0.850274069008569,8.38761079486606,5.89347731870541,0,0,2.62191613683036,1.43606744459637,-0.0529023900261274
71,0.00404259186106296,30.14539209,0.105190996285714,0,1.49905574157143,1,1,0,726.583521314286,-0.000180944652761873,-0.0437867764470123,"29",30.5028588044196,0.967548061698828,7.25391241966518,7.34614534681817,0,0,2.98444755234375,1.22426253580774,-0.0581705674320719
72,0.00403887279239697,29.78669056875,0.308325107875,0,1.4990370255,1,1,0,740.11256525,-0.000184663721427863,-0.044707171201174,"29",30.6199477711607,1.11343719529073,5.62800114265625,6.07273149528856,0,0,3.37725008701786,1.43983827131282,-0.0604295420062274
73,0.00406145752259659,29.40294157,7.14480717485714,0,1.49905574157143,1,1,0,753.4953696,-0.000162078991228243,-0.0391309076944122,"29",30.7230276860714,1.12294310000189,3.53703764719197,4.37761273735683,0,0,3.37724072900446,1.43982856650438,-0.0640022182501284
74,0.0040886545141699,29.14845822375,12.88505751625,0,1.4990370255,1,1,0,766.687544675,-0.000134881999654933,-0.0324568664700182,"29",30.7083351161161,1.19230961416268,6.25255815224553,4.93153633950921,0,0,3.02812563525,1.22544623384567,-0.0610528631170772
75,0.00409594397922718,29.2790101728571,9.81546464028571,0,1.49905574157143,1,1,0,779.8897813,-0.000127592534597654,-0.030675602108075,"29",30.5715853561161,1.16154480736973,8.75585682884823,6.05682272313125,0.0100680830625,0.020136166125,2.99787321275446,1.22395868063992,-0.0519177508385662
76,0.00408122998909658,29.2128822075,9.60134492,0,1.4990370255,1,1,0,793.0972263125,-0.000142306524728253,-0.0342744018176644,"29",30.3961800754643,0.848755282166677,8.59611982849286,4.97519527265759,2.24021846245714,5.00928076650423,3.29790391551786,1.25418883191456,-0.0482556731209408
77,0.00405708533141244,29.1806536014286,11.57524099,0,1.49905574157143,1,1,0,806.279929642857,-0.000166451182412393,-0.0402079954373118,"29",30.2808426075357,0.748316700164747,8.78782071502858,5.03477043099743,3.23208083025,7.22715244521296,3.29790017230357,1.25419554290977,-0.0442969123784013
78,0.00404510664602228,29.3376262175,12.9990592425,0,1.4990370255,1,1,0,819.4815533875,-0.000178429867802554,-0.0431648974350844,"29",30.2581755409286,0.679725354793215,7.07083236472143,6.29601626159813,3.56065330514286,7.96186283460874,3.29790391551786,1.25418883191456,-0.0381888990123083
79,0.00404669615400637,29.6268340228571,13.6803021571429,0,1.49905574157143,1,1,0,832.797346028571,-0.000176840359818463,-0.0427720287494457,"29",30.2321968023661,0.746544465577996,6.43247721429911,7.08657381388789,0.19926733578125,0.3985346715625,2.99809744616072,1.22398152864128,-0.02986932533774
80,0.00406431986414921,30.02203193,13.1286681725,0,1.4990370255,1,1,0,846.2622507875,-0.000159216649675623,-0.0384263987066991,"29",30.2793986058482,0.858075844928137,10.5358812947857,2.39392348077836,0.000184587107142857,0.000369174214285714,2.99808808814732,1.22395096546107,-0.0238488733698794
81,0.004080338765644,30.3625459628571,12.6866443885714,0,1.49905574157143,1,1,0,859.902365157143,-0.000143197748180834,-0.0344927969475872,"29",30.4216025908929,0.85194775369995,11.3392588288214,3.24940308681997,0.00176036415625,0.0035207283125,2.99809744616072,1.22398152864128,-0.0204707394049309
82,0.00409113266423002,30.57071744,8.37540549275,0,1.4990370255,1,1,0,873.6647376375,-0.000132403849594813,-0.0318509460416996,"29",30.64864250775,0.61380937998166,12.2056109184929,1.17528343266577,0.00442753385714286,0.00990026667725328,2.99809276714643,1.05997262912741,-0.0178673425333101
83,0.0040974772186425,30.4722504257143,0.481936657428571,0,1.49905574157143,1,1,0,887.477359314286,-0.000126059295182333,-0.0303013410127981,"29",30.5499476424643,0.42608628179079,12.3829554544,3.26546604474084,3.8776575e-05,8.67070576346189e-05,2.99809276712857,1.05999909761789,-0.0153985419419363
84,0.00409631947905701,30.1549212775,11.97107592,0,1.4990370255,1,1,0,901.1521881,-0.000127217034767823,-0.0305839302953128,"29",30.3766466297857,0.308676582615246,10.7577637217286,6.31550171358916,0,0,2.99809276714643,1.05997262912741,-0.0138281022484773
85,0.00409013123489817,30.1727536314286,12.6377709214286,0,1.49905574157143,1,1,0,914.775001714286,-0.000133405278926664,-0.0320957564584559,"29",30.2035585107857,0.257054609649725,12.5998334983571,0.69719560860964,0,0,2.99809276712857,1.05999909761789,-0.0126980897559368
86,0.00407617176942406,30.32621791375,10.629093260875,0,1.4990370255,1,1,0,928.4329463875,-0.000147364744400773,-0.0355145565499013,"29",30.1443104505714,0.205555534228889,11.6286198145893,0.794207380988519,0,0,2.99809276714643,1.05997262912741,-0.0120007034169837
87,0.00405271593583695,30.3419446585714,12.3116071614286,0,1.49905574157143,1,1,0,942.143092214286,-0.000170820577987884,-0.0412855547378506,"29",30.1350737477857,0.162380263750134,11.0638082064928,2.78830744415065,0,0,2.99809276712857,1.05999909761789,-0.00979850509119874
88,0.00404463241460139,30.34838672375,9.74439735625,0,1.4990370255,1,1,0,955.8394627875,-0.000178904099223443,-0.0432821401313337,"29",30.2107007146786,0.232228496147275,9.46989749379643,2.90210067643693,0,0,2.99809276714643,1.05997262912741,-0.00786224829868248
89,0.00406906955141521,30.23054493,6.997119302,0,1.49905574157143,1,1,0,969.538597842857,-0.000154466962409623,-0.0372584507709863,"29",30.3505549588929,0.288449889702373,7.88292599242857,3.25205462110021,0,0,2.99809276712857,1.05999909761789,-0.00685995316221678
90,0.00410852416593186,30.04155334875,9.38318035425,0,1.4990370255,1,1,0,983.1308276,-0.000115012347892973,-0.027608932572746,"29",30.4395431986429,0.281109575896238,7.44782774760715,3.54283445043172,0,0,2.99809276714643,1.05997262912741,-0.00990326589147621
91,0.00414011761177746,29.88856995,4.81428348128571,0,1.49905574157143,1,1,0,996.683169357143,-8.34189020473735e-05,-0.0199486169901517,"29",30.3886942251071,0.34291038195368,9.28322279521429,3.99291818268373,0,0,2.99809276712857,1.05999909761789,-0.0139613308149202
92,0.00413665756561541,29.59585770375,9.610408708125,0,1.4990370255,1,1,0,1010.0986845,-8.68789482094236e-05,-0.0207847025925378,"29",30.2903168516072,0.423296995873332,9.6697520056875,4.05687028947042,0,0,2.99809744618304,1.22395096546107,-0.0173752558809528
93,0.00410792869481065,29.4564085357143,9.18072995571429,0,1.49905574157143,1,1,0,1023.44123971429,-0.000115607819014183,-0.0277538786018541,"29",30.2223025702678,0.62573285153004,9.32708493322768,6.45877964186459,0,0,2.998088088125,1.22398152864128,-0.0180818279453513
94,0.00407599181076749,29.321846515,8.780155983375,0,1.4990370255,1,1,0,1036.707309625,-0.000147544703057344,-0.0355587064618632,"29",30.2229071732589,0.857436278876115,8.87812093757142,6.33662752603248,0,0,2.99809744618304,1.22395096546107,-0.0238327660640096
95,0.00404938434016064,29.24083713,14.3593222271429,0,1.49905574157143,1,1,0,1049.93340942857,-0.000174152173664194,-0.0421079577366665,"29",30.2970284129018,1.02915748593236,7.42790420179464,5.26928231783976,0,0,2.998088088125,1.22398152864128,-0.0297057177244232
96,0.00404469300129318,29.44772291375,16.0200847575,0,1.4990370255,1,1,0,1063.1728285,-0.000178843512531653,-0.0432671607140946,"29",30.3773587761161,1.02260015208073,9.17389317536608,6.10444921985925,0,0,2.99809744618304,1.22395096546107,-0.0346219856153715
97,0.00406050778568603,29.7556435971429,15.3741686714286,0,1.49905574157143,1,1,0,1076.55186242857,-0.000163028728138804,-0.0393647764331853,"29",30.4780188898214,0.845332218950822,10.0193619580893,6.92962785245948,0,0,2.998088088125,1.22398152864128,-0.0381167009066194
98,0.00408084185677098,30.1337861775,14.94832178625,0,1.4990370255,1,1,0,1090.0605795,-0.000142694657053854,-0.0343695081396156,"29",30.5481790749554,0.648982249380047,9.94128878448215,5.27567326076082,0,0,2.99797207079018,1.22395098922955,-0.0378896713292386
99,0.0040958875154747,30.3567467185714,12.3503181714286,0,1.49905574157143,1,1,0,1103.74801885714,-0.000127648998350134,-0.0306893874871177,"29",30.5802164379911,0.60053054326073,9.3332517705,6.76016456266516,0,0,3.0865259314375,1.23669417421579,-0.0350860681849521
100,0.00409804385808555,30.2973843375,10.6745548545,0,1.4990370255,1,1,0,1117.436054875,-0.000125492655739284,-0.0301630607436563,"29",30.5754505278125,0.721369034495161,8.78825957687054,4.00815957200611,0,0,3.37226484789732,1.43459922963511,-0.0318786849670162
101,0.00408829405621427,30.14273346,12.5550635185714,0,1.49905574157143,1,1,0,1131.09700257143,-0.000135242457610563,-0.0325450308858626,"29",30.3916698042857,0.702455520312545,10.4569304786741,4.13330392959776,0,0,3.37273750340625,1.4351186347949,-0.0308166535201397
102,0.00407297261187817,30.12679845,10.983388315875,0,1.4990370255,1,1,0,1144.691826875,-0.000150563901946663,-0.0362997083356671,"29",30.1642655019643,0.708748236996569,12.5855003139732,2.20696316258172,0,0,3.29774454800447,1.36279885703328,-0.0275646969074386
103,0.00404757533200889,29.9969148528571,6.61570068085714,0,1.49905574157143,1,1,0,1158.2926,-0.000175961181815943,-0.0425547941321556,"29",30.0649479932589,0.745578708993498,10.452407926567,1.55697705886377,0,0,2.9995467805625,1.22398498315432,-0.0233719251923572
104,0.00401062361302029,29.74881828875,8.746591841125,0,1.4990370255,1,1,0,1171.7746675,-0.000212912900804543,-0.0517260685896241,"29",29.9039754920536,0.737946198583801,9.31440193341517,2.35842210135921,0,0,2.99652687993304,1.22395497211997,-0.0178982012380108
105,0.00399544206945769,29.5097054928571,4.91445267328571,0,1.49905574157143,1,1,0,1185.17430485714,-0.000228094444367144,-0.0555185834107625,"29",29.6213687144643,0.697889171243621,10.359591063683,4.95716724862415,0,0,3.33329695115625,1.39555657793726,-0.0107269685750793
106,0.0040196082211053,29.00046174875,2.084038951125,0,1.4990370255,1,1,0,1198.384246,-0.000203928292719533,-0.0494883718964596,"29",29.3538045278125,0.845422366666122,9.05098318225,4.45175171139615,0,0,3.3712471293259,1.43353851628427,-0.00201489262141594
107,0.00406515533016111,28.4882055514286,12.4021463128571,0,1.49905574157143,1,1,0,1211.36973728571,-0.000158381183663723,-0.0382208587488746,"29",29.1440371624553,1.02098375195069,6.87701503502678,4.30346110251326,0,0,3.07577589221875,1.23380284245048,0.00565616987252309
108,0.00411317620072396,28.42495336625,12.47960757125,0,1.4990370255,1,1,0,1224.202944625,-0.000110360313100874,-0.0264772846245283,"29",28.8060636287054,0.980847272017423,13.1838943920536,1.52291456836353,0,0,2.99793084654018,1.22395100826737,0.0125634538343307
109,0.00415544015028206,28.4280721642857,6.228638811,0,1.50127228457143,0.571428571428571,0.571428571428571,0,1237.06547942857,-6.80963635427733e-05,-0.0162544577786816,"29",28.3240317391071,0.70917036655798,13.1105502943321,4.34427662826676,0,0,2.99327940111786,1.17341390230054,0.0219690705412553
110,0.00420017658036929,28.02592264875,9.529726229875,0,2.36211443225,0,0,0,1249.80365775,-2.33599334555435e-05,-0.00554624606052379,"29",28.0890169642857,0.560325809982391,10.5723824650571,4.23864716009998,0,0,3.15414530083929,2.00745547846621,0.0341484539991
111,0.00425393160937869,27.6857888171429,3.62741239071429,0,2.99777918257143,0,0,0,1262.40247742857,3.03950955538564e-05,0.00717082615700892,"29",27.9308970766071,0.475743366823576,9.13702431491071,4.62342917593641,0,0,2.6615986909,1.25772985733379,0.0468906779173839
112,0.00431494855134676,26.9964900875,0.01678602575,0.00043772625,1.8527883985,0,0,0,1274.752731875,9.14120375219265e-05,0.0214125872094133,"29",27.7671197528214,0.512156251181509,8.89300544074286,7.12511034725541,0.000444908175,0.000994844923045372,2.39821608388214,0.820837039063856,0.0672557476765256
113,0.00437763802463248,25.9922718485714,0,1.19264626442857,1.49855424,0,0,0,1286.74287771429,0.000154101510807646,0.0358365007745176,"29",27.4480037329762,0.771720330367196,8.55296778274999,9.93216600711822,0.578336174806548,1.41532455189077,2.55551770528869,1.16829726995327,0.0797987347998508
114,0.00444075989786766,24.97599752375,0,1.661849802875,1.499990701875,0,0,0,1298.23288925,0.000217223384042827,0.0501526952673581,"29",26.5389813211786,1.20469660595916,12.8003406629643,11.7371014624748,0.932000209228572,1.50846215931341,3.21876385647857,1.82124893096037,0.0896389013961755
115,0.00450405271701499,23.9512297771429,0,17.8607612712857,1.44052884957143,0,0,0,1309.30230171429,0.000280516203190156,0.0643047802396906,"29",25.1687031345357,1.30638783321585,13.45543713075,12.2912435431437,4.566767229575,9.3104502564938,4.12273204445357,2.62572651702847,0.100403503372906
116,0.00456741486758163,22.52491417125,0,37.6131129225,-5.467018497,0,0,0,1319.826443125,0.000343878353756797,0.078274555036705,"29",23.5244985417857,1.46816610949776,13.6680913664643,12.5080965354228,8.75202801997142,12.3166010386783,0.647326287135714,4.62644661414277,0.119711690042496
117,0.00463077527249713,19.7626569485714,0,40.3990916171429,-31.0671668428571,0,0,0,1329.41369885714,0.000407238758672297,0.0920514839194562,"29",21.5308355719643,1.40241705497373,15.42020617,11.9876840776737,11.5590137791667,18.0031698723756,-12.2162353936875,11.1384856928913,0.13857397475279
118,0.00469407390354768,17.40092203375,0,35.44493068625,-44.30489859125,0,0,0,1337.686168625,0.000470537389722847,0.105628025646824,"29",19.1669799903274,1.31458755228769,15.0543609923809,11.7091028149119,12.6355134140476,19.6382281051675,-35.5061947374702,10.0026799740838,0.146483090776249
119,0.00475725365683475,15.4261363742857,0,38.6198360057143,8.743744731,0,0,0,1344.95946457143,0.000533717143009917,0.118997722687245,"29",17.3913068046429,1.79960595443329,12.375057234898,11.5890189865783,15.1758442168316,18.927562612684,-42.8921936342602,10.0091388168269,0.151473383142567
120,0.00482023189078846,12.4956294875,0,40.70820461875,180.97337965,0,0,0,1351.125676,0.000596695376963626,0.132149220553572,"29",15.6831145390079,1.7216540226575,11.4406082589881,10.8790482672105,16.5840329720734,19.7021723618467,-11.6010672538849,47.7898636948377,0.155687057054467
121,0.00488291370873249,9.88449203928571,0,34.20175778,361.544457957143,0,0,0,1356.12056828571,0.000659377194907657,0.145069296410303,"29",12.8704268998464,2.0621665411608,11.8127934775714,10.1828857123992,16.0571607330179,20.5257225769853,123.307086275432,132.835664618153,0.154506173372823
122,0.00494511173330603,8.5768779045,0.01940644225,23.059698357875,518.6111529375,0,0,0,1359.457950125,0.000721575219481197,0.157726743030238,"29",11.6689375178765,2.4817011127231,9.51612830792262,9.96123467242223,19.0284718718095,19.7173722532835,219.190505992027,189.463623691281,0.150854685546716
123,0.00500654538774363,7.66198488671429,5.40478019328571,1.20035627842857,620.614680585714,0,0,0,1360.57661557143,0.000783008873918797,0.170073316642054,"29",10.6525917949987,2.42210280897545,9.67618929970153,9.70371063153748,15.6653103378571,18.1045074903782,304.056332284702,209.330242981333,0.15638141020843
124,0.00506647042859036,7.580759123625,17.1548212925,0.68666866025,600.98548155,0,0,0,1359.087072125,0.000842933914765527,0.181971589752726,"29",12.2985067442411,2.30208268060265,9.84400575283333,10.2946939519162,18.9712626713244,19.776336074112,167.161707749765,158.240482520024,0.156040836247717
125,0.00512282346383806,9.37316118757143,19.2318132985714,0.560113566571429,360.122190928571,0,0,0,1355.73347957143,0.000899286950013227,0.19303292713615,"29",13.5598609115402,1.61095353661086,9.98296990964286,10.6855736588156,19.9757759960045,21.3054748537964,72.3068092175045,86.6958369648184,0.154708419198244
126,0.00515763212847306,11.51355473125,19.72383786625,0.169433869375,107.88646706625,0,0,0,1351.178316625,0.000934095614648227,0.199804766509592,"29",15.3643660338571,1.91069491279685,10.2965474330893,10.8762140839766,18.9964501367411,20.0808998749276,7.65637743650357,75.7535436766073,0.157648543429541
127,0.00512837857344614,13.4969204928571,19.9020262357143,0.0115329572857143,-15.2027644977143,0,0,0,1345.91585885714,0.000904842059621306,0.194116723948125,"29",17.1456605008482,1.80517698044885,10.8281750805357,11.5871323507634,18.106343190442,19.3849496696535,-36.4377013386027,20.4732701122722,0.153503111921025
128,0.0050728793860533,15.47179674,21.79031962625,9.9625e-06,-56.08859142625,0,0,0,1339.62746,0.000849342872228467,0.183235765130283,"29",18.6850867511735,1.3456384615188,9.72646011829081,12.1684724311548,20.9471189882908,19.6734742682252,-40.4092266962245,6.87424172582383,0.150009854938533
129,0.00501332750959967,17.5697987328571,22.7104970928571,0,-43.5100998757143,0,0,0,1332.32184985714,0.000789790995774837,0.17142705093108,"29",21.132843010051,1.45964313293152,10.1069746930612,12.623554813861,20.7381661656123,19.57026606928,-20.116330321426,14.132773315832,0.144625196584131
130,0.00495215439135202,19.74336716875,22.24094512625,0,-20.2789563125,0,0,0,1323.879332125,0.000728617877527186,0.159149895444982,"29",23.0583110447917,1.17588394706292,7.65680024205357,11.8860373795884,18.8523704624762,15.9971798084469,-3.17567993988988,4.17971919400139,0.129722324129673
131,0.00489018577877841,21.5819488171429,21.7724141685714,0,-3.03951819071429,0,0,0,1314.56092242857,0.000666649264953577,0.146557477564809,"29",24.2229461823215,0.76093060120549,11.367885968125,13.1293725950118,10.9400350249643,13.0517834222752,3.74461154703571,2.88762211500181,0.111137935356427
132,0.00482773182172285,23.268652065,23.0718884925,0,4.502316889,0,0,0,1304.397576125,0.000604195307898017,0.133703938733098,"29",25.6614405229911,0.856335920329882,11.1813577699553,12.9191293393962,5.70845903696875,10.3387415780513,3.27401341085268,2.09778060874305,0.100569072189859
133,0.00476499948850368,24.8846218857143,22.9197892985714,0,4.49721657328571,0,0,0,1293.52762,0.000541462974678847,0.120624613528409,"29",26.9304238619196,0.905371956452897,10.1916891221875,11.7733860638548,1.16500026153571,1.63463062665741,2.61904465427679,1.42768033377374,0.0828506896571599
134,0.00470210531284477,26.47361369625,21.49048425375,0,4.47923893325,0,0,0,1281.887319,0.000478568799019937,0.107337531371885,"29",27.6931423575447,0.697573370152762,7.31578252729465,8.88628956563856,0.00066556678125,0.00105960209721557,2.33675847344196,0.776640576834937,0.0707343959484344
135,0.00463915781973673,27.8139706314286,18.7120799014286,0,2.99155203914286,0,0,0,1269.61710042857,0.000415621305911897,0.0938600297331469,"29",27.9350842809821,0.52565509853496,7.68417736153571,5.97926064322796,0,0,3.11067042604911,1.18281564020191,0.0582555703500133
136,0.00457626650778115,28.5884992125,13.90396036,0,3.749146889625,0,0,0,1256.821058375,0.000352729993956317,0.0802106773505997,"29",28.0605618811161,0.594000570318403,12.0858123423616,3.52820439152082,0,0,3.58907779154018,2.04007555444592,0.0455084761478712
137,0.00451357960307447,28.9062893757143,16.6034146085714,0,5.99670741028571,0.285714285714286,0.142857142857143,0,1243.85742414286,0.000290043089249637,0.0664177271983721,"29",28.4484767627679,0.754032186856188,12.1844994482589,6.12473890812231,0,0,2.99309559216518,1.35411923948116,0.0335295770636152
138,0.00445141535918923,29.5114100825,15.80265040875,0,3.698685373375,2,1,0,1230.64323075,0.000227878845364396,0.0525492890982244,"29",28.8026639951786,0.971406352921763,12.9641945658884,1.89263525421004,0,0,2.99746077073661,1.22395890827723,0.0231030701796954
139,0.00439057668003666,30.1217183757143,14.9488233014286,0,2.99744508457143,2,1,0,1217.184776,0.000167040166211827,0.038787766211354,"29",28.9817045000446,1.1234700151052,9.9450619500982,3.64185939757988,0,0,3.07578992927232,1.23379408401789,0.0153941545527584
140,0.00433644310437134,30.40429626875,4.52735215325,0,3.308825267375,2,1,0,1203.47616525,0.000112906590546507,0.026381636724377,"29",29.1625346916518,0.960599257478087,8.60222126525,5.479372379904,0,0,3.37123309227232,1.43354991177425,0.00881700902863584
141,0.00432482777240619,30.1819860128571,7.427911072,0,4.49071021571429,2,1,0,1189.79930885714,0.000101291258581357,0.0236995040846253,"29",29.454929836875,0.89456356015943,10.4724451127768,4.71519953126571,0,0,3.33331098820982,1.39554538098105,-0.000125964323742542
142,0.00432407285510765,30.0656217675,15.62120060625,0,4.338909503125,2,1,0,1176.19592025,0.000100536341282816,0.023524934549024,"29",29.7834954753571,0.845879515346184,8.73643890732142,3.35050713923497,0,0,2.99651284287946,1.22396258891878,-0.00824503325194679
143,0.00427675883331433,30.3992931714286,12.2972558822857,0,2.99182921814286,2,1,0,1162.56146085714,5.32223194894968e-05,0.0125226269375265,"29",29.7926002874643,0.838907931766614,9.22634622007857,2.07976025591814,0,0,2.99926346429286,1.05999566140088,-0.013967376267918
144,0.00421859717488362,30.64996246125,12.35056534125,0,3.00390882075,2,1,0,1148.74333275,-4.93933894121345e-06,-0.00117016374531431,"29",29.9273723250714,0.805106337661883,11.5081198394393,2.54608084037414,0,0,3.23780670538929,1.18780987380224,-0.0176565262387484
145,0.00416096855201712,30.8175618557143,14.9026703057143,0,4.19669989042857,2,1,0,1134.88193285714,-6.25679618077137e-05,-0.0149249410090402,"29",30.1194060873572,0.809138450142276,10.666004687325,3.74453938187091,0,0,3.29781604256786,1.25408381698759,-0.0212951346471338
146,0.00411582502378139,31.1464698725,15.64758993125,0,4.496671712125,2,1,0,1120.87251225,-0.000107711490043443,-0.0258335070840294,"29",30.5606099325447,0.72794879140687,8.36931874763839,3.57602350074978,0,0,3.37226016887946,1.43460737573067,-0.0314828857745763
147,0.00410174066420776,31.5154119714286,5.54325455514286,0,4.49478109,2,1,0,1106.72377471429,-0.000121795849617073,-0.0292613769805135,"29",30.6359565732589,0.553811546606409,8.68375086679465,6.1369304877146,0,0,3.08653061045536,1.2366861658978,-0.0371452832740295
148,0.00412039815595104,31.34400364875,1.089140967625,0,3.35182542425,2,1,0,1092.49247075,-0.000103138357873793,-0.0247230144641071,"29",30.6427147200447,0.507081491521625,9.8348270631875,5.1318302220982,0,0,2.99796739177232,1.22395862947799,-0.0414927559037576
149,0.00416610433480747,30.9380758371429,3.99146034571429,0,2.99760998157143,2,1,0,1078.43877,-5.74321790173631e-05,-0.0136914263303529,"29",30.5549990606697,0.725803499471927,9.85788293657142,6.74833820148934,0,0,2.99809276714286,1.22397388792059,-0.0423545903293428
150,0.0042190333406196,30.60437562625,0.04171824825,0,2.998074051,2,1,0,1064.5195905,-4.50317320523346e-06,-0.00106677791318255,"29",30.1914316036429,0.978329121817434,10.5431314917929,6.10919741408284,0,0,2.69828536204643,1.2541843578045,-0.0397515695330779
151,0.00425246778933009,30.2435163142857,0.452080672285714,0,2.99811148314286,2,1,0,1050.78788442857,2.89312755052569e-05,0.00682665702973928,"29",30.0857901563214,1.00870305509278,8.81418780686429,5.516603418522,0,0,2.69828161881429,1.25420001676131,-0.0283276910563962
152,0.00424163329365798,29.90560013,8.315129027375,0,2.998074051,2,1,0,1037.188534,1.80967798331464e-05,0.00427559219380313,"29",30.0426950416072,0.844854893589485,8.85852794673214,5.48785529412033,0,0,2.69828536204643,1.2541843578045,-0.028913184896617
153,0.00423726371823353,29.8042591371429,14.7137201985714,0,2.99811148314286,2,1,0,1023.72922428571,1.37272044086964e-05,0.00324489782351378,"29",30.0691237633571,0.641073268469275,9.297813937725,5.59385017698114,0,0,2.69828161881429,1.25420001676131,-0.0227022445371895
154,0.00424644664819356,30.08754796,15.11804617125,0,2.998074051,2,1,0,1010.194597,2.29101343687263e-05,0.00540973677563628,"29",30.1514250220357,0.480458074804698,9.657883346175,3.51345296461814,0,0,2.69828536204643,1.2541843578045,-0.0170343112097943
155,0.00424889721300534,30.5082951957143,13.8994593371429,0,2.99811148314286,2,1,0,996.520494914286,2.53606991805063e-05,0.00598665628874784,"29",30.3587939824553,0.388359640021872,8.12916365973214,3.51835817253015,0,0,2.998088088125,1.22398152864128,-0.0121478774418595
156,0.0042522937596644,30.73974220125,3.136835425,0,2.998074051,2,1,0,982.66134865,2.87572458395665e-05,0.00678573179965003,"29",30.3644934479911,0.26041062010112,8.52557582825894,2.99865999326872,0,0,2.99809744618304,1.22395096546107,-0.00838608428319201
157,0.00427579335028629,30.5315754457143,5.04681434614286,0,2.99811148314286,2,1,0,968.822665771429,5.2256836461457e-05,0.012296850353219,"29",30.3052998371875,0.311904277338367,8.591953904,3.27866972244995,0,0,2.998088088125,1.22398152864128,-0.00529552163182228
158,0.00431693138212058,30.2859186025,6.1450456225,0,2.998074051,2,1,0,955.077199775,9.33948682957471e-05,0.0218720075855163,"29",30.1918962427232,0.263722160856778,10.3011104616205,2.57361311435393,0,0,2.99809744618304,1.22395096546107,-0.00673874202371669
159,0.00434329624760553,30.1012475871429,7.67306593185714,0,2.99811148314286,2,1,0,941.4538531,0.000119759733780696,0.027960749695966,"29",30.1435302879464,0.186224898793958,11.9114937751518,2.36130028770672,0,0,2.998088088125,1.22398152864128,-0.00838396553440885
160,0.00433538393572197,29.99929984375,11.397245431875,0,2.998074051,2,1,0,927.877117825,0.000111847421897137,0.0261373586442648,"29",30.1805631022768,0.218118634000775,11.6864634102678,0.904828496612489,0,0,2.99809744618304,1.22395096546107,-0.00766051982044039
161,0.0042980407079957,30.1495658571429,12.2003093785714,0,2.99811148314286,2,1,0,914.312777685714,7.45041941708664e-05,0.0174864556032599,"29",30.2170566741964,0.294767864066764,12.6997145283036,0.762627577042044,0,0,2.998088088125,1.22398152864128,-0.00995404017782799
162,0.00425911583136271,30.40063559625,13.6796644975,0,2.998074051,2,1,0,900.6211757875,3.55793175378771e-05,0.00838877367560809,"29",30.3706493881696,0.356092493827131,10.0272885277857,7.04439179768968,0,0,2.99809744618304,1.22395096546107,-0.0118083862553787
163,0.00424246394785458,30.6291336057143,14.4462299685714,0,2.99811148314286,2,1,0,886.854049885714,1.89274340297464e-05,0.0044714065877276,"29",30.5301511516518,0.48933971061401,11.8671368258572,3.52759109527475,4.847071875e-05,9.69414375e-05,2.998088088125,1.22398152864128,-0.0135921829846941
164,0.00424465812257332,30.8671138225,13.66084763625,0,2.998074051,2,1,0,872.9508365875,2.11216087484863e-05,0.00498846636316408,"29",30.5940246790625,0.694594768096991,11.8418017390536,0.979459409999344,0.00553441732142858,0.0110688346428572,2.99809744618304,1.22395096546107,-0.0157895417245397
165,0.00423317205906705,31.1090806714286,12.64410046,0,2.99811148314286,2,1,0,858.966757757143,9.63554524221685e-06,0.00227879419066834,"29",30.4404790017857,0.872837843203742,10.8138878805402,3.13601816429941,0.00176036415625,0.0035207283125,2.998088088125,1.22398152864128,-0.0184025999871491
166,0.00419416755031085,31.184586315,10.542616666875,0,2.998074051,2,1,0,844.8686004,-2.93689635139831e-05,-0.00697793169269012,"29",30.2539672906696,0.823100353750027,10.9309321412455,2.52234530192902,0.000184587107142857,0.000369174214285714,2.99809744618304,1.22395096546107,-0.0244616300659712
167,0.0041662243135295,31.0828610542857,12.1228200527143,0,2.99811148314286,2,1,0,830.812669785714,-5.73122002953336e-05,-0.0136626279657612,"29",30.2151428244197,0.720975797116791,6.58185241080804,7.25089211266589,0.19926733578125,0.3985346715625,2.998088088125,1.22398152864128,-0.0312858193428862
168,0.00417151894128434,31.0146451425,12.72032083875,0,2.998074051,2,1,0,816.775077125,-5.2017572540493e-05,-0.0123925892567938,"29",30.2034353144643,0.783165239378717,8.71060870092857,5.86710535674769,4.45081663142857,8.90163326285715,2.99809744618304,1.22395096546107,-0.0383138686478544
169,0.0041821050748534,31.0628927271429,12.6583489757143,0,2.99811148314286,2,1,0,802.7623722,-4.14314389714336e-05,-0.00985808711448932,"29",30.3280315598214,0.87348094637129,8.34403349504465,5.7052304457007,4.0401010378125,8.080202075625,2.998088088125,1.22398152864128,-0.0435791197999416
170,0.00417066680619889,31.11106471375,12.70422421875,0,2.998074051,2,1,0,788.7079628875,-5.28697076259436e-05,-0.0125968846522166,"29",30.50286025625,0.976456678429752,7.98845860985715,5.53088825866438,2.80027307807143,5.60054615614285,2.99809744618304,1.22395096546107,-0.0478503250831669
171,0.00414231557988501,31.2014961557143,12.7480243571429,0,2.99811148314286,2,1,0,774.643917871429,-8.1220933939823e-05,-0.0194178627890107,"29",30.5653204859821,1.17360421170982,7.68489011823661,6.00234008826927,0.0100680830625,0.020136166125,2.99787789175,1.22398160405018,-0.0525940880221525
172,0.00410914511020341,31.23035788875,12.001178853125,0,2.998074051,2,1,0,760.5286317375,-0.000114391403621424,-0.0274578083946482,"29",30.6229009077678,1.23322422433798,2.75166756345089,3.07797698428036,0,0,3.02812095625446,1.22542349182555,-0.0563351237049824
173,0.00407741291864878,31.1577863042857,1.57528189314286,0,2.99811148314286,2,1,0,746.436205371429,-0.000146123595176053,-0.0352101139638865,"29",30.5302723908482,1.1770266124266,5.67878467055358,6.01169440277195,0,0,3.377245408,1.43984640936838,-0.0576196188493204
174,0.00406757541861632,30.72337751875,0.71167282925,0,2.998074051,2,1,0,732.4406109875,-0.000155961095208513,-0.0376257109339804,"29",30.4229935653571,0.984762567612679,6.72284281379911,7.88730214108567,0,0,2.98445223136161,1.22425496635176,-0.0563562376484759
175,0.00408479208302194,30.2566166428571,0.0318761115714286,0,2.99811148314286,2,1,0,718.676971628571,-0.000138744430802893,-0.0334019833910206,"29",30.3237884879911,0.824783550269675,7.37265322026785,6.67329166720006,0,0,2.6219114578125,1.43607232264744,-0.0525228311013652
176,0.00408260634812614,29.8083257725,1.3570431225,0,2.996201012625,2,1,0,705.086930475,-0.000140930165698694,-0.0339372174469768,"29",30.2011847271428,0.773500400125996,11.7686289090536,3.80019584058072,0,0,2.76326463039732,1.5093061683502,-0.0489786363313671
177,0.00405497544290188,29.4246587342857,12.3339005134286,0,3.55783596157143,2,1,0,691.616366357143,-0.000168561070922954,-0.0407281810140274,"29",30.2247052725893,0.721748703233845,10.8694651152545,6.47977116834993,0,0,2.99909221615625,1.73211529084133,-0.0481729728212939
178,0.00403696944178884,29.43711097375,15.79147187875,0,4.501127588625,2,1,0,678.3139318625,-0.000186567072035993,-0.0451785401410421,"29",30.3477532052232,0.760332523411624,9.14917640576786,6.94587209222545,0,0,2.99809744625446,1.73094426360223,-0.0478584574796772
179,0.00402363741031671,29.7720943114286,15.97531033,0,4.497167225,2,1,0,664.957119042857,-0.000199899103508123,-0.048486490409088,"29",30.4686020538839,0.796923163264883,8.53977722398661,3.84718904121814,0,0,2.99808808821875,1.73095506933111,-0.047110516349719
180,0.00399530100819551,30.15377078625,13.0662918275,0,4.497111076875,2,1,0,651.4054513,-0.000228235505629323,-0.0555538895787357,"29",30.4452046596429,0.849440584933083,11.1728252002679,1.24755958244197,0,0,2.99809744625446,1.73094426360223,-0.0478109727011257
181,0.00396744371489897,30.2998225671429,12.8262728671429,0,4.497167225,2,1,0,637.754634271429,-0.000256092798925863,-0.0625508252376177,"29",30.3845689532589,0.75051329471451,12.5516073823661,0.646660311874902,0,0,2.99808808821875,1.73095506933111,-0.0501183010696062
182,0.00394377865460629,30.429986065,12.70612764625,0,4.497111076875,2,1,0,624.0276911625,-0.000279757859218543,-0.0685334987550075,"29",30.3583788923214,0.619690642726225,12.5272803071429,0.947429480425493,0,0,2.99809744625446,1.73094426360223,-0.0522687854901962
183,0.00392170529641565,30.5890141642857,12.0947268907143,0,4.497167225,2,1,0,610.257035457143,-0.000301831217409183,-0.0741462279181135,"29",30.3501192755357,0.540813491552205,10.5418499015223,2.76014177662258,0,0,2.99808808821875,1.73095506933111,-0.0518646189631626
184,0.00390340795756611,30.63731932625,6.518923100875,0,4.497111076875,2,1,0,596.4099999875,-0.000320128556258723,-0.0788228047638286,"29",30.1831390154018,0.624832481056761,11.63867906825,2.22936089138599,0,0,2.99809744625446,1.73094426360223,-0.0494314848479588
185,0.00390038189298242,30.3969095871429,9.729185648,0,4.497167225,2,1,0,582.626659028571,-0.000323154620842413,-0.079598341961975,"29",30.0398242785714,0.690339486309661,12.6975724904554,1.79618152072813,0,0,2.99808808821875,1.73095506933111,-0.0467437297961381
186,0.00393228713203828,30.26939528125,11.02121321,0,4.497111076875,2,1,0,568.92179815,-0.000291249381786553,-0.0714515877456083,"29",30.0232600547768,0.659427857951623,11.0710815321875,1.4158094949892,1.77906071428571e-05,3.55812142857143e-05,2.99809744625446,1.73094426360223,-0.0430759266399413
187,0.00398698103934559,30.3472119685714,9.93054035428571,0,4.497167225,2,1,0,555.237604342857,-0.000236555474479243,-0.0576384993694798,"29",30.0413158548661,0.621746792521353,9.55533332399554,1.63577554960479,0.00107613315625,0.0021522663125,2.99808808821875,1.73095506933111,-0.036789165033852
188,0.00404635725948535,30.42223359,10.37962304675,0,4.497111076875,2,1,0,541.5005246375,-0.000177179254339483,-0.0428557782307672,"29",30.0051247268304,0.677052295262085,10.4014265342947,2.84779797843825,0.00210187053571429,0.00420374107142857,2.99809744625446,1.73094426360223,-0.0273335444013947
189,0.00410625641249914,30.41069911,6.31471568514286,0,4.497167225,2,1,0,527.754500914286,-0.000117280101325693,-0.028161047973386,"29",30.1246769564286,0.412634230101982,8.4720897656116,6.00633496835668,0.9226648201875,1.845329640375,2.99808808821875,1.73095506933111,-0.016715301802379
190,0.00416479054152767,30.1896919325,8.116310927125,0,4.497111076875,2,1,0,514.0553449125,-5.87459722971636e-05,-0.0140068290040523,"29",30.3563805937053,0.39986122143146,10.5796842661161,7.06937306824505,4.16767119607143,8.33534239214285,2.99809744625446,1.73094426360223,-0.00716727311624362
191,0.00421399553069771,30.0258451828571,14.0839163042857,0,4.497167225,2,1,0,500.4686756,-9.5409831271237e-06,-0.00226155869208799,"29",30.7101003549107,0.707664569454026,9.95037000832142,7.04389709000431,2.35588105659375,4.7117621131875,2.99808808821875,1.73095506933111,0.000842262839472517
192,0.00422794157755221,30.17391025625,15.48935502875,0,4.497111076875,2,1,0,486.8737076375,4.40506372737653e-06,0.00104243635832901,"29",30.9374599259375,0.772166793040157,9.75179567104017,4.71564949632496,0.000779798607142858,0.00155959721428572,2.99809744625446,1.73094426360223,0.00693931602885605
193,0.00420872725774652,30.4920107314286,13.9341534142857,0,4.497167225,2,1,0,473.183631014286,-1.48092560783132e-05,-0.00351252554578885,"29",30.96620404625,0.634568299698987,12.5737376495893,0.956703010782556,0,0,2.99808808821875,1.73095506933111,0.0105659447638214
194,0.00417928880464335,30.73627591125,11.18977437925,0,4.497111076875,2,1,0,459.3377866875,-4.42477091814834e-05,-0.0105317236611633,"29",31.0073180888839,0.492851478768983,9.25046275759821,4.58440105586847,0,0,2.99809744625446,1.73094426360223,0.0112540699525636
195,0.00415389406522333,30.70943534,8.22973519214286,0,4.497167225,2,1,0,445.454225542857,-6.96424486015031e-05,-0.0166265898892117,"29",31.0294693854018,0.487075034808724,9.42753683837052,6.74804245315043,0,0,2.99808808821875,1.73095506933111,0.0093421900384765
196,0.00414166556885299,30.49193894875,10.5197891845,0,4.497111076875,2,1,0,431.6241902,-8.18709449718433e-05,-0.0195747948259122,"29",31.0395137883928,0.477151185725872,11.0009820088393,3.50691709026078,0,0,2.99809744625446,1.73094426360223,0.00655203526637502
197,0.00416067385546652,30.36812152,7.51132997414286,0,4.497167225,2,1,0,417.882675257143,-6.28626583583135e-05,-0.0149957675428452,"29",30.9919210910268,0.611774219716353,11.1675921920982,5.29436893294061,0,0,2.99808808821875,1.73095506933111,0.000329197152543514
198,0.00420849257861626,30.1286596425,3.935358406375,0,4.497111076875,2,1,0,404.2036663375,-1.50439352085731e-05,-0.00356828721753022,"29",30.8548382447322,0.85769423245233,13.2384543414643,3.84300635256168,0,0,2.99809744625446,1.73094426360223,0.00372194257589724
199,0.00425660804060011,29.8070035185714,12.0768005104286,0,4.497167225,2,1,0,390.680868671429,3.3071526775277e-05,0.00779979479045245,"29",30.6830369799554,0.934954673331151,10.6054917678304,7.50397721422562,0,0,2.99808808821875,1.73095506933111,0.0211637755264074
200,0.00427254133479871,29.82499578,14.296388515,0,4.497111076875,2,1,0,377.2235289875,4.90048209738766e-05,0.0115359967628583,"29",30.5013681147768,0.779107562922722,9.6366010618393,6.5884484374282,0,0,2.99809744625446,1.73094426360223,0.028951078437568
201,0.00427768750782275,30.0563999528571,13.8073413471429,0,4.497167225,2,1,0,363.707195542857,5.41509939979163e-05,0.0127397478249165,"29",30.4571137134643,0.664124587295325,10.0873620948429,5.90342109583714,0.0010780926,0.00241068833963949,2.69828161888929,1.64212474687256,0.0234806579119263
202,0.00430568030947909,30.348995475,13.96318542,0,4.497111076875,2,1,0,350.0553315,8.21437956542567e-05,0.0192623391536619,"29",30.2874036958571,0.638056672338988,9.40428417361428,5.37189076109591,0.096842780425,0.216547040160386,2.69828536210357,1.64212132980106,0.0313738924163063
203,0.00435109253481748,30.5740613428571,12.4748659714286,0,4.497167225,2,1,0,336.2999517,0.000127556020992647,0.0297541567582265,"29",30.1171488838929,0.640586033855595,10.6279910015786,3.12846981489452,0.000205650971428572,0.000459849551753154,2.69828161888929,1.64212474687256,0.0399911040064011
204,0.00439466775217585,30.66827501375,13.09976897875,0,4.497111076875,2,1,0,322.4653464625,0.000171131238351017,0.0397191170401996,"29",30.0083709691786,0.677408948488271,11.1872096587286,0.731233161357416,0,0,2.698505505075,1.64242282378765,0.0492304124587037
205,0.00443019608007232,30.8043688128571,11.0442539581429,0,4.49826793985714,2,1,0,308.5854956,0.000206659566247487,0.0477710302975636,"29",29.9553586561429,0.709421226784528,11.7099046002286,1.09721702093716,0,0,2.55275017513929,1.46560740639823,0.0558090472275532
206,0.0044614791155719,30.79523728875,12.2905174475,0,3.769453858125,2,1,0,294.6644802125,0.000237942601747067,0.0548075365086866,"29",29.8991906438393,0.968200776489545,10.1591762315759,4.01961297555801,0,0,2.62349288443304,1.43526769199892,0.0740071778647122
207,0.00448149855584336,30.8040423057143,11.8615765614286,0,2.99874897771429,2,1,0,280.762919428571,0.000257962042018526,0.0592846746610363,"29",29.9312976575893,1.22594315848781,7.79317191413393,5.86785125958747,0,0,2.62332883175,1.43524311930886,0.0728918403333278
208,0.00449543333416828,30.76755112625,6.762598732375,0,2.998074051,2,1,0,266.8456202875,0.000271896820343447,0.0623892518991411,"29",29.8710447595982,1.3112729361636,7.97332862048213,6.38406285294484,0,0,2.62333351079018,1.4352121678742,0.0719295259470489
209,0.00450373413850574,30.4702080742857,0.271559300142857,0,2.99811148314286,2,1,0,253.006604528571,0.000280197624680907,0.0642340462164688,"29",29.7723879820089,1.16716797640827,10.7699488797366,2.6157375871574,0,0,2.624798319125,1.43575761815104,0.0717585752010295
210,0.00448738370115793,30.00967353625,7.97493981775,0,3.0039520005,2,1,0,239.345629825,0.000263847187333096,0.0605970223671024,"29",30.0442139775357,1.11879891257092,11.7844533313714,1.78556846537274,0,0,2.63819189518929,1.56344682235751,0.0616731360419322
211,0.00445544271948515,29.7471213171429,13.32828442,0,4.19669989042857,2,1,0,225.8648401,0.000231906205660317,0.0534536170765945,"29",30.0819046774286,1.10315942232841,11.7449184801107,2.14620389349167,0,0,2.69816196811429,1.64196092448206,0.0607864931428391
212,0.00443778341069574,29.82833536875,15.41544544375,0,4.496512823,2,1,0,212.4150153875,0.000214246896870907,0.0494822052752646,"29",29.8102632923661,1.2615295138402,10.5090364078348,3.14425212744719,0,0,2.99809276723661,1.73094966648353,0.059715495851314
213,0.00443292636962899,30.0950629785714,10.2055849755714,0,4.497167225,2,1,0,198.879359442857,0.000209389855804157,0.048387131360573,"29",29.637424391741,1.30987557109276,12.2465180863036,2.44091937946672,0,0,2.99813248951786,1.73099553417947,0.0589709128641815
214,0.00446086041559153,30.08344666375,9.284785579,0,4.497269966,2,1,0,185.2731388625,0.000237323901766696,0.0546688509172375,"29",29.3754063527143,1.04266324719739,8.68438653041786,2.69019799248307,0,0,2.69792404268929,1.64136227535606,0.0599083568262205
215,0.00451600932346732,29.9500267028571,8.76854286514286,0,4.49478109,2,1,0,171.7203617,0.000292472809642487,0.0669558957501062,"29",29.3147273077857,0.881160761640618,10.3544166254322,2.25186892716181,0,0,2.52932169852143,1.34205708461388,0.0655232000923661
216,0.00457699361386651,29.78059261125,9.64569991175,0,3.35182542425,2,1,0,158.222151775,0.000353457100041677,0.0803695510330558,"29",29.2568869606697,0.916024266070049,10.2992571420223,5.88393787664246,0,0,2.99648854645536,1.22396197096584,0.0758395606180265
217,0.0046393477294872,29.5501222914286,3.76772300171429,0,2.99760998157143,2,1,0,144.817192828571,0.000415811215662367,0.0939009651500404,"29",28.7600387399553,1.05657502863481,11.6222798549866,8.15969067200759,0,0,2.99810212517857,1.22397388787289,0.0887305113491425
218,0.00470235438999595,29.04358564125,8.812623803375,0,2.998074051,2,1,0,131.5881941125,0.000478817876171117,0.107390501378417,"29",28.3777187227678,1.14268025674777,9.06945328845089,6.06534202322699,0,0,2.99645358973214,1.22474775311065,0.101283309181129
219,0.00476570318826672,28.7512307985714,2.61523254142857,0,2.99352118442857,1.42857142857143,0.714285714285714,0,118.531520971429,0.000542166674441887,0.120772283595017,"29",28.1323107464732,1.01163741550578,7.11588811493305,5.23396065803197,0,0,2.93558789930804,1.90398041084816,0.112197566722918
220,0.0048292665001256,28.17303343875,0.006924097875,0,4.009921697375,0,0,0,105.66023633,0.000605729986300767,0.134021776291465,"29",27.7740816476786,0.702556851496305,6.19007007590625,7.88735429132018,0,0,3.40444036789286,1.45938521802202,0.121661867206447
221,0.00489295528339107,27.2868202457143,1.239412797,0,4.49637122457143,0,0,0,93.1186362928571,0.000669418769566237,0.147123656588994,"29",27.1328229224107,0.65540114931023,10.492370938817,8.57845289293807,0,0,4.12214731915625,0.752576772863869,0.130962561006258
222,0.00495672119780014,26.5419561725,6.986088451125,0,4.491392016625,0,0,0,80.99523985625,0.000733184683975307,0.160071656272072,"29",26.1632671425,0.666960635875101,11.7213342171929,10.8069311526743,0.0220534056,0.0493129140569745,1.86191140458929,1.93036745958247,0.140181907860227
223,0.00502052314672022,26.1430658914286,0.0121703611428571,0,3.296609679,0,0,0,69.08689369,0.000796986632895387,0.172861323466545,"29",24.9868588544286,0.989291381197474,12.5355291431071,11.6034558378944,3.22279186768571,4.43041622572589,0.884236819625,2.06127935294265,0.149124764159372
224,0.00508433096367506,25.455461425,0,8.612158048,0.543631231,0,0,0,57.4235768325,0.000860794449850226,0.185490632727593,"29",23.6563239475357,1.17342411985981,12.4203763494286,11.3391117733119,10.8315154473571,14.9601629543703,-1.16360535670357,3.89327428992964,0.159105893306574
225,0.00514811696760351,24.2019567657143,0,29.8458223042857,-4.42370246971429,0,0,0,46.1730093242857,0.000924580453778676,0.197958192660384,"29",21.352457750102,1.52161455304502,11.7285599519388,10.9780688858109,13.5546928515051,16.9067565323023,-3.38844106242092,15.5433151000252,0.159292335194081
226,0.00521185146818543,22.15066046,0,31.9804587225,-21.48445197375,0,0,0,35.72289465125,0.000988314954360596,0.21026234277813,"29",19.4842214433674,1.48198447691055,11.789660807449,11.0369073412311,13.7078957080867,17.1054271991808,-2.52084680449745,30.2123788267107,0.1710322772165
227,0.00527550640681641,20.5198751671429,0,33.0638391142857,-31.7486614285714,0,0,0,26.1530278428571,0.00105196989299158,0.222401857782379,"29",16.9980460014509,2.03421092822457,12.5607300421205,10.4243332993239,12.7750909644665,17.7665716540797,-1.35190954641072,32.2730708590116,0.189486593837111
228,0.00533903981191679,18.4503255275,0,39.04980441625,-15.481288631,0,0,0,17.49297259,0.00111550329809196,0.234373007812084,"29",14.4971599392857,2.18779620613713,10.8036014223016,10.2659597455237,15.7207750020318,18.8510482402739,39.9311073380139,70.2539126208368,0.204211463058655
229,0.00540240917233522,15.7998518771429,0,40.1698060271429,57.8871394585714,0,0,0,9.95039915542857,0.00117887265851039,0.246172178393662,"29",10.9170711311084,3.16941399271422,10.3845980651237,9.4400672993811,14.1862966801352,17.0458518678196,170.243599270876,205.855980087825,0.216278470962971
230,0.00546553628759138,12.89424701875,0,38.962720655,190.9653235875,0,0,0,3.554334788625,0.00124199977376655,0.257789429197496,"29",5.0490464724513,4.91191846007536,6.0499869611388,7.88039153863468,15.3122846058709,17.7304332671692,90.5925895553652,295.610858990879,0.224458040256572
231,0.00552832920211509,10.6304041147143,0.00133955242857143,34.5232376542857,340.158129528571,0,0,0,-1.62534208471429,0.00130479268829026,0.269212817318655,"29",3.99577369010338,4.33930161363033,4.89985335058928,6.88283387375439,15.9296024640329,17.9629094492403,44.6848191987876,320.302848284731,0.237264692400284
232,0.00559059236996699,8.387737882625,0.301636490375,24.98081598325,493.7807077375,0,0,0,-4.84630960725,0.00136705585614216,0.280412431802808,"29",3.60882880275945,4.40709258707504,2.65157313341261,5.12082748838056,19.1053219440242,17.6374017931431,-99.5157053249895,329.518930678467,0.24781421956355
233,0.00565202518989195,6.97322549857143,13.7688186805714,0.879461165857143,597.514532657143,0,0,0,-5.712148541,0.00142848867606712,0.291341102095788,"29",2.77559959484167,3.83215250591131,2.08719497249619,4.50526800682597,19.2341910428369,17.6864755410337,-146.181300796893,295.054300913557,0.244500043431952
234,0.00571179892946737,7.524995144875,18.13339229625,0.685995039,575.7391383625,0,0,0,-4.356479235125,0.00148826241564254,0.301861203281879,"29",3.95786737536654,4.31222833981642,3.10090904217086,5.47613889471207,18.4104902134934,17.2667611461628,-57.9876046070019,341.147600334998,0.24369883911331
235,0.0057674411456599,10.0209818711429,19.5351857857143,0.606850345142857,362.875250657143,0,0,0,-0.892419143142857,0.00154390463183507,0.311555686652464,"29",4.32750521133393,4.4765417674608,4.65492766068125,6.78821309704064,16.8592842235455,17.9713620020674,59.4584847152768,318.683948071389,0.235489796571485
236,0.00579619749777834,12.59587257375,18.956834795,0.088790978125,91.392589391875,0,0,0,4.056315333875,0.00157266098395351,0.316529278751917,"29",5.39014214837733,5.07013093678664,5.78694404978494,7.80187309354714,16.3405644340939,18.0110539286652,94.9566214698059,289.5716299312,0.225717690089398
237,0.00576089169271355,14.8791971928571,18.4045503171429,0.000110909428571429,-27.084480233,0,0,0,9.948195173,0.00153735517888872,0.310419450627849,"29",10.6122922032816,3.07789687776088,9.76767866112225,9.52726797028261,15.2775417394203,17.225381913623,185.422682309636,205.945637796238,0.222554536273963
238,0.00570468322593071,16.973703075,20.50326017625,0,-40.28865340875,0,0,0,16.95378748625,0.00148114671210588,0.300614636390855,"29",14.1875920473214,2.11767034314898,9.59114407805804,10.2628012991287,17.6858718772857,19.1418037124416,49.9585774313594,67.8709770102043,0.210638341280802
239,0.00564498742745827,19.00906159,21.0909714471429,0,-28.1591353542857,0,0,0,24.9919211785714,0.00142145091363344,0.29009515089472,"29",16.6629204974107,2.2021834763017,9.79692024497023,10.7445385244441,17.0334520978601,18.8379942104206,4.46851688530952,35.5052321607079,0.199459863710692
240,0.00558383767663138,21.09874133625,21.06061362375,0,-15.65804541375,0,0,0,34.04849595625,0.00136030116280655,0.27920347635555,"29",19.2151347945536,1.42383620595139,10.2445020047321,11.2303542373139,15.9925449927679,17.5291169151849,-0.331313702955356,32.4819232426179,0.191871356023656
241,0.00552199765452873,22.9928365857143,20.5180233671429,0,-5.21783391542857,0,0,0,44.0139893085714,0.0012984611407039,0.268066869647281,"29",21.0790612775,1.46646163103699,10.2636493827381,11.2514668713721,15.813808326756,17.3244289024113,-3.08354225358631,17.0039019514912,0.179624614887643
242,0.00545982307426706,24.52374454,20.66417012125,0,-0.620334220875,0,0,0,54.77469620125,0.00123628656044223,0.256743566347355,"29",22.8675781662798,1.54368343198231,10.3660501895536,11.3561586731415,14.2466124035119,15.780446882667,-0.45386909629762,4.46704397590709,0.16798204540119
243,0.00539771097298698,25.8495953785714,18.2971057685714,0,0.00115985357142857,0,0,0,66.1618928385714,0.00117417445916215,0.245302151117229,"29",24.2746301233036,1.39136610798659,10.8833713676191,11.9701365689806,6.73761904515476,9.47770704713911,1.47731134450893,2.36772662757074,0.159621053719019
244,0.00533723701924644,27.007517725,18.22734702125,0,0.763560395375,0,0,0,78.1169494,0.00111370050542161,0.234035288458751,"29",25.8895457177857,0.491660351157782,8.07586481294285,11.1329834399021,1.52241366368571,3.34292030273139,2.60863277051429,2.1127889402388,0.150878061087172
245,0.00528939684491887,27.86748546,17.9433538257143,0,4.506708126,0,0,0,90.5266643257143,0.00106586033109404,0.225031403082005,"29",26.8453058246786,0.413804364952498,8.45069539016071,8.86467602075611,0.0220534056,0.0493129140569745,3.448510524575,1.63577196394628,0.142102011163767
246,0.00523819177771445,28.54594264625,17.5855314925,0,3.211286783625,0,0,0,103.27723895375,0.00101465526388962,0.215303540060996,"29",27.6044673511161,0.509456318507006,6.27952565920982,8.0598222054689,0,0,3.72829570348661,1.54354272520722,0.130174746556861
247,0.00517704235393595,29.0530614985714,10.2988828984286,0,2.99760998157143,1.71428571428571,0.571428571428571,0,116.307743271429,0.000953505840111116,0.203561101156331,"29",28.0055310333928,0.881144672151371,8.9375502634509,7.49202236243727,0,0,2.98900709982143,1.90929069786591,0.120503342580501
248,0.00511484518070077,29.07075957375,11.86011707175,0,2.998074051,3,1,0,129.443560775,0.000891308666875937,0.191474313574105,"29",28.3732942039732,1.13913102051771,8.67914474512054,5.87308696100713,0,0,2.996337572375,1.22474757042094,0.109482491398672
249,0.00505271751695725,29.2144378785714,16.3044046571429,0,2.99811148314286,3,1,0,142.595112057143,0.000829181003132417,0.179253403292879,"29",28.72411916375,1.03826142645031,10.5112079586384,7.59249643687402,0,0,2.99809276714286,1.22397388792059,0.0969598651622094
250,0.00499114403784046,29.68819682,15.05467168375,0,2.992196101875,3,1,0,155.8949258875,0.000767607524015627,0.166992332402092,"29",29.1384472253125,0.871199023235037,10.6116903853705,6.24285046799005,0,0,2.99796739177232,1.22395862947799,0.0841261762347598
251,0.00493082419439328,30.1128313585714,12.5417148114286,0,1.79952307628571,3,1,0,169.4106609,0.000707287680568446,0.154833336532726,"29",29.4292850510268,0.769489253658598,11.6804931288393,2.75476758360341,0,0,3.08506112317411,1.23682979397544,0.0729763407235241
252,0.0048742942622121,30.4397048175,12.750729025,0,1.4996352795,3,1,0,183.08590455,0.000650757748387266,0.143302510540505,"29",29.6147049572321,0.791994403200538,9.46358821473661,2.14497825030238,0,0,3.07261306716518,1.64809548152014,0.0660387061194199
253,0.00484045163818312,30.7914989328571,12.32688205,0,1.49905574157143,3,1,0,196.916161942857,0.000616915124358287,0.136335213488859,"29",29.2578483854643,1.23784892125127,10.9536969799571,3.7818312437605,0,0,2.69843304751429,1.64205905259166,0.0667073429266493
254,0.00487125060948265,31.044169035,10.110325437625,0,1.4990370255,3,1,0,210.8903611,0.000647714095657816,0.142677886098052,"29",29.3489878349643,1.35724980258784,11.9024583312429,3.37876409470994,0,0,2.69828536210357,1.64212132980106,0.0680117348759878
255,0.00491172670576858,31.09722757,10.439139619,0,1.49905574157143,3,1,0,224.9334123,0.000688190191943746,0.150952734360337,"29",29.8280739542857,1.09228233896786,12.0713631953884,2.33048217951427,0,0,2.99793852475,1.73078238878034,0.0698031172645889
256,0.00494357354387951,31.0999072825,13.0616858025,0,1.4990370255,3,1,0,238.9740863375,0.000720037030054676,0.157415642137713,"29",29.7802906512946,1.09753262432854,11.4651452135893,1.88978530495775,0,0,2.92298061261161,1.64877445333781,0.0712473866515102
257,0.00498702733381191,31.2213604242857,5.19973806642857,0,1.49905574157143,3,1,0,253.052093785714,0.000763490819987077,0.166167190394348,"29",29.9119520004643,1.05787588596289,8.67027096381785,5.21294533796735,0,0,2.69946095192857,1.25456067898084,0.0725946339770919
258,0.00504063584073279,30.9912304325,0.085952488625,0,1.4990370255,3,1,0,267.1254499375,0.000817099326907956,0.176859415620577,"29",30.0503460329286,1.20429326491755,7.73118264286071,5.55521082004579,0,0,2.69828161883214,1.25417764674945,0.0729895563968164
259,0.00508088998754916,30.4915961614286,4.24633193571429,0,1.49905574157143,3,1,0,281.008860785714,0.000857353473724327,0.184813623107018,"29",30.1058465872143,1.1311671472636,8.60685284359286,5.39760521697424,0,0,2.69841286094286,1.25424485880618,0.0744037476302491
260,0.00507942676197222,30.230326495,10.93391869975,0,1.4990370255,3,1,0,294.7155841625,0.000855890248147387,0.184525595559387,"29",30.0783999728214,0.929322051641605,10.5854444747607,3.60922282918292,0,0,2.85268507917143,1.34448515105855,0.0761404713487151
261,0.00507695769116812,30.2168364342857,10.4708361165714,0,1.49905574157143,3,1,0,308.365922842857,0.000853421177343287,0.18403938497618,"29",29.8899892116072,0.801592295054394,12.0196717211428,0.982586277831165,0,0,2.81617378353125,1.54964300508134,0.0674663506592465
262,0.00509568382704298,30.33610437125,11.48684946125,0,1.4990370255,3,1,0,322.034845375,0.000872147313218147,0.187721055390973,"29",29.9264376186607,0.753053795206843,11.1122997080982,0.821903832778141,0,0,2.99837262496875,1.73126207687985,0.0618204709070919
263,0.00508463623470029,30.5470466471429,10.5216974292857,0,1.49905574157143,3,1,0,335.789389057143,0.000861099720875456,0.18555067245697,"29",30.0096744430803,0.685659477808076,10.6545643946518,3.61179413525726,0.000257063714285715,0.00051412742857143,2.99808808821875,1.73095506933111,0.0532237920473619
264,0.00504745393784836,30.74833368125,10.81372065625,0,1.4990370255,3,1,0,349.6330436125,0.000823917424023527,0.178211128019688,"29",30.1721711995089,0.67401649440064,9.05192505295535,6.13584284887739,0.12105347553125,0.2421069510625,2.99809744625446,1.73094426360223,0.0447227320166138
265,0.00501809576756685,30.9635636057143,10.7577025514286,0,1.49905574157143,3,1,0,363.567787142857,0.000794559253742016,0.172377715278398,"29",30.3305012404018,0.693693376812521,9.91977698069643,6.80293630548433,0.00134761575,0.0026952315,2.99808808821875,1.73095506933111,0.0370167540361511
266,0.00497183759743363,31.1479208675,10.78382946625,0,1.4990370255,3,1,0,377.5912072125,0.000748301083608797,0.163116692580159,"29",30.3660936478214,0.739427043732385,10.5685585524714,6.07441054187271,0,0,3.29790017237857,1.64211278715268,0.030692586605039
267,0.00491360835614341,31.3202606657143,8.88116067971429,0,1.49905574157143,3,1,0,391.703923314286,0.000690071842318576,0.151335754450273,"29",30.5078302876786,0.899495473018452,10.89975351635,6.53186079206548,0,0,3.297903915575,1.64213328956539,0.0225001736000029
268,0.00485553856625733,31.40523405625,10.596131908625,0,1.4990370255,3,1,0,405.8652041125,0.000632002052432496,0.139447209194445,"29",30.9456399830714,0.634938650954758,11.8342056436107,5.49771590620263,0,0,2.69827413247857,1.64210595288376,0.0250886542118145
269,0.00480994725007769,31.4942847528571,9.478071851,0,1.49905574157143,3,1,0,420.075874671429,0.000586410736252856,0.13001330090831,"29",31.0772761094643,0.437426424831521,11.907198740775,3.25706481228561,0,0,2.69829284851429,1.64214012354989,0.0232823259201741
270,0.00481072342378648,31.63161831875,10.851383828375,0,1.4990370255,3,1,0,434.3308081625,0.000587186909961647,0.130174656331575,"29",31.0898994127143,0.365994939515578,9.42254405269286,5.72966173008367,0,0,2.69827413247857,1.64210595288376,0.0243964411007656
271,0.00483496938871134,31.7406876828571,12.6643459842857,0,1.49905574157143,3,1,0,448.643353242857,0.000611432874886506,0.135201981161312,"29",31.0370878608571,0.373197227642203,7.72021760876785,6.35008934165845,0,0,2.69829284851429,1.64214012354989,0.0263885897149359
272,0.00483484141576194,31.913498265,13.165014635,0,1.4990370255,3,1,0,463.011986275,0.000611304901937107,0.135175512608958,"29",30.9494772335268,0.531642446575593,12.3655673515089,0.792978721838726,0,0,2.99807873020536,1.73093345776421,0.0266217956579279
273,0.00478933299069924,32.0928795357143,3.17484150785714,0.00311919442857143,1.49905574157143,3,1,0,477.479879642857,0.000565796476874407,0.125718335010724,"29",30.9129094698214,0.669913923074024,12.5156875528214,1.9049924713712,0,0,2.99810680426786,1.7309658748993,0.0232770934449914
274,0.00472966324424034,31.74413393125,0.00140494825,9.423524226375,1.4990370255,3,1,0,491.9061041125,0.000506126730415507,0.113181188171943,"29",30.8435440926786,0.851968096260002,10.2094304078705,5.20742200013982,0.000779798607142858,0.00155959721428572,2.99807873020536,1.73093345776421,0.0167507104180728
275,0.00466773712989413,30.8375653514286,0,16.6706847842857,1.49905574157143,3,1,0,506.066769271429,0.000444200616069297,0.100001583823749,"29",30.6651302938839,0.749489601663137,10.4867296195625,6.9982062348267,2.35588105659375,4.7117621131875,2.99810680426786,1.7309658748993,0.00842964108775046
276,0.00460495866311406,29.87997355625,0.423481480375,3.69065928075,1.4990370255,3,1,0,519.760958875,0.000381422149289227,0.0864608776405813,"29",30.4335744078572,0.385887216139901,8.3734564155625,6.20605697578615,4.16767119607143,8.33534239214285,2.99807873020536,1.73093345776421,-0.000581965904863245
277,0.00454180403409129,29.2297848757143,11.6060232291429,0.00840748214285714,1.49905574157143,3,1,0,533.101836171429,0.000318267520266456,0.0726514822602686,"29",30.1878532462053,0.450382282554708,8.06237132705804,6.13262762124339,0.9226648201875,1.845329640375,2.99810680426786,1.7309658748993,-0.00969539454604718
278,0.00447846276028434,29.292899555,7.3106633835,0.004304532625,1.4990370255,3,1,0,546.302062525,0.000254926246459506,0.0586070387873274,"29",29.9966905533036,0.663981606122743,11.4765270718795,1.04340826221442,0.00210187053571429,0.00420374107142857,2.99807873020536,1.73093345776421,-0.01873076381138
279,0.00441506618661114,29.1835242914286,11.0155416017143,7.11624285714286e-05,1.49905574157143,3,1,0,559.5260159,0.000191529672786307,0.0443500106785146,"29",30.1592984961786,0.608424223032814,10.1709165627036,2.12330045198392,0.000860906525,0.00192504551217312,2.69829284851429,1.64214012354989,-0.0272488618057558
280,0.00435172408746063,29.30774744625,14.2463028625,0,1.4990370255,3,1,0,572.713146875,0.000128187573635797,0.0298992942825826,"29",30.1808268988571,0.686547148610828,11.3285494370429,1.05147888920122,1.42324857142857e-05,3.18248055459375e-05,2.69827413247857,1.64210595288376,-0.0341574302899484
281,0.00428857371426005,29.7340482528571,14.1999878442857,0,1.49905574157143,3,1,0,586.048425128571,6.50372004352166e-05,0.0152813962200078,"29",30.0717028550446,0.707212348320211,12.3745655999553,2.25555686917644,0,0,2.99810212525,1.73097127774687,-0.0388791421846103
282,0.00422591625208628,30.1857983175,12.46787832875,0,1.4990370255,3,1,0,599.578489225,2.37973826144704e-06,0.000563288140420504,"29",30.2432414501786,0.662666224406104,10.8361134314687,3.4107398801555,0,0,2.99808340922322,1.73092805488291,-0.0427174318281129
283,0.00416463204553535,30.3920033157143,11.7451689971429,0,1.49905574157143,3,1,0,613.277168185714,-5.8904468289483e-05,-0.0140448859010043,"29",30.3380429850447,0.532741729016711,11.9358008489822,0.660867562544514,0,0,2.99810212525,1.73097127774687,-0.0453916818650036
284,0.00411275146471071,30.49778492625,12.2885895825,0,1.4990370255,3,1,0,627.0168374375,-0.000110785049114124,-0.0265805522486975,"29",30.3186218675,0.604886202096919,12.6801304960268,0.902644088740079,0,0,2.99808340922322,1.73092805488291,-0.0461679122679428
285,0.00408926778526103,30.6877334314286,9.985763566,0,1.49905574157143,3,1,0,640.840051142857,-0.000134268728563803,-0.03230688434624,"29",30.3520280787946,0.75070949075012,12.5816436875893,0.658904286148228,0,0,2.99810212525,1.73097127774687,-0.0509220124411051
286,0.00406726682096116,30.66935696,3.947149314875,0,1.4990370255,3,1,0,654.7058983875,-0.000156269692863673,-0.0377015815258446,"29",30.4086917144196,0.860835425823849,11.2328299403571,1.35476186606638,0,0,2.99808340922322,1.73092805488291,-0.0499234953544492
287,0.00401740006463004,30.43940773,12.7729667114286,0,1.49905574157143,3,1,0,668.510544885714,-0.000206136449194793,-0.0500378690220984,"29",30.3731829351786,0.866957257655864,9.26703184961161,5.06901737714639,0,0,2.99810212525,1.73097127774687,-0.0505202730615627
288,0.00395987249536764,30.58654991,15.0831152625,0,1.4990370255,3,1,0,682.2755733125,-0.000263664018457193,-0.0644609853577878,"29",30.2640073708036,0.857156012847053,9.10321679295537,6.8859991533419,0,0,2.99908753716071,1.73208829810517,-0.0510680604674368
289,0.003915038232835,30.9882995042857,14.8994172771429,0,1.49905574157143,3,1,0,696.1852629,-0.000308498280989834,-0.075847716551519,"29",30.2215922127232,0.726290688172831,10.0050722739241,5.79919602765458,0,0,2.76326930939286,1.50933812003529,-0.0521125441355871
290,0.00390264524554233,31.4288970675,15.03762202625,0,1.495240568125,3,1,0,710.2756306875,-0.000320891268282503,-0.0790182202924754,"29",30.2971014866964,0.660669874342823,9.02441456132144,6.35828075135507,0,0,2.62285589316072,1.43504618198996,-0.0546595034303147
291,0.00388224310343562,31.8081615285714,15.5573574257143,0,2.94353062385714,3,1,0,724.563880028571,-0.000341293410389213,-0.084259705430668,"29",30.2450497644643,0.783829207354521,7.87247851835357,6.41626844200058,0,0,2.99733347572857,1.50000084079061,-0.0607794812319315
292,0.00383835517754855,32.11212068875,9.988884879375,0,4.5147033305,3,1,0,738.9992982125,-0.000385181336276283,-0.0956288755106938,"29",30.3315271848929,0.972617364614705,7.85548476771786,7.00738451624896,0,0,3.28698774366071,1.25768314945477,-0.0639494753566741
293,0.00379696006913118,32.0953625742857,0.0109224774285714,0,3.11820552342857,3,1,0,753.5289583,-0.000426576444693653,-0.106472046114248,"29",30.4590104628571,1.13766268074078,4.258591552725,4.12017234489668,0,0,3.00160373151786,1.50344454340534,-0.0667656972007636
294,0.00376628743516714,31.7777874,0,0.04027233225,2.9972332655,3,1,0,767.950205775,-0.000457249078657693,-0.114583059615871,"29",30.3963597376429,1.24613195364139,7.57905802504643,5.19981226234456,0,0,2.7223079133,1.26250197993046,-0.0642301960778615
295,0.00375264651912954,31.3723350514286,0,11.2010923122857,2.99811148314286,3,1,0,782.226339228571,-0.000470889994695294,-0.118211481071198,"29",30.6042233433928,1.10886696455276,7.98845860985715,5.53088825866438,0.0100680830625,0.020136166125,2.99787789177232,1.22395104087186,-0.0596079797292118
296,0.00377702775575982,30.92828852375,0,16.16040415125,2.998074051,3,1,0,796.28670085,-0.000446508758065014,-0.11173541841465,"29",30.4390431917411,0.994966317884411,8.34403349504465,5.7052304457007,2.80027307807143,5.60054615614285,2.99809744616072,1.22398152864128,-0.0544760965164848
297,0.00382204320074462,30.4299361442857,0,17.8032665257143,2.99811148314286,3,1,0,810.160578342857,-0.000401493313080213,-0.0998876621238853,"29",30.3280234093304,0.86642255897184,8.71060870092857,5.86710535674769,4.0401010378125,8.080202075625,2.99808808814732,1.22395096546107,-0.0486246686892267
298,0.00385902514676664,29.98291590625,0.158274405125,0.797069343125,2.998074051,3,1,0,823.7913175,-0.000364511367058193,-0.0902582123775604,"29",30.3268978839286,0.707499907071304,6.54228380952679,7.29791005138449,4.45081663142857,8.90163326285715,2.99809744616072,1.22398152864128,-0.0412113781166115
299,0.00390210054474111,29.4705301142857,10.04203516,0.000738348428571429,2.99811148314286,3,1,0,837.2322032,-0.000321435969083724,-0.0791578022347403,"29",30.3820637386607,0.689575429940752,8.4599919525268,6.05322263090548,0.19926733578125,0.3985346715625,2.99808808814732,1.22395096546107,-0.0329901803573241
300,0.00393655353204227,29.410551205,13.1075570875,0.007041456625,2.998074051,3,1,0,850.498365275,-0.000286982981782563,-0.0703672093738126,"29",30.4554737291072,0.849448431231809,10.0475073986652,2.73796224710406,0.000184587107142857,0.000369174214285714,2.99809744616072,1.22398152864128,-0.026804612692261
301,0.00396822631164882,29.7145665457143,10.7318375131429,0.0221376692857143,2.99811148314286,3,1,0,863.8562794,-0.000255310202176014,-0.0623535900375538,"29",30.5180208438839,0.826930508820217,12.4357316326429,0.782544429586836,0.00176036415625,0.0035207283125,2.99808808814732,1.22395096546107,-0.0229378270523781
302,0.00402118498914892,29.82568010125,9.516110073,0.000193882875,2.998074051,3,1,0,877.3020215875,-0.000202351524675914,-0.0490961797374574,"29",30.5023727627678,0.542884975595959,12.1710686858929,3.30271485503494,0.00553441732142858,0.0110688346428572,2.99809744616072,1.22398152864128,-0.0195729161796746
303,0.00407532002926353,29.84532569,9.04863408514286,0,2.99811148314286,3,1,0,890.787223371429,-0.000148216484561303,-0.0357235342839815,"29",30.3657379909822,0.365757497538928,10.14415752475,7.02659881789191,4.847071875e-05,9.69414375e-05,2.99808808814732,1.22395096546107,-0.0170741649253559
304,0.00409795751192312,29.82790836875,12.24088652,0,2.998074051,3,1,0,904.248840925,-0.000125579001901713,-0.0301841310574416,"29",30.2214110045089,0.287132931624236,11.9016514195893,2.02624848945525,0,0,2.99809744616072,1.22398152864128,-0.0150375742804854
305,0.00407538428854301,29.9344929042857,10.6269441635714,0,2.99811148314286,3,1,0,917.752858928571,-0.000148152225281823,-0.0357077664986711,"29",30.1539169683929,0.260577543436839,12.089948999375,0.574382361864269,0,0,2.99808808814732,1.22395096546107,-0.0128842974842283
306,0.00407809018716954,29.96758145,10.240359005,0,2.998074051,3,1,0,931.2777492125,-0.000145446326655294,-0.0350440252512909,"29",30.2012945244643,0.225676821505616,11.8626778873357,1.99815016396338,0,0,3.29790017230357,1.25419554290977,-0.0104357866864014
307,0.0041031486011819,29.8654201314286,12.6992689385714,0,2.99811148314286,3,1,0,944.800516885714,-0.000120387912642933,-0.0289181823539684,"29",30.23015364675,0.195578536165125,10.8249618631536,3.10397559891589,0,0,3.29790391551786,1.25418883191456,-0.0083869335353377
308,0.00413326706894704,29.9130920825,12.71018904125,0,2.998074051,3,1,0,958.2865728375,-9.02694448777931e-05,-0.0216046609177116,"29",30.3264999982857,0.297021947557751,8.57547906558928,2.83561942878672,0,0,3.29790017230357,1.25419554290977,-0.00673310183717006
309,0.00415903181256486,30.06771825,11.0592545171429,0,2.99811148314286,3,1,0,971.845541314286,-6.45047012599737e-05,-0.0153905033541895,"29",30.3954299128929,0.320162133431896,8.30428428662857,3.36992980268365,0,0,3.29790391551786,1.25418883191456,-0.00640093182271734
310,0.00415840328740839,30.00703619125,11.34982729725,0,2.998074051,3,1,0,985.407065775,-6.51332264164431e-05,-0.0155416377207329,"29",30.4247986309643,0.340669478200085,8.64503940131429,3.25020282048262,0,0,3.29790017230357,1.25419554290977,-0.00881473387703046
311,0.00412180035967222,29.9873970857143,11.9464047885714,0,2.99811148314286,3,1,0,998.9663207,-0.000101736154152613,-0.0243827645421897,"29",30.2626863813839,0.371133863741381,9.6775954195268,3.8873646926264,0,0,2.99810212517857,1.22397388787289,-0.0110669200673537
312,0.00407968073635119,30.11591128875,12.33492091125,0,2.998074051,3,1,0,1012.531484375,-0.000143855777473644,-0.0346540782479439,"29",30.1119519811161,0.491514168002104,11.1734300209241,3.08500845936084,0,0,2.99808340912947,1.22395860630101,-0.0169783601287879
313,0.00403637135347669,30.2069912914286,11.61737086,0,2.99811148314286,3,1,0,1026.17044114286,-0.000187165160348143,-0.0453267039095726,"29",30.1166180725447,0.702545362849576,9.11858375195535,6.33496559463727,0,0,2.99810212517857,1.22397388787289,-0.0230324935436879
314,0.00398003213837528,30.22551966375,12.560070725,0,2.998074051,3,1,0,1039.807523,-0.000243504375449554,-0.0593829178618268,"29",30.2146019162947,0.886025345365083,7.1783296516875,5.00273757120713,0,0,2.99808340912947,1.22395860630101,-0.0326008267955525
315,0.00392244336570664,30.2981790614286,12.0781326742857,0,2.99811148314286,3,1,0,1053.47945585714,-0.000301093148118194,-0.0739580445202357,"29",30.3612551127232,1.02878615413138,6.8569336739643,7.66122044337047,0,0,2.99810212517857,1.22397388787289,-0.0394270668725458
316,0.00387408659119932,30.356520645,11.46503864375,0,2.998074051,3,1,0,1067.169525375,-0.000349449922625513,-0.0863628947879365,"29",30.5192950500447,0.942110011241136,9.48649320194643,6.79976215309225,0,0,2.99808340912947,1.22395860630101,-0.0440498797130663
317,0.00384819838149778,30.3009770042857,7.16266536328571,0,2.99811148314286,3,1,0,1080.88854142857,-0.000375338132327053,-0.0930677253156071,"29",30.6384241133929,0.752073350432926,10.8453184609375,4.85722536064199,0,0,2.99797674978572,1.22397391227997,-0.0455393863292306
318,0.003842448567993,30.06877586,6.515631508125,0,2.998074051,3,1,0,1094.51238625,-0.000381087945831833,-0.094562999891159,"29",30.7441966729464,0.615025349641115,9.10924721866518,6.3045822100399,0,0,3.08652125244196,1.23667193365498,-0.0433560605081632
319,0.00385771028367229,29.7849062,5.09933274528571,0,2.99811148314286,3,1,0,1108.04697157143,-0.000365826230152543,-0.090598994586526,"29",30.6788086539286,0.628460452336021,9.79727926367412,4.47997704731575,0,0,3.37226952689286,1.43461715917673,-0.038021272862198
320,0.00388924983040012,29.47678501,5.557619867375,0,2.998074051,3,1,0,1121.41827325,-0.000334286683424713,-0.082456518130015,"29",30.6777819205357,0.682699389213099,9.82497298436071,4.49283922958236,0,0,3.59714247752857,1.3403111599895,-0.0321105945179704
321,0.00393232221681571,29.1850020971429,9.62179285785714,0,2.99811148314286,3,1,0,1134.67558057143,-0.000291214297009124,-0.0714426655538034,"29",30.3530070849107,0.713543178986426,10.927057644692,4.27096116420836,0,0,3.37274218242411,1.43511048952633,-0.0263098877378008
322,0.00398987228698572,28.9957346275,8.770273144,0,2.998074051,3,1,0,1147.802534875,-0.000233664226839113,-0.056913590040959,"29",30.1602817494643,0.708954361566632,12.1925815132991,2.34949320231841,0,0,3.29773986898661,1.36280709117037,-0.0215822326189695
323,0.00405079940356694,28.8330930614286,8.68978702914286,0,2.99811148314286,3,1,0,1160.87309885714,-0.000172737110257893,-0.0417585672955294,"29",30.0324770939732,0.744815061140548,9.3604860178125,2.37639370907999,0,0,2.99955145958036,1.22397733502015,-0.0167464953706792
324,0.0041123876850989,28.59926955875,4.2470437645,0,2.998074051,3,1,0,1173.84685025,-0.000111148828725934,-0.0266690077985858,"29",29.8419513510268,0.737957052201737,9.84712472348214,1.69220861506101,0,0,2.99652220091518,1.22396260497722,-0.0100874307066107
325,0.00417386788410122,28.1726268442857,8.53059912871429,0,2.99811148314286,3,1,0,1186.68033042857,-4.96686297236136e-05,-0.0118296572149932,"29",29.5990360701428,0.606449261287595,9.27056338560356,4.93558879630786,0,0,2.96644870923929,1.46067511262971,-0.00575012248222557
326,0.00423425952849799,27.91679124375,9.565965182875,0,2.998074051,3,1,0,1199.330119125,1.07230146731566e-05,0.00253565352280205,"29",29.283135972,0.749015659013634,7.657594336025,4.95693780058416,0,0,2.99680510856072,1.49743401952354,0.00325993840914446
327,0.00429010226370394,27.7797167914286,11.5200454814286,0,2.99811148314286,3,1,0,1211.92015614286,6.65657498791069e-05,0.0156377564388475,"29",29.01287084025,0.931573339418249,7.98204129059284,4.47160465863042,0,0,2.76043186208929,1.28019974114223,0.0105313952749006
328,0.00430896919325054,27.8293704425,10.563784918375,0,2.996249896,3,1,0,1224.45815975,8.54326794257065e-05,0.0200258951994048,"29",28.7298415762143,0.866368879114305,13.0430370278929,1.35597034336741,0,0,2.69815208233214,1.25414456516365,0.0169013136630928
329,0.00427760441506361,27.8006877814286,7.81975037471429,0,2.27525748571429,1.71428571428571,0.571428571428571,0,1237.04093914286,5.40679012387768e-05,0.0127203229454498,"29",28.4548677285268,0.745951140640284,14.4332502742366,3.67424608842113,0,0,3.17278487996875,1.27320545680303,0.0210441957816747
330,0.00428080882439798,27.5740144275,9.04609828925,0,1.500976500625,0,0,0,1249.53760075,5.72723105731468e-05,0.0134691555431683,"29",28.2177675984822,0.555075231300537,10.9539535090089,4.79418362044555,0,0,3.56743750089286,2.05777397038592,0.0320805241535068
331,0.00433106579006856,27.3737306042857,11.5912707295714,0,1.49905574157143,0,0,0,1261.95581142857,0.000107529276243727,0.0251408384894765,"29",28.0701886946875,0.415244468940739,8.52346271124553,5.09820989988174,0,0,2.95223442823214,1.24340325180846,0.0447156939745931
332,0.00439104149974905,27.35092923875,10.02914562225,0.002224540875,1.4990370255,0,0,0,1274.294266625,0.000167504985924217,0.0388936281818291,"29",27.8711673813393,0.526845303826899,8.60897039536607,8.19461757704858,0,0,2.62301084847768,0.749319703688002,0.0577747166213987
333,0.00445273223272024,27.1821860542857,0.0545116001428571,3.46735478171429,1.49905574157143,0,0,0,1286.64756042857,0.000229195718895406,0.0528450778859639,"29",27.5011672687143,0.85043672538658,10.2526590192714,10.081804141367,0.000532453425,0.000964708910178826,2.76681009803214,1.17103141481812,0.0773484023531338
334,0.00451502820106179,26.22293971375,0,21.171986345,1.499183343,0,0,0,1298.717764625,0.000291491687236957,0.066738617860385,"29",26.2784840216071,1.25227320838212,10.6669505524702,11.7267114219488,1.05364180816964,1.38171869076958,2.93230166404464,1.77367462094482,0.0935875220090573
335,0.00457749475261323,24.8581794857143,0,25.8993788285714,1.52309418642857,0,0,0,1310.28154471429,0.000353958238788397,0.080479035848855,"29",24.9657909083036,1.26978721286143,11.212864275625,12.2896107478129,6.78243290319345,9.93995138048587,3.67569817863988,2.59125210214814,0.110321868968617
336,0.0046398975676865,23.01618279,0,31.7409697525,-9.311186314875,0,0,0,1321.092239875,0.000416361053861667,0.0940194743973946,"29",23.3579011466964,1.37511364343659,11.3900761387202,12.5019239886734,13.5622088370595,16.1302810228239,-0.371731176886905,4.83260543689341,0.121496762325082
337,0.00470203189504033,20.5641795071429,0,35.4139888671429,-39.4892512357143,0,0,0,1330.96139957143,0.000478495381215496,0.1073219174349,"29",21.2276202605357,1.57518722127171,11.7914704752381,12.9379188677632,18.2921957153571,20.2321303055639,-16.8875101690446,12.3332878614775,0.143087475438918
338,0.00476359413190421,18.13617245125,0,35.3718217475,-45.80147617,0,0,0,1339.55946975,0.000540057618079377,0.120329636822266,"29",18.7765724678274,1.45002982644782,11.3475368046726,12.4744455882829,18.543001861756,20.3937383235884,-39.5105184505952,7.06553299303513,0.14852584403272
339,0.00482409668777492,15.4551690514286,0,39.7702644828571,27.7713348801429,0,0,0,1346.94809642857,0.000600560173950087,0.132950685804722,"29",16.2622531240625,1.61220391380595,13.31592836,11.0544465583149,13.6810362017098,18.9044013726681,-33.4018904963527,21.7188691159586,0.150795537785885
340,0.00488205569138198,11.791251775,0,40.4890351275,200.1183253375,0,0,0,1352.934333875,0.000658519177557147,0.144893562662456,"29",14.4772894120635,2.00191381059655,11.2948976559325,10.7424014339946,17.1876671722817,20.3800653431103,30.7162312006984,79.9565145422958,0.153816159513173
341,0.00493033969840732,8.99331989314286,0.000134258285714286,32.8817869457143,411.325172285714,0,0,0,1357.57645228571,0.000706803184582487,0.154735073085979,"29",12.5989782761591,2.15355651596471,10.7389031614286,10.2960035844382,17.7066695554708,20.2263301536754,144.965029155588,145.053486007379,0.155854298653183
342,0.00492259446534075,7.587777042625,2.53741222225,5.870885138125,569.2612562,0,0,0,1360.472143125,0.000699057951515917,0.153162904963069,"29",10.8883467759505,2.34787015921299,10.225325997967,9.87093248563875,16.4187276609135,18.6139316876972,283.655953521986,202.876199026973,0.155308575126643
343,0.00487130720242752,6.95943817385714,16.9214244285714,0.718566326,625.1860553,0,0,0,1361.31723442857,0.000647770688602687,0.142689503774806,"29",10.2358106802742,2.39690825209272,8.64067172524235,9.29338491749841,15.7502262893673,18.0280650625554,349.471864076375,203.631603213701,0.142689503774806
344,0.00481287094327458,8.370516342625,18.71629183625,0.661934778,547.373915675,0,0,0,1359.712986375,0.000589334429449747,0.130620959323411,"29",11.431086778386,2.52607449957579,8.78561124133242,9.89418333746375,19.3385662168915,18.9110267233277,242.222863449371,199.503022569257,0.149136671175835
345,0.00475251852842464,10.8522205185714,19.0323622,0.205285795571429,294.494198085714,0,0,0,1355.82728242857,0.000528982014599806,0.118001877863709,"29",13.0946720533214,2.05386974983248,11.0106191750794,10.4600844155531,17.8184801705119,20.9539537775266,104.28629607429,125.621794865625,0.150450140538477
346,0.00469136439148494,13.16463554,19.14854454375,0.037742652125,91.52408393,0,0,0,1350.52525975,0.000467827877660107,0.10505063927549,"29",15.9979244138839,1.53888466396294,10.4771162233929,11.2121790453262,18.652319262067,19.990721338505,-24.4917111518705,30.0162388626861,0.152070170070254
347,0.00463009219719064,15.13558984,21.0893506314286,0.000158254428571429,-23.3600973571429,0,0,0,1344.43415042857,0.000406555683365807,0.0919039652782034,"29",17.7672596320833,1.64287475798066,10.9226750021428,11.9769509653056,17.7051252105655,19.3950031721647,-46.1475430137798,5.58588536674452,0.148163971038992
348,0.00456984999053808,17.4606883275,21.03523329375,0,-47.69094078375,0,0,0,1337.25245625,0.000346313476713247,0.0788075642027106,"29",19.5082383228929,1.13434834561386,13.8581865321071,12.6746838566939,15.1626160968572,20.8369418129741,-33.0692455282143,8.97366131889439,0.143406930477451
349,0.00451829043086595,19.9011892571429,24.3394904414286,0,-31.0007533742857,0,0,0,1328.89748085714,0.000294753917041117,0.0674608839525428,"29",21.8567648349286,1.28908605673872,13.6363493157143,12.4805697930132,13.870816535,19.1065281239928,-8.45933179756786,7.01604551612983,0.13284843946278
350,0.0044836444729566,22.4174112275,24.16838728375,0,-4.19997967275,0,0,0,1319.316442,0.000260107959131767,0.0597633992278288,"29",23.6947467092857,1.35249212621154,13.4487916082143,12.2856078387991,8.75202801997142,12.3166010386783,2.38778559948571,3.93174953029951,0.115964921866579
351,0.00445290574951047,24.8137234014286,22.39965538,0,7.51250626314286,0,0,0,1308.66122371429,0.000229369235685637,0.0528840457368247,"29",25.2574480678125,1.49098216169204,11.2193825684375,12.9653367514399,5.70845903696875,10.3387415780513,3.27528848978125,2.09877324500072,0.0970092563989002
352,0.00442547871623293,26.56220296875,21.80564178125,0,5.59966302525,0,0,0,1296.98569925,0.000201942202408096,0.0467056424445618,"29",26.5331759092857,1.39098305686939,10.5490153833928,12.2429420847682,1.16500026153571,1.63463062665741,2.62353906428571,1.43549522340742,0.0860611298168744
353,0.00438361219295646,28.0736238485714,19.2217606348571,0,2.99932970228571,0,0,0,1284.66156914286,0.000160075679131627,0.037200271689664,"29",27.35805312375,0.909823668954202,8.010383615375,10.0997544399384,0.00066556678125,0.00105960209721557,2.70868019696875,1.34383488445207,0.0740027247978447
354,0.00434112036075418,28.6111794725,0.50511855975,0,3.003656430625,0,0,0,1271.759962,0.000117583846929347,0.0274596482530258,"29",27.9108615510714,0.458441561361407,9.88975786951429,7.15098561497758,0,0,3.08684674866786,1.02573264891467,0.055018801315183
355,0.00430340646682286,28.09231849,1.61406596585714,0,4.19669989042857,0,0,0,1258.95841,7.98699529980266e-05,0.0187340966779237,"29",27.9811143403125,0.445991485870231,11.4109487802187,2.47789207145822,0,0,3.027187661375,1.34805841430509,0.0423537305839868
356,0.00425907427800488,27.7360210725,13.16401024175,0,4.496512823,0,0,0,1246.34212475,3.55377641800469e-05,0.00837901729395352,"29",28.2971965860714,0.480942129358693,12.3846904982143,6.29319126975628,0,0,3.56760110139286,2.05787248052229,0.0299258417117293
357,0.00422501974038881,28.0537370228571,18.8869581985714,0,4.497167225,4,1,0,1233.79274128571,1.48322656397682e-06,0.000351119528467336,"29",28.650086921875,0.707151188874933,13.1776513427188,2.21224092932033,0,0,3.1727708429375,1.27318598862493,0.0191630070313831
358,0.00421274714729194,28.83461379625,13.8645624725,0,4.497111076875,4,1,0,1220.91001825,-1.07893665328932e-05,-0.0025578495444325,"29",28.9110600267857,1.00705119936781,12.5504297371428,1.66570331595452,0,0,2.99794488357143,1.2239739330828,0.0111887898908067
359,0.00419502602571846,29.2545993885714,11.3307038528571,0,4.497167225,4,1,0,1207.79241485714,-2.85104881063737e-05,-0.0067732694966498,"29",29.218112255625,1.04220729799526,7.8770815355625,5.86494695550438,0,0,3.0757618551875,1.23378128093606,0.00452622083896191
360,0.00416609571338259,29.55089976125,15.330969855,0,4.497111076875,4,1,0,1194.501896125,-5.74408004422435e-05,-0.0136934957537047,"29",29.4840208982143,0.922498921227768,8.42412272921428,3.30031947467769,0,0,3.37126116635715,1.43355321557721,-0.00307658381526038
361,0.00414066288925208,30.0717652428571,12.8235280428571,0,4.497167225,4,1,0,1181.06048385714,-8.28736245727536e-05,-0.0198169198724294,"29",29.700077624375,0.778693511429739,9.5674250883125,4.67746613242829,0,0,3.333282914125,1.39554096927429,-0.0116115003681328
362,0.00414034698849442,30.3866008825,9.654864141375,0,4.497111076875,4,1,0,1167.37288,-8.31895253304137e-05,-0.0198932150960429,"29",29.92914938,0.761247864062357,9.32703712435714,2.36098811525946,0,0,2.99654091696429,1.22397791832944,-0.0168802787891659
363,0.00417656163341885,30.4872964342857,9.70540490514286,0,4.497167225,4,1,0,1153.63369157143,-4.69748804059833e-05,-0.0111844809780344,"29",30.0710650334375,0.750284397444228,11.3416753437187,1.95344205410576,0,0,2.99953274353125,1.22396208304104,-0.0197283880306501
364,0.00422618722075947,30.511764595,13.26247457375,0,4.497111076875,4,1,0,1139.8438755,2.65070693463657e-06,0.000627406774968975,"29",30.1978343525,0.733442968465859,11.7568709859286,2.47412557985428,0,0,3.29775858503571,1.36281532876147,-0.0218471651012452
365,0.00424950571555978,30.6460399971429,9.94795726157143,0,4.497167225,4,1,0,1126.04627242857,2.59692017349463e-05,0.00612986026395923,"29",30.3913441103125,0.70229855291066,11.0099743721875,4.19010813160672,0,0,3.372723466375,1.43510397078981,-0.0241914792788614
366,0.00422203067749039,30.64473722125,12.160132835625,0,4.497111076875,4,1,0,1112.182460875,-1.50583633444328e-06,-0.000356598030808009,"29",30.6078412389286,0.728391770032968,9.44320457296429,4.8652028729595,0,0,3.37227888492857,1.4346139047826,-0.0278850060442541
367,0.00419708699380992,30.7743000657143,14.77991282,0,4.497167225,4,1,0,1098.34193242857,-2.64495200149135e-05,-0.00628210163964393,"29",30.686146386875,0.678488221250037,8.947488754875,6.37903516375562,0,0,3.08651189440625,1.23667282580518,-0.0321679649353723
368,0.00419701452409181,31.19801986125,13.2368607575,0,4.497111076875,4,1,0,1084.325285875,-2.65219897330237e-05,-0.00629936845878554,"29",30.6245382032143,0.759489452470349,9.76972514082142,5.142249552603,0,0,2.99798610782143,1.22397391341497,-0.0352381499642529
369,0.00420664580756606,31.5034563742857,12.5506061828571,0,4.497167225,4,1,0,1070.18128128571,-1.68907062587731e-05,-0.00400720359684748,"29",30.5338804459375,0.93798829261793,9.3332196943125,6.7284067419165,0,0,2.99807405109375,1.22395860615791,-0.0351520138077004
370,0.00422329327788863,31.72690259875,9.80603712775,0,4.497111076875,4,1,0,1055.880019125,-2.43235936203332e-07,-5.75922414700614e-05,"29",30.3794199621428,1.02622893513395,6.73644916128572,7.54453393198529,0,0,2.99811148321429,1.22397388772979,-0.0319094361990513
371,0.00424882324585758,31.7351473428571,0.0562610714285714,0,4.497167225,4,1,0,1041.54335414286,2.52867320327463e-05,0.00596924758570072,"29",30.219234009375,0.88602072743651,7.4140046179375,5.29521888094398,0,0,2.99807405109375,1.22395860615791,-0.0264479696549993
372,0.00426170069265371,31.42396972875,0.000662736,0,4.497111076875,4,1,0,1027.265301625,3.81641788288764e-05,0.00899549048551318,"29",30.1346927163214,0.609763030926254,9.61834117356428,5.59889535678195,0,0,2.99810399677143,1.05999248047499,-0.0205553590585896
373,0.00426772231611687,31.0898933285714,0.244963942285714,0,4.497167225,4,1,0,1013.15640028571,4.4185802292037e-05,0.0104074557066509,"29",30.1127438426429,0.425667438540333,11.4057281989893,2.72172190229053,0,0,2.99808153750357,1.05997924624553,-0.0150143914488817
374,0.00428383296032837,30.777005175,8.01886041575,0,4.497111076875,4,1,0,999.174596,6.02964465035369e-05,0.0141753464292469,"29",30.20762852225,0.344183232993358,10.1313572933357,3.51613457943829,0,0,2.99810399677143,1.05999248047499,-0.00958738179237193
375,0.00430160904075587,30.6468441885714,8.64681156242857,0,4.497167225,4,1,0,985.321552614286,7.80725269310363e-05,0.0183163342579089,"29",30.3692872415625,0.366329763301752,8.64459636103573,3.75301077231773,0,0,2.99808340912947,1.22395860630101,-0.00610162706353652
376,0.00430630473540838,30.62813516625,10.99911514775,0,4.497111076875,4,1,0,971.468318975,8.27682215835471e-05,0.0194073523910578,"29",30.3372535995536,0.337799495785907,7.63057657134821,3.48080765472116,0,0,2.99810212517857,1.22397388787289,-0.00382010340133983
377,0.00429764904442529,30.67380194,5.768183596,0,4.497167225,4,1,0,957.635394528571,7.41125306004562e-05,0.0173953253803569,"29",30.2396745128571,0.259560430295697,9.2773029329866,2.72713618793784,0,0,2.99808340912947,1.22395860630101,-0.00432025911541736
378,0.00426165343094033,30.45897259375,8.520499814625,0,4.497111076875,4,1,0,943.8047209375,3.81169171154968e-05,0.00898440055270378,"29",30.17294891,0.170837366230025,11.4010773752857,3.26090357663207,0,0,2.99810212517857,1.22397388787289,-0.00664980012653356
379,0.00421269132322155,30.2810219442857,15.3792774028571,0,4.497167225,4,1,0,930.105761828571,-1.08451906032829e-05,-0.00257110085930723,"29",30.1813626695089,0.255456802754259,10.9835280084553,0.413249771236426,0,0,2.99808340912947,1.22395860630101,-0.00964931810369194
380,0.00419053397965644,30.46544001625,11.2808291775,0,4.497111076875,4,1,0,916.3712034125,-3.30025341683934e-05,-0.00784464609682534,"29",30.1587473279018,0.268340643857943,12.4965494989286,0.337502937036273,0,0,2.99810212517857,1.22397388787289,-0.012380332345488
381,0.00419238533558322,30.4847614542857,12.9072311757143,0,4.497167225,4,1,0,902.606929085714,-3.11511782416134e-05,-0.00740294891638271,"29",30.23419259875,0.303438461539028,12.7079319756607,2.97793799374591,0,0,2.99808340912947,1.22395860630101,-0.0142741117440751
382,0.0041994285345515,30.53588783125,16.1323534,0,4.497111076875,4,1,0,888.822166525,-2.41079792733332e-05,-0.00572436057703296,"29",30.4460393438839,0.44272693890942,10.0901152001071,6.96575890847297,4.847071875e-05,9.69414375e-05,2.99810212517857,1.22397388787289,-0.0159391844905236
383,0.0042199464938746,30.8570932428571,15.9161841014286,0,4.497167225,4,1,0,874.979018414286,-3.59001995023367e-06,-0.000850364731771691,"29",30.5855758361161,0.633339292991895,11.0181788091607,2.17040640260035,0.00553441732142858,0.0110688346428572,2.99808340912947,1.22395860630101,-0.0177006610348843
384,0.00422565858023554,31.18990553625,11.3046245945,0,4.497111076875,4,1,0,860.9465352875,2.12206641070703e-06,0.000502312085700396,"29",30.4097912652857,0.738280954880176,11.6087359407714,2.87785595275387,0.001408291325,0.00314903513482325,2.69828910524286,1.25420225372978,-0.0205938131385703
385,0.00419023078703626,31.1447465571429,6.47670959528571,0,4.497167225,4,1,0,846.856150457143,-3.33057267885737e-05,-0.00791700049920241,"29",30.2279252706786,0.751976155143421,11.0544386703286,2.37542858922678,0.000147669685714286,0.000330199455473173,2.69827787561786,1.25418212077618,-0.0222291483324549
386,0.00413426524728187,30.83564397125,7.878571195125,0,4.497111076875,4,1,0,832.8551164625,-8.92712665429632e-05,-0.0213631914495913,"29",30.1111242464643,0.700920322345427,7.88204220286787,6.94052156506865,0.159413868625,0.356460246801721,2.69828910524286,1.25420225372978,-0.0284356916253283
387,0.00407842060188764,30.5253840314286,0.449755156857143,0,4.497167225,4,1,0,818.997267414286,-0.000145115911937194,-0.0349630066101776,"29",30.1913734183036,0.765692662463411,8.7261016666875,5.88107002238559,4.45081663142857,8.90163326285715,2.99808808814732,1.22395096546107,-0.0378663097720953
388,0.00402633209946253,30.140258785,10.608844838,0,4.497111076875,4,1,0,805.2858403625,-0.000197204414362303,-0.0478169998784104,"29",30.3159885631697,0.859303355638233,8.33256468428572,5.69357802267401,4.0401010378125,8.080202075625,2.99809744616072,1.22398152864128,-0.0446489211284022
389,0.00397009460733553,30.0598907942857,11.0705648414286,0,4.497167225,4,1,0,791.714752671429,-0.000253441906489303,-0.0618828870530805,"29",30.4802523957589,0.955715964644454,7.97750857525893,5.51835344862168,2.80027307807143,5.60054615614285,2.99808808814732,1.22395096546107,-0.0496183945141547
390,0.00391955702867324,30.158599645,9.390345442,0,4.497111076875,4,1,0,778.099733575,-0.000303979485151594,-0.074694167178988,"29",30.5581050527232,1.16822900480451,7.87160149424108,6.19004025114204,0.0100680830625,0.020136166125,2.99788724978572,1.22398160619294,-0.0541953924726084
391,0.00391083314000723,30.1046784314286,5.85332410357143,0,4.497167225,4,1,0,764.491369471429,-0.000312703373817604,-0.0769223810648159,"29",30.6410438038839,1.24420133688242,5.35814180344643,5.33593387467587,0,0,3.02811159821875,1.22542379752781,-0.0575715593820938
392,0.00395012525432917,29.8355131825,2.275658708375,0,4.497111076875,4,1,0,750.9358524125,-0.000273411259495663,-0.0669255235369732,"29",30.6388745872321,1.22003842999299,5.89468693652679,5.78508106031795,0,0,3.37725476603572,1.43984312367368,-0.058873622496706
393,0.00400132209693145,29.4989007871429,11.7062558657143,0,4.497167225,4,1,0,737.548460828571,-0.000222214416893384,-0.0540479814862671,"29",30.5396837843304,0.986129598313971,6.89279199321875,7.70017756229917,0,0,2.98444287332589,1.22425482728224,-0.0578959675437137
394,0.00404157978297814,29.481804,11.196946721625,0,4.497111076875,4,1,0,724.227225825,-0.000181956730846694,-0.0440371615475845,"29",30.4358612055804,0.759248045545117,7.04136146753571,7.09128318985233,0,0,2.62238907544197,1.43623860870034,-0.0592574521697181
395,0.0040331915290089,29.5930780657143,10.8664783125714,0,4.497167225,4,1,0,710.894618071429,-0.000190344984815933,-0.0461148072058402,"29",30.5234606028571,0.763908214050236,10.2270560543072,6.12801218896012,0,0,2.39733282815357,1.34120148470841,-0.0522236317440987
396,0.00400212694043339,29.66095564,13.5518981275,0,4.497111076875,4,1,0,697.5040284125,-0.000221409573391443,-0.0538468573257251,"29",30.3220296112946,0.815841029691862,9.95914777758485,5.74606183632889,0,0,2.76327398841071,1.50933289448399,-0.0489064501251364
397,0.00397746112964511,29.8372069428571,10.8978955431429,0,4.497167225,4,1,0,684.077076257143,-0.000246075384179724,-0.0600291034553084,"29",30.3007929158036,0.870249962057038,9.68075393072322,7.37583617134129,0,0,2.99908285814286,1.73209370098404,-0.0484845763603326
398,0.00393536817164991,29.79056742375,7.8233807805,0,4.497111076875,4,1,0,670.589347625,-0.000288168342174923,-0.0706683710001146,"29",30.3156956276786,0.848192621240865,11.47348619875,3.72386346876544,0,0,2.99810680426786,1.7309658748993,-0.0487200489470844
399,0.00389555433179319,29.5877352242857,7.38564402157143,0,4.497167225,4,1,0,657.177934271429,-0.000327982182031643,-0.0808368235357717,"29",30.61598712625,0.881909010843862,9.73054584846072,3.46110449998503,0,0,2.69827038926429,1.64210936995526,-0.0515670321854684
400,0.0038888409563303,29.37683403,11.3964977325,0,4.497111076875,4,1,0,643.8604203125,-0.000334695557494533,-0.0825616529428874,"29",30.4493874057143,0.842438540179448,11.2851345485714,1.29377220334597,0,0,2.99811148328572,1.73096047201799,-0.0519646519013307
401,0.00390340341860516,29.3935650142857,11.8457351257143,0,4.497167225,4,1,0,630.599146042857,-0.000320133095219674,-0.0788239675845031,"29",30.4104961634375,0.705295569259909,13.0639223121875,0.70971274932,0,0,2.9980740511875,1.73093886061179,-0.0534891318668746
402,0.00392260398679168,29.497273855,13.894994845,0,4.497111076875,4,1,0,617.29193505,-0.000300932527033154,-0.0739170961170581,"29",30.4020791753572,0.539728877635391,11.7966789030715,0.606678252698822,0,0,2.99811148328572,1.73096047201799,-0.054309141772232
403,0.00393359837949836,29.6720749871429,10.9725892287143,0,4.497167225,4,1,0,603.9329835,-0.000289938134326474,-0.0711181866461477,"29",30.3399516134375,0.557922119971735,11.0015307043438,2.99860222797252,0,0,2.9980740511875,1.73093886061179,-0.0528165480085549
404,0.00394324186316974,29.63140433875,12.81131244,0,4.497111076875,4,1,0,590.5206510875,-0.000280294650655094,-0.0686696189597304,"29",30.1985987867857,0.607145618667273,11.9996073803928,2.57288901038141,0,0,2.99811148328572,1.73096047201799,-0.0494466093151503
405,0.00397007822581346,29.6932434242857,14.2550256885714,0,4.497167225,4,1,0,577.139678214286,-0.000253458288011373,-0.0618870132911367,"29",30.0805267415625,0.667515929856733,11.697794059,1.75277134717518,0,0,2.9980740511875,1.73093886061179,-0.0453815948375851
406,0.00401996807657715,29.85605327625,10.25591196275,0,4.497111076875,4,1,0,563.67161915,-0.000203568437247684,-0.0493988508944039,"29",30.0055479196429,0.666331411224331,10.8718854572143,1.61128593811258,1.77906071428571e-05,3.55812142857143e-05,2.99811148328572,1.73096047201799,-0.0398065984322275
407,0.00406781511934506,29.7852047357143,9.45912766285714,0,4.497167225,4,1,0,550.199101442857,-0.000155721394479774,-0.0375667830381907,"29",30.012469223125,0.639999037784995,10.4026871104688,2.30876766331408,0.00107613315625,0.0021522663125,2.9980740511875,1.73093886061179,-0.0321189918200982
408,0.0040792544566409,29.66981820875,12.84854280875,0,4.497111076875,4,1,0,536.7680846,-0.000144282057183934,-0.0347585722021533,"29",30.0253060760714,0.664818614433478,10.85800676425,3.45301246957736,0.00210187053571429,0.00420374107142857,2.99811148328572,1.73096047201799,-0.0232565426743441
409,0.00407229480899404,29.7505436057143,14.6748637285714,0,4.497167225,4,1,0,523.355610271429,-0.000151241704830793,-0.0364661369706099,"29",30.1941764590625,0.346769154532077,8.47932678565625,6.01630907189896,0.9226648201875,1.845329640375,2.9980740511875,1.73093886061179,-0.0143628170913935
410,0.0040691295476457,30.02854161625,14.70381180875,0,4.497111076875,4,1,0,509.8492014625,-0.000154406966179133,-0.0372437064207229,"29",30.4384881489286,0.339225756267056,10.4863783825,6.99890790702395,4.16767119607143,8.33534239214285,2.99811148328572,1.73096047201799,-0.00654370958179425
411,0.00407976940240298,30.3569718371429,14.3305882742857,0,4.497167225,4,1,0,496.215614785714,-0.000143767111421853,-0.0346323449085366,"29",30.7563576915625,0.682487129326557,9.41607126796875,6.67214107452841,2.35588105659375,4.7117621131875,2.9980740511875,1.73093886061179,0.000123229846678008
412,0.00409900367930916,30.54200118375,12.193393312875,0,4.497111076875,4,1,0,482.4389027875,-0.000124532834515674,-0.029928873690281,"29",30.9577547875,0.759267410574352,10.0181442710357,4.92496627218384,0.000779798607142858,0.00155959721428572,2.99811148328572,1.73096047201799,0.00517019995260842
413,0.00410869744417318,30.62318063,13.2587877128571,0,4.497167225,4,1,0,468.633093714286,-0.000114839069651654,-0.0275667581626236,"29",30.9926798790625,0.617464647482135,12.4907345141875,0.889499067470416,0,0,2.9980740511875,1.73093886061179,0.00775425593376185
414,0.004107419909921,30.72908396125,12.92677517125,0,4.497111076875,4,1,0,454.76150565,-0.000116116603903833,-0.0278777406319133,"29",31.0317210467857,0.476632600297366,10.0784292955,5.64586726342898,0,0,2.99811148328572,1.73096047201799,0.00804071695364783
415,0.00411610419569238,30.8266957928571,16.2386413228571,0,4.497167225,4,1,0,440.874581085714,-0.000107432318132454,-0.0257656804793855,"29",31.1018990809375,0.468040013097515,9.29909471828125,6.57793122965018,0,0,2.9980740511875,1.73093886061179,0.00686961726807686
416,0.00414881463697949,31.116414575,15.7248728425,0,4.497111076875,4,1,0,426.8821769875,-7.47218768453435e-05,-0.0178501493171943,"29",31.1220601078571,0.521398604904992,11.0148201725,3.53179180997145,0,0,2.99811148328572,1.73096047201799,0.00573887686014935
417,0.00417629970062512,31.4465998528571,15.7802254971429,0,4.497167225,4,1,0,412.756085785714,-4.72368131997133e-05,-0.0112471978787632,"29",31.0670674246875,0.698547607740523,10.6993666928125,4.81123090120828,0,0,2.9980740511875,1.73093886061179,0.00673166647027785
418,0.00418002686561808,31.7471851875,13.9073235,0,4.497111076875,4,1,0,398.4727843125,-4.35096482067536e-05,-0.0103551395989978,"29",30.8610477575,0.866354277726976,9.78029426585715,7.51239184771716,0,0,2.99811148328572,1.73096047201799,0.0111730263219106
419,0.00417863885868542,31.7720232385714,0.0746831975714286,0,4.497167225,4,1,0,384.110146271429,-4.48976551394135e-05,-0.0106872516747734,"29",30.573075094375,0.77664755197533,10.5883414920625,7.53607771206098,0,0,2.9980740511875,1.73093886061179,0.0181275509780243
420,0.00418339627507533,31.33217569625,0.0060820945,0,4.497111076875,4,1,0,369.8417010625,-4.01402387495029e-05,-0.00954939068440019,"29",30.3879089139285,0.638069889817402,9.64800090078573,6.56623248122038,0.00134761575,0.0026952315,2.99811148328572,1.73096047201799,0.0253187854166874
421,0.004194247834666,30.8783388928571,0.0516814502857143,0.005390463,4.497167225,4,1,0,355.793456857143,-2.9288679158833e-05,-0.00695878997174404,"29",30.210889288125,0.603073318788287,9.9084416726875,6.8248622017423,0.12105347553125,0.2421069510625,2.9980740511875,1.73093886061179,0.031759039983314
422,0.00423126215030467,30.39989108375,0.00634021825,0.484213902125,4.497111076875,4,1,0,341.948363225,7.72563647983681e-06,0.001827515652157,"29",30.0611657382143,0.660438250217254,10.3841645071071,3.55138310781265,0.000257063714285715,0.00051412742857143,2.99811148328572,1.73096047201799,0.0388567624114046
423,0.00427356327984448,29.9558692385714,5.33529803485714,0.00102825485714286,4.497167225,4,1,0,328.319776742857,5.00267660196469e-05,0.0117751571927398,"29",29.9277940553125,0.713228402268928,12.3935655325,0.688715736735146,0,0,2.9980740511875,1.73093886061179,0.0475863092961382
424,0.00428553325780982,29.6283476875,12.29130258625,0,4.497111076875,4,1,0,314.8692510875,6.19967439849864e-05,0.0145721779849994,"29",29.9184233121428,0.757441455902586,11.3487533511786,1.28163149160845,0,0,2.998386662,1.73127827934538,0.0554628797005398
425,0.00427468268313592,29.5962904614286,13.2371171585714,0,4.497167225,4,1,0,301.504511442857,5.1146169311087e-05,0.0120370596406794,"29",29.906234421875,0.794281209886236,11.5427686127187,0.571791969883521,0,0,2.8161597465,1.54962270275674,0.0586628285287168
426,0.00425903772354202,29.6612713025,11.329504724875,0,4.497111076875,4,1,0,288.1114652375,3.55012097171866e-05,0.0083704345324227,"29",29.8962827189286,0.969170524339878,9.98582279642857,3.96692318491456,0,0,2.62350692146429,1.43529212424384,0.057889115638708
427,0.00426722390723612,29.6496396028571,10.6360909842857,0,4.497167225,4,1,0,274.715882685714,4.36873934112868e-05,0.010290663202845,"29",29.5736323134643,1.32363151393842,9.39172275752142,5.94840458083228,0,0,2.39846298408929,1.34077633731143,0.0563776279180422
428,0.00431290520701732,29.62969702125,12.7682117325,0,4.497111076875,4,1,0,261.3250726375,8.93686931924863e-05,0.0209389249574778,"29",29.5668906252857,1.34480180491868,8.23365452962499,5.58699899416104,0,0,2.39848544335714,1.34079935500088,0.0556556724844325
429,0.00436506370678366,29.7124550042857,12.9367186485714,0,4.497167225,4,1,0,247.929895885714,0.000141527192958827,0.0329599697849208,"29",29.5307821283571,1.1884369362642,10.4472467371464,2.3077703819192,0,0,2.39963857398929,1.34143592412675,0.056271936003018
430,0.00439179324202862,29.86445125375,12.7553051225,0,4.497111076875,4,1,0,234.469557625,0.000168256728203787,0.039064812608359,"29",29.8210350751339,1.11317277138374,11.6317764847946,1.25644276426141,0,0,2.922989970625,1.64879771011063,0.0500588926865563
431,0.00438348932268921,30.0446966671429,10.9871067114286,0,4.497167225,4,1,0,220.944292785714,0.000159952808864377,0.0371722418409766,"29",29.7435813899107,1.24843902228498,11.8115015248795,3.9519644758172,0,0,2.99792916673661,1.730760773979,0.0505804449609708
432,0.00436268694334715,30.05527674875,7.041649651,0,4.497111076875,4,1,0,207.351640175,0.000139150429522316,0.0324153246555916,"29",29.6403284704464,1.31120625247293,12.4767179354464,2.08613221749815,0,0,2.99810680426786,1.7309658748993,0.0509714812287239
433,0.00435400506416234,29.9181958628571,12.1148153037143,0,4.497167225,4,1,0,193.813968757143,0.000130468550337506,0.0304233116651078,"29",29.6446474820536,1.055063923898,9.09377697045536,3.02072282468663,0,0,2.99826801598661,1.73080664141932,0.0522680874093383
434,0.00437878010850127,29.96409997125,8.98102769825,0,4.497111076875,4,1,0,180.2882255,0.000155243594676437,0.0360973571730625,"29",29.6138667804911,0.791502999866361,9.52578595245983,2.12987514549761,0,0,3.07262710419643,1.64811165851208,0.0570363033113365
435,0.0044299696503529,29.9607472642857,9.22981864914286,0,4.497167225,4,1,0,166.748421957143,0.000206433136528066,0.0477199184512962,"29",29.4116747152678,0.753920596492171,11.0944321984598,3.57667437775411,0,0,3.08504708614286,1.23680842573949,0.0665737321560629
436,0.00448373629695952,29.89030592125,6.885574927625,0,4.497111076875,4,1,0,153.2262169,0.000260199783134686,0.0597838787866278,"29",29.0589067960714,0.790455156989792,9.26934669475001,7.71483431457136,0,0,2.99798142880357,1.22398155359186,0.0886554921114619
437,0.00451423424497807,29.5721442042857,1.51620016514286,0,4.497167225,4,1,0,139.781152257143,0.000290697731153236,0.0665627549761405,"29",28.5842002079911,0.916451474274283,11.5559099765714,6.0788708315939,0,0,2.99807873011161,1.22395096536567,0.100796776541559
438,0.00449686363507285,29.01246838125,5.695008236875,0,4.497111076875,4,1,0,126.55150235,0.000273327121248016,0.0627073688140323,"29",28.2674964361607,1.0779905454459,8.86823402272322,5.75599289670086,0,0,2.99635160940625,1.22477050467385,0.111434269331597
439,0.00446659067189339,28.58927731,6.45136534728571,0,4.497167225,1.14285714285714,0.285714285714286,0,113.548176271429,0.000243054158068557,0.0559525895575907,"29",27.9038918371429,0.812108797187533,7.46720499497323,8.63285548673495,0,0,2.98899306279018,1.90927591410199,0.120133929785273
440,0.00444826247259633,28.182720525,0.569984273375,0,4.497111076875,0,0,0,100.7149380625,0.000224725958771496,0.0518407495952129,"29",27.4343391495089,0.336126514283507,6.13705481225893,8.19823807968534,0,0,3.72830974051786,1.54355204761272,0.127634438034096
441,0.00442934595416607,27.5022077185714,0.000100885571428571,0,4.497167225,0,0,0,88.1242906728571,0.000205809440341237,0.0475791183711038,"29",26.6810803512053,0.220254464249091,10.563344016308,8.66149023861041,0.027566757,0.055133514,3.18634634946875,1.7633678551707,0.134782694641375
442,0.00441533896816218,26.55520516875,0,0.110267028,4.497111076875,0,0,0,75.91523137875,0.000191802454337347,0.0444117930180941,"29",25.2718211494643,1.05908574721316,12.8191387780857,11.8605000540463,1.50036025808571,3.35490752781878,1.709122557025,2.06463227126335,0.141199309444529
443,0.00443996469206003,25.6389106014286,0,7.50180129042857,4.497167225,0,0,0,64.1257919328571,0.000216428178235197,0.0499736094768251,"29",24.0017740276786,1.3643665897292,13.0600456411429,11.982106665875,6.5847825961,10.5881287883195,0.873340168410714,2.06683402017517,0.149653104242456
444,0.00449496694389811,24.64836624,0,24.3117549325,4.496411205875,0,0,0,52.75652176,0.000271430430073277,0.0622854989524892,"29",22.5114205515357,1.42384561089663,12.4392602274643,11.356338573777,12.2335838977143,16.7596539800854,-1.44392515673214,4.19422458057938,0.15969580288502
445,0.00455524689719555,23.0320232528571,0,31.3220971842857,5.16988824785714,0,0,0,41.9574375471429,0.000331710383370717,0.0756069175315641,"29",20.75669346625,1.4239129335669,10.20582669625,11.7965799136734,15.8901881940625,18.3491352326029,-5.24393287659375,21.2816391585128,0.174104681765595
446,0.00461693744619714,21.0101960875,0,31.58029250375,25.849665635,0,0,0,32.01183382,0.000393400932372306,0.0890587792908404,"29",18.1823124155952,1.87540104647954,10.1020074186905,11.0899768636796,17.2412448528304,19.0521830342895,-7.14189803614286,30.1085573804655,0.185849710207984
447,0.00467916972995377,18.9867165042857,0,31.31112166,51.2203910128571,0,0,0,22.99471127,0.000455633216128936,0.102447870212989,"29",15.9528365071684,1.79095197185847,11.026581683852,10.3338631465987,15.8656439805332,19.9431585421494,0.9133385035102,36.2354238073245,0.188438742558237
448,0.00474162807999918,17.34359297875,0,31.77901102375,42.96407911375,0,0,0,14.9414382075,0.000518091566174347,0.115707737395555,"29",13.3150719940238,2.26843583762514,10.7994585300198,10.2615626746417,15.8436132735476,18.9719482847453,48.3791277404345,74.3242519525941,0.20515497759648
449,0.00480410624770208,15.8819684671429,0,30.4229948714286,8.80924384142857,0,0,0,7.721474564,0.000580569733877247,0.128798204076548,"29",9.48699295214031,3.14136998048404,10.9209108735829,8.75678111612567,12.0794042058763,16.7038849009372,197.946493281856,250.579508376995,0.216694765511625
450,0.00486643266358759,14.62827352625,0,32.88440042625,-37.4378658875,0,0,0,1.121545063875,0.000642896149762756,0.141688339394972,"29",4.37002589237679,4.52870002510772,5.63168694996696,7.4557976738811,15.1992852930884,17.8565005081693,95.7164680445625,309.288789331605,0.231015332449075
451,0.00492842175437137,12.7428702257143,0,35.39814624,-96.5620112285714,0,0,0,-4.92126706028571,0.000704885240546536,0.154345988913403,"29",3.03795121382478,3.84806712411835,2.81729645425089,5.24147383258509,18.0870204255257,17.6921827199538,-99.7003112060156,340.324780293724,0.243750383448326
452,0.00498974446762099,10.92897972,0,33.02929869375,-177.5922206875,0,0,0,-10.1928115175,0.000766207953796156,0.166711882380065,"29",7.70099132384524,1.35420893600116,0.000928686266666667,0.00160853179815813,27.2100492410119,7.05141711073725,-502.012311962857,130.957180398863,0.268203392709607
453,0.00504982859458982,9.17056825028572,0,33.8068289542857,-362.284415928571,0,0,0,-14.5649356342857,0.000826292080764987,0.178681483628848,"29",6.966202860625,0.654430416928667,0.0013930294,0.00197004107026446,23.911659384375,5.84540098376536,-571.87625998,70.8077594673653,0.266256923007309
1,0.00392665650074334,0,1.81827688771429,9.87930920814286,7.49778621585714,0,0,0,-7.61325778742857,0.000293932354265545,0.0778054781441408,"30",6.65254058349351,2.84785735251276,5.29741637108442,5.99298228647181,7.61837019957468,8.12080597427145,-434.633483509416,167.809191945807,0.134955280818794
2,0.00396635838087568,0,1.801111153375,32.5788817875,7.480862143875,0,0,0,-7.61083870225,0.000333634234397885,0.0878655666041821,"30",6.09816220153571,3.32581072184666,5.00748808080357,5.80167748032123,7.80678178362203,7.770344293402,-397.78921103231,204.670312212219,0.137153350152435
3,0.00400526128018912,0.0322669737142857,1.75625085614286,19.8514992844286,13.3998924335714,0,0,0,-7.609865705,0.000372537133711325,0.0976259939287223,"30",5.62907280141758,3.60553030681514,4.76084370177061,5.62541921102231,9.71232793776649,10.1267521674347,-366.614590018757,225.905399630086,0.139124861494365
4,0.00401528196185336,0.693199789,5.455348680125,0.037844930375,191.73219664375,0,0,0,-7.456659211625,0.000382557815375565,0.100124749019462,"30",5.22930095658163,3.77323545721332,4.54622992708291,5.46405630357904,10.4365544625281,10.0997831366525,-339.470698415019,239.630313020562,0.140853980976267
5,0.0040014631965881,1.43778566657143,9.93388158014286,0,308.749570914286,0,0,0,-6.98384675385714,0.000368739050110306,0.0966772704395993,"30",4.92689421207619,3.81996112375631,4.60683784395238,5.27052615878548,9.74330716038453,10.0959586500932,-304.057172077768,268.575565044093,0.142624817148302
6,0.00399135928711058,2.592513162,14.36422853625,0,249.2276165375,0,0,0,-6.08865572375,0.000358635140632785,0.0941490234711866,"30",5.26463349877819,4.09463673029313,5.58413735143703,6.40690938526526,10.4681016590724,11.0163371362328,-252.808746369633,278.914765377093,0.137686753929726
7,0.00397257088932966,4.33213835485714,17.6418835,0,55.7317384602857,0,0,0,-4.55036931571429,0.000339846742851866,0.0894306415290576,"30",4.91056710893265,4.05576922939723,5.83305417622636,6.43150172386769,10.505499373256,11.0015142397951,-216.276270130853,291.08398230424,0.131614320038039
8,0.00393671853383612,6.4155017945,20.893501605,0,-64.2904877675,0,0,0,-2.168659180625,0.000303994387358325,0.0803646943291652,"30",5.42552706325655,4.20482031919632,6.95449890825164,7.53814987917875,10.3476157305871,11.3009987785124,-198.429865347818,278.575916088492,0.128179282771629
9,0.00389251115958506,8.561047169,22.9104824085714,0,-95.36948585,0,0,0,1.19878860785714,0.000259787013107265,0.0690716694277089,"30",5.88019400649643,4.55884012544278,7.3047064911217,7.80106644609667,10.7215243528015,11.7364419322246,-189.714123286351,269.033338707211,0.130084043010037
10,0.0038530763432341,10.651925783,23.92275376,0,-50.07145154625,0,0,0,5.518258722,0.000220352196756305,0.0588890574430323,"30",6.16336434009082,5.583723497365,8.98782012813792,9.37726400912517,11.7455599818104,12.8468128782592,-51.9808666136066,176.95237263017,0.117615037744162
11,0.00382941020674789,13.01195671,24.70882843,0,-0.555866488,0,0,0,10.8149402498571,0.000196686060270096,0.0527279765019006,"30",13.4892172911321,4.12224398439578,15.2836747367036,11.4005238281414,10.9304641595893,14.177452710737,-51.5649693601929,41.1429903654585,0.113785001859067
12,0.00378978686846168,15.36834494875,24.90248144375,0,22.53004329875,0,0,0,17.2028437625,0.000157062721983885,0.0423269607354202,"30",16.4562898555089,3.66728826962988,13.6563350019487,12.2669185954936,11.0744119905804,12.1545560566595,-5.41108203309375,25.3909211590973,0.111000405360643
13,0.00374352335350236,17.5792839885714,25.0402281871429,0,23.2228757028571,0,0,0,24.6269612971429,0.000110799207024565,0.0300444198658489,"30",17.3893051964583,3.04868735203675,17.4659826622292,11.7999460895049,6.27070742291667,9.79918393345444,18.38797349625,11.1108713823654,0.0990450112454347
14,0.00369667608452186,19.63676819875,25.92115235375,0,19.19531427,0,0,0,33.04189342125,6.39519380440652e-05,0.017451239473731,"30",20.4273072942857,2.36215445190392,13.5398035776071,12.9255021918771,7.90136566821428,9.26620413920903,33.4259239342857,9.61035861974026,0.0970279098271766
15,0.00365025200509419,21.7087447214286,26.5875093342857,0,8.24456282771429,0,0,0,42.3536318157143,1.75278586163953e-05,0.00481338716802693,"30",22.2123991025,2.13421242356992,14.0138906138437,13.3200332685758,9.309528381875,11.0650667279167,23.1313167403125,8.19222112035078,0.0874755938268278
16,0.00360551670136865,23.79786206875,26.35373913375,0,4.79892685675,0,0,0,52.646024005,-2.72074451091449e-05,-0.0075177306386438,"30",24.2104967941429,1.65843145363175,11.9215252767107,12.9780525680034,10.3007204638214,9.6533331852441,13.1052132313357,6.86105162455731,0.0780249611598204
17,0.0035688476420199,25.5069171428571,25.2271730571429,0,1.49881661371429,0,0,0,63.7695824628571,-6.38765044578948e-05,-0.0177400655760449,"30",25.7690326320357,1.31282869140052,11.9540897560107,13.3327157169427,6.39059468135,7.21783699209086,5.64795038748214,2.54870293477092,0.0658933328121004
18,0.00357402814211446,26.712444175,20.22357038375,0,2.085730495125,0,0,0,75.5937596575,-5.86960043633348e-05,-0.0162895291214271,"30",26.977033028,0.95185036128771,11.4470500943286,12.6667955858446,1.24384919996429,1.78693143255007,2.99681015194643,1.05911661024968,0.061575243300803
19,0.00360782739367107,27.1638821185714,14.9882862685714,0,2.99525744614286,0,0,0,87.7951963442857,-2.48967528067249e-05,-0.00687705904806268,"30",27.8226313645357,0.659170241580982,11.1972164873393,8.78000903257719,0.00419528614285714,0.00681204457684493,2.94283652797857,0.552666627049116,0.0592340352540997
20,0.00364249382595068,27.256357345,17.7695538525,0,2.133232115125,0,0,0,100.0828430875,9.76967947288526e-06,0.00268574360628193,"30",28.1437978188929,0.565497468488043,11.9452102043607,3.89960053246978,0,0,2.99712242248572,0.00136692704007161,0.054868987266946
21,0.00364310288786307,27.5807035628571,16.9276076528571,0,2.38073079814286,0.285714285714286,0.285714285714286,0,112.469395285714,1.03787413852753e-05,0.00285293976632595,"30",28.1847462089732,0.627078181175621,14.0483432512947,2.86467028877229,0,0,2.78184434241072,0.432408156342379,0.0519354178824087
22,0.0036228424741611,27.697742835,14.85180057375,0,2.55883126425,1,1,0,124.9733529625,-9.88167231669472e-06,-0.00272388875212304,"30",28.4627083857589,0.599464710261875,12.5171181664732,4.48322230451507,0,0,2.78302174592857,0.291618917485715,0.0477560629264604
23,0.0036364978768744,27.6302001857143,16.2770255157143,0,1.49426910442857,1,1,0,137.471006271429,3.77373039660549e-06,0.00103827634364873,"30",28.6861663421428,0.696150024890468,11.6613961937589,4.90632482105108,0,0,2.51378350212947,0.706110471926962,0.0463056248401641
24,0.0036771745136249,27.6899429425,16.50687036125,0,1.4990370255,1,1,0,149.966643475,4.44503671471054e-05,0.0121618413293261,"30",28.8721979583482,0.880820350289472,11.5202279871786,6.30943312657043,0,0,2.42139601471429,0.95119101081423,0.0467175831085054
25,0.00372234807691451,27.7982285828571,17.4386324885714,0,1.49905574157143,1,1,0,162.501061671429,8.96239304367151e-05,0.02437185156636,"30",29.0649080716518,0.974110434456577,11.3126265503795,6.66367034115749,0,0,2.87628467431696,1.03529655812982,0.0433125347677924
26,0.00376824079979101,28.03034697125,18.01108914875,0,1.4971136065,1,1,0,175.1031377,0.000135516653313215,0.0366254398060626,"30",29.2692369758482,1.0507303531062,11.7230840779821,6.75627286669961,0,0,2.62246579382143,0.748944071016532,0.0447286253161866
27,0.0038137542929188,28.3063279614286,16.0882333928571,0,2.38346835142857,1,1,0,187.8263443,0.000181030146441005,0.0486312609814386,"30",29.4767168495,0.932085898567845,12.7960988964107,6.22820970915489,0,0,2.55258563428571,0.668967288668922,0.0478159705514248
28,0.00385729454795409,28.355419015,15.23543758375,0,2.99903717675,1,1,0,200.63383435,0.000224570401476295,0.0599832214180056,"30",29.8482976938393,0.911474862164286,10.8815094624554,6.59639632621082,0,0,2.5246396675119,0.601253618522094,0.0493570340915019
29,0.00389019472894228,28.3012527571429,17.1457580285714,0,2.99811148314286,1,1,0,213.425827014286,0.000257470582464485,0.0684763930071854,"30",29.7797636387143,0.915463988555231,12.5873600529286,5.65769009048978,0,0,2.39879808090714,0.821066312690367,0.0434103738553278
30,0.00387459868573066,28.41188776125,17.9838577175,0,2.998074051,1,1,0,226.2238589,0.000241874539252865,0.0644592703485021,"30",29.7896908339732,1.11656507474669,14.7534795515491,2.12103327654332,0,0,2.62332415266071,0.749524751648188,0.0412925926112992
31,0.00383395098768143,28.7184427914286,17.3468630871429,0,2.99811148314286,1,1,0,239.124192128571,0.000201226841203635,0.0539130390955167,"30",29.8251470081696,1.0398071832699,15.8525402761607,1.48718797506383,0,0,2.62389232546429,0.748413360803258,0.0395239489877275
32,0.00379026812590693,28.99399145125,17.83902048625,0,2.998074051,1,1,0,252.1522527,0.000157543979429135,0.0424539406672428,"30",29.9016689306697,0.898639439943797,15.1740867877232,1.84401798626068,0,0,2.83905378206697,0.318065493117451,0.0374162234543404
33,0.00374864208943472,29.2722869457143,17.9488725585714,0,2.99811148314286,1,1,0,265.308594628571,0.000115917942956925,0.031410843667123,"30",29.9847904274554,0.822702463174371,15.1144224118125,2.7574685063169,0,0,2.99861558371429,0.00103330658258558,0.0383126893314596
34,0.00373133770259071,29.58014524,17.55741313625,0,2.998074051,1,1,0,278.5988687375,9.86135561129153e-05,0.0267839816345345,"30",30.0418371442411,0.709343421161996,16.0633838346428,1.27627654803337,0,0,2.99762737028572,0.000918485707979435,0.0421994275723677
35,0.00374355477838588,29.8953690328571,17.5215406928571,0,2.99811148314286,1,1,0,292.030651028571,0.000110830631908085,0.0300528142974619,"30",30.0929992492857,0.581172981592206,16.6038803858482,0.974872186676233,0,0,2.81737628867857,0.361445434597397,0.0446397510369607
36,0.0037594354593924,30.17889797,16.4363370725,0,2.998074051,1,1,0,305.597863075,0.000126711312914606,0.0342859810202416,"30",30.1546481329018,0.514229164575679,16.5949327807143,1.4653812286477,0,0,2.62827705741072,0.73961894215097,0.0429029056409434
37,0.00375478326301246,30.2106430114286,16.2356556657143,0,2.99811148314286,1,1,0,319.249422642857,0.000122059116534665,0.0330477426823945,"30",30.2387300442857,0.565028429315715,16.373292190625,1.14917380243925,0,0,2.99967269153572,0.00314742101232389,0.0369886530901284
38,0.00371615939244584,30.19576246625,16.28552390625,0,2.998074051,1,1,0,332.8875554875,8.34352459680452e-05,0.0227078925649931,"30",30.2256879209821,0.649070974530228,13.5500591929286,4.39472907291289,0,0,2.99809420400446,2.33886907731279e-05,0.0296266512709458
39,0.00367109302769332,30.2178873785714,16.3075362128571,0,2.99811148314286,1,1,0,346.533526485714,3.83688812155255e-05,0.0105066247438277,"30",30.0540432354911,0.580167260430527,13.9928543383839,3.60988599048626,0,0,2.99810212510715,1.87160714300028e-05,0.0249283235214196
40,0.00362552304919891,30.22575521375,18.00682022,0,2.998074051,1,1,0,360.18201775,-7.20109727888468e-06,-0.00198425301564953,"30",29.8786362977679,0.51844511415013,15.0596903591518,2.05297052716334,0,0,2.99808340903571,1.87160714300028e-05,0.0234466802724311
41,0.0035849181807974,30.4129175514286,19.7545136157143,0,2.99811148314286,1,1,0,373.872057657143,-4.78059656803947e-05,-0.0132471688948508,"30",29.7570851437946,0.515412833765967,15.6566789682143,2.15528991870503,0,0,2.99810212510715,1.87160714300028e-05,0.0233421895694947
42,0.00355950859623601,30.79655954625,19.04212043375,0,2.998074051,1,1,0,387.689879,-7.32155502417846e-05,-0.0203603192651141,"30",29.7470332497321,0.596149861486233,15.4914762524598,3.30248123014849,0,0,2.99808340903571,1.87160714300028e-05,0.0243981507951568
43,0.00353265235134947,31.1533752357143,19.7220885142857,0,2.99811148314286,1,1,0,401.683557857143,-0.000100071795128324,-0.0279338564978309,"30",29.7794213029911,0.7678815205594,14.1710873898304,4.544734726615,0,0,2.99810212510715,1.87160714300028e-05,0.0305658420117707
44,0.00351831391147928,31.4860068425,13.93271100075,0,2.998074051,1,1,0,415.831306575,-0.000114410234998515,-0.0320009470762326,"30",29.8001127664286,0.935808180557178,14.5581107801339,3.96835595752871,0,0,2.99808340903571,1.87160714300028e-05,0.0332595440772064
45,0.0035228720315389,31.3449869342857,3.87093543085714,0,2.99811148314286,1,1,0,430.050623228571,-0.000109852114938894,-0.0307062445634028,"30",29.9089887345535,1.05352053453064,12.7469545994732,0.945340900031747,0,0,2.99810212510715,1.87160714300028e-05,0.0386207098617456
46,0.0035238859973924,30.80422480625,9.115038603375,0,2.998074051,1,1,0,444.0899594875,-0.000108838149085395,-0.0304184623442447,"30",29.9746535173214,0.930320246314899,9.82844828718303,5.13896477429301,0,0,2.99808340903571,1.87160714300028e-05,0.034738643641411
47,0.00350886309391846,30.3361288414286,12.8225630414286,0,2.99811148314286,1,1,0,457.897279271429,-0.000123861052559335,-0.0346907392879912,"30",29.9729740597768,0.621261543767799,10.474718576558,4.0825468314926,0,0,2.99810212510715,1.87160714300028e-05,0.0287567602333257
48,0.00349211946764608,30.10475705125,13.0772813575,0,2.998074051,1,1,0,471.544404825,-0.000140604678831715,-0.0394739700903362,"30",29.8943377599643,0.331909237219161,13.7686890065,1.9231724610141,0,0,2.99808902385714,2.0502429020181e-05,0.0188267538687686
49,0.00348847394030213,29.9095504585714,12.6812589842857,0,2.99811148314286,1,1,0,485.104904242857,-0.000144250206175664,-0.0405184450677121,"30",29.8983922163572,0.204430412303523,14.2009458661429,1.31648063407602,0,0,2.99809651028572,2.0502429020181e-05,0.0104393723632174
50,0.00347006338881037,29.786116,15.38845013,0,2.998074051,1,1,0,498.5798982375,-0.000162660757667425,-0.0458099576514499,"30",29.8872047906429,0.116818274724233,14.1141989332857,1.35672161928767,0,0,2.99789639875714,0.000439491599018099,0.00132931585302314
51,0.00343952122551596,29.7487757157143,16.4492687671429,0,2.99811148314286,1,1,0,512.025810442857,-0.000193202920961835,-0.0546505357861822,"30",29.8244025895,0.13079596459019,15.7749020477143,0.643326197062452,0,0,3.08888227965714,0.203011522648467,-0.00820693714804076
52,0.00340506551324994,29.786685265,16.27653127125,0,2.998074051,1,1,0,525.466498275,-0.000227658633227855,-0.0647186388372312,"30",29.7269180175357,0.304252624978413,16.5973765435714,1.16152410378886,0,0,3.29847373793214,0.6716722702527,-0.0182070674180335
53,0.00337040397068159,29.8136019028571,14.7286165028571,0,2.99811148314286,1,1,0,538.9389343,-0.000262320175796205,-0.0749502084740072,"30",29.7517216011786,0.392693682892288,15.8546113957286,0.746526177227259,0,0,3.20712188942857,0.467403327242411,-0.0284892735612603
54,0.00334827222792751,29.70735556125,16.04443367,0,2.998074051,1,1,0,552.3775927375,-0.000284451918550285,-0.0815383581305653,"30",29.8792819169643,0.242353105494501,11.4130205264643,6.28546423466712,0,0,2.99760255431697,0.000968108954882961,-0.0363399664612207
55,0.00334396075621066,29.6377948385714,16.6621964242857,0,2.99811148314286,1,1,0,565.787734785714,-0.000288763390267135,-0.0828268584546645,"30",30.0495624588839,0.282080343027481,10.8521823905714,6.88832673946922,0,0,2.99810212510715,1.87160714300028e-05,-0.044247079937127
56,0.00334534382556623,29.6321089825,16.08063026625,0,2.998074051,1,1,0,579.1693143625,-0.000287380320911565,-0.0824133418276309,"30",30.2342143337053,0.437181622658117,10.1118317907589,7.40105832646674,0,0,2.99808340903571,1.87160714300028e-05,-0.0493127055315855
57,0.00333477801585216,29.6456101914286,16.1904297528571,0,2.99811148314286,1,1,0,592.5654982,-0.000297946130625635,-0.0855767027541035,"30",30.3984411838393,0.547575312094042,11.5133685341697,6.71254387474356,0,0,2.99818657364286,0.000176022456430253,-0.0530931628365193
58,0.0033341328425653,29.66345238875,16.66532212625,0,2.998074051,1,1,0,605.9569611625,-0.000298591303912495,-0.085770189601722,"30",30.5316076431697,0.696961869117787,12.7044755039018,6.99349744045919,0,0,3.00123656322322,0.00630009439611182,-0.0506665552784222
59,0.00334425450640873,29.7131632185714,16.5657502085714,0,2.99811148314286,1,1,0,619.3730113,-0.000288469640069065,-0.0827390173257712,"30",30.6178454946875,0.853044758959293,12.9086825494911,6.68511181352171,0,0,2.65336169978572,0.689474612178186,-0.0483908436175327
60,0.00335746375228736,29.79520698375,16.68576394,0,2.998074051,1,1,0,632.807010125,-0.000275260394190434,-0.0787969648310964,"30",30.6235325515179,0.86452759878594,16.1407847402679,0.383485310601279,0,0,2.62311395628572,0.749945144398072,-0.0493723950688934
61,0.00339078442271132,29.8861126414286,15.8323787728571,0,2.99811148314286,1,1,0,646.298468457143,-0.000241939723766475,-0.0689215306829967,"30",30.6041141023661,0.824438049825043,16.2055379764286,0.55051470604092,0,0,2.62309796528571,0.750002081159963,-0.0467421888023809
62,0.0034346838806077,29.91192583375,16.80405962875,0,2.998074051,1,1,0,659.79611225,-0.000198040265870095,-0.0560579263109942,"30",30.5670513303571,0.751141941158437,16.3394538560268,0.711702908102577,0,0,2.70101195675447,0.594149143515007,-0.0411552594781501
63,0.00347877199876175,30.0085154585714,18.2059987528571,0,2.99811148314286,1,1,0,673.330830628571,-0.000153952147716045,-0.043303461591508,"30",30.4882065830803,0.70256653318865,16.9204103029018,0.51771156399178,0,0,2.99647553575,0.00324698797168699,-0.0340698847400017
64,0.00351346924144588,30.16779803875,17.74631915625,0,2.998074051,1,1,0,686.9157270875,-0.000119254905031914,-0.0333788822476668,"30",30.4649985402678,0.70453002111016,17.9607758697768,1.33703766036656,0,0,2.99815730150446,0.000142641894677901,-0.0276952484416994
65,0.00352569684454912,30.3732730528571,17.7553992785714,0,2.99811148314286,1,1,0,700.592908985714,-0.000107027301928675,-0.0299047164430259,"30",30.4882231946875,0.742982173025703,14.2458191565982,4.0878248312555,0,0,2.99810212510715,1.87160714300028e-05,-0.0234954353883553
66,0.00353444353879178,30.5836954325,17.80405614,0,2.998074051,1,1,0,714.356338075,-9.82806076860149e-05,-0.0274269474483946,"30",30.3669703875893,0.636384096385957,13.9074168143616,6.76064069912681,0,0,2.99855166869196,0.00093044795973924,-0.0238398924512116
67,0.00353405499802207,30.7851160771429,17.5524956071429,0,2.99811148314286,1,1,0,728.226661542857,-9.86691484557247e-05,-0.0275368833158449,"30",30.1990283852679,0.574399498519472,15.8265267386071,3.79222257710701,0,0,2.85817100560714,0.279856000865827,-0.0266034331591174
68,0.00351562962174909,30.97046461875,17.425843615,0,2.998074051,1,1,0,742.1690454875,-0.000117094524728705,-0.0327641860108345,"30",30.0720397289732,0.662416645794768,16.1925310227232,1.85861559334094,0,0,2.62232002475446,0.751533007460133,-0.0318969026440711
69,0.00349107187472751,31.1376706757143,16.6191564514286,0,2.99811148314286,1,1,0,756.205261785714,-0.000141652271750285,-0.0397740027960323,"30",29.9913379764732,0.802683466873127,15.9606999705357,1.34544649798233,0,0,2.62333818971429,0.749521632302951,-0.0331021786344531
70,0.00345517128970213,31.2484386175,16.24147036625,0,2.998074051,1,1,0,770.2956747125,-0.000177552856775665,-0.0501107856593261,"30",29.75589706625,0.955229250669133,15.0709454235357,1.14633314716712,0,0,2.69828161875714,0.670398108304271,-0.0351531757960677
71,0.0034173822377238,31.2370937942857,15.4990418628571,0,2.99811148314286,1,1,0,784.422698771429,-0.000215341908753995,-0.061107988248688,"30",29.8115142282143,1.01168859292008,14.1195997345857,2.15326001502095,0,0,2.69828536197143,0.670389738222677,-0.0386566764787831
72,0.00339087210362503,31.19326428625,15.12559355625,0,2.998074051,1,1,0,798.5182901125,-0.000241852042852765,-0.0688956724252714,"30",30.0954593691072,0.995452644995054,13.7512971173259,2.14036603773328,0,0,2.62333351069643,0.749530990338663,-0.0395991053061649
73,0.00337150639504435,31.1518864871429,11.0914230282857,0,2.99811148314286,1,1,0,812.614448985714,-0.000261217751433445,-0.0746231722839426,"30",30.065842141875,0.927465563428666,15.0342203974553,1.8468927869749,0,0,2.62332883167857,0.749515393612476,-0.0359341428890532
74,0.00338699007623024,30.92715895375,11.066152038125,0,2.998074051,1,1,0,826.6392085875,-0.000245734070247555,-0.0700411745324905,"30",29.9630654075357,0.759578003356903,14.3010529410143,2.51831640073038,0,0,2.39847795687143,0.82106493624943,-0.0278455576392565
75,0.00342650514952223,30.6815046042857,13.4079468657143,0,2.99811148314286,1,1,0,840.561806628571,-0.000206218996955565,-0.0584419838511536,"30",29.8769783893571,0.662012802239713,14.5161045120536,2.61093132589581,0,0,2.39847047044286,0.821058102106425,-0.0178726006097178
76,0.00346932414100494,30.50092942875,13.31340978625,0,2.998074051,1,1,0,854.378678675,-0.000163400005472855,-0.0460230161623763,"30",29.79817053925,0.58683912818425,15.1831548712857,2.0645064932659,0,0,2.39847795687143,0.82106493624943,-0.0128298301587662
77,0.00350506447129618,30.3476464314286,14.2158092828571,0,2.99811148314286,1,1,0,868.137375628571,-0.000127659675181615,-0.0357739049893864,"30",29.7673266366786,0.542037623229538,14.8622596877857,1.55278070201217,0,0,2.39847047044286,0.821058102106425,-0.0145065822513491
78,0.00349954528447403,30.25202932375,13.92440182875,0,2.998074051,1,1,0,881.8177613375,-0.000133178862003765,-0.0373497780213423,"30",29.7546230708929,0.538547141693003,15.0128831775357,1.29841778973532,0,0,2.39847795687143,0.82106493624943,-0.0161068336478107
79,0.0034865511959586,30.1543189585714,13.3715335757143,0,2.99811148314286,1,1,0,895.473064071429,-0.000146172950519195,-0.0410697676219796,"30",29.7857921683214,0.560768611456203,14.8038751878571,1.46126486908618,0,0,2.39847047044286,0.821058102106425,-0.0130267140521686
80,0.00351327282732626,30.029757585,13.5032289325,0,2.998074051,1,1,0,909.0532197375,-0.000119451319151535,-0.0334347869933254,"30",29.8649036032857,0.530817175574911,14.1241197088929,1.67252355603,0,0,2.39847795687143,0.82106493624943,-0.00701111705377455
81,0.00355322520017065,29.8974782042857,12.7158488814286,0,2.99811148314286,1,1,0,922.597689628571,-7.94989463071445e-05,-0.0221271216516641,"30",29.9482493495,0.45662970995598,11.793656284225,3.33167664177138,0,0,2.39847047044286,0.821058102106425,-0.00303423721655101
82,0.00358078346435807,29.702471435,12.72488719125,0,2.998074051,1,1,0,936.050390925,-5.19406821197247e-05,-0.0144011987407913,"30",29.9269104862143,0.395074201253631,10.2699470691179,3.99040046387823,0,0,2.39847795687143,0.82106493624943,-0.00297767104845388
83,0.00356115649466448,29.48848024,12.8685529542857,0,2.99811148314286,1,1,0,949.428592542857,-7.15676518133145e-05,-0.0198974696884049,"30",29.843970354,0.388111960437714,10.4596271488357,4.72912834256622,0,0,2.39847047044286,0.821058102106425,-0.00741569334122545
84,0.00352095179015139,29.28516215125,12.9950985225,0,2.998074051,1,1,0,962.69705585,-0.000111772356326405,-0.0312514715393091,"30",29.7730809934286,0.51630014238864,10.5876549622143,4.81216130573465,0,0,2.39847795687143,0.82106493624943,-0.0130628605503069
85,0.00348445720441292,29.0369273542857,13.02048749,0,2.99811148314286,1,1,0,975.8842159,-0.000148266942064875,-0.0416705391110721,"30",29.8205133630714,0.740982782066568,9.37390259713571,4.29343435425375,0,0,2.39847047044286,0.821058102106425,-0.0177953046951553
86,0.00346731158120349,28.82323368125,15.6051022,0,2.998074051,1,1,0,988.9382669375,-0.000165412565274305,-0.0466032858725036,"30",29.7718730808929,0.960664024455244,9.86739730007501,3.17308078548239,0,0,2.39847795687143,0.82106493624943,-0.0195430349686073
87,0.00345879412114597,28.66533397,16.1346505114286,0,2.99811148314286,1,1,0,1001.93290695714,-0.000173930025331825,-0.0490628105957187,"30",29.6465168430357,1.05320667499441,12.7164544800857,3.03044792760575,0,0,2.39847047044286,0.821058102106425,-0.0172079756244545
88,0.00347377448368364,28.5801756725,15.91505339,0,2.998074051,1,1,0,1014.84553675,-0.000158949662794155,-0.0447410688934289,"30",29.7092623684822,1.14802398390858,13.3568406244197,2.74487044899089,0,0,2.62333351069643,0.749530990338663,-0.0137074835760219
89,0.00350887105086057,28.5770096828571,15.3369471571429,0,2.99811148314286,1,1,0,1027.766923,-0.000123853095617225,-0.0346884716210436,"30",29.5179676029911,1.11419094132266,15.3489775975893,1.02648697528794,0,0,2.62332883167857,0.749515393612476,-0.0121366666560743
90,0.00352885108720341,28.64164873875,15.57594753375,0,2.998074051,1,1,0,1040.683415375,-0.000103873059274385,-0.0290104726713265,"30",29.1135528355714,1.01718138694033,15.93608497425,0.461140541283717,0,0,2.60711865218572,0.650897275885186,-0.014707810632264
91,0.00352691278224066,28.6547779528571,16.3527564085714,0,2.99811148314286,1,1,0,1053.63784042857,-0.000105811364237135,-0.0295598972247646,"30",29.0291973979286,0.956871742144673,15.9093033663571,0.345708947468703,0,0,2.90749587980714,0.203098694667394,-0.0198450668460305
92,0.00353692699587907,28.62770015125,16.86763890875,0,2.998074051,1,1,0,1066.568859,-9.57971505987248e-05,-0.0267245497711759,"30",29.02364100325,0.887161309222418,15.6485185254286,1.05000860615699,0,0,2.99828913543572,0.00041848181974659,-0.0242315017013272
93,0.00355254005875868,28.5947080728571,17.2015673242857,0,2.99811148314286,1,1,0,1079.50549485714,-8.01840877191146e-05,-0.0223199626391848,"30",29.0554573686429,0.829147930372171,15.21086223525,1.46802796017877,0,0,2.99808902385714,2.0502429020181e-05,-0.0263733583180834
94,0.00356359231674135,28.62782686125,17.29429411375,0,2.998074051,1,1,0,1092.421100125,-6.91318297364445e-05,-0.0192137060448374,"30",29.0940023949286,0.779451577273181,14.9862192815,1.67369973109612,0,0,2.99816406911429,0.000160530987372936,-0.0272574642912121
95,0.0035610572330156,28.6778411742857,16.7646439942857,0,2.99811148314286,1,1,0,1105.38233671429,-7.16669134621945e-05,-0.0199253435068254,"30",29.3635638684226,0.841182498479367,14.5885992358929,1.84395131932638,0,0,3.00024493019643,0.0051174993561362,-0.028020550159645
96,0.00352784222947822,28.68991461,16.8597938825,0,2.998074051,1,1,0,1118.327957875,-0.000104881916999575,-0.0292964019750945,"30",29.416061028244,0.803703501981014,14.2220173598512,2.35822056452532,0,0,2.77037415833929,0.564004924735546,-0.0278916306736555
97,0.00348593153567022,28.7136607771429,16.4516078642857,0,2.99811148314286,1,1,0,1131.30751685714,-0.000146792610807575,-0.0412475121345404,"30",29.2225400000714,0.700702752017954,14.3185478856429,2.45258188043854,0,0,2.42231363497143,0.789551344852624,-0.0234704032737846
98,0.00345195331004609,28.79266433125,16.8123871025,0,2.998074051,1,1,0,1144.291200625,-0.000180770836431705,-0.0510425713102771,"30",29.2468445016964,0.812378722476477,13.607601345,2.23317557209886,0,0,2.62313267235715,0.74995762157143,-0.0192106398042957
99,0.00345499660115594,28.7986459657143,16.2128626542857,0,2.99811148314286,1,1,0,1157.31586585714,-0.000177727545321855,-0.050161345513712,"30",29.0802698109286,0.763667550647575,15.1083036541071,1.89375049326105,0,0,2.39882781506429,0.820551950583984,-0.0128941342245919
100,0.00346477771572753,28.79543694625,15.4521272175,0,2.998074051,1,1,0,1170.315128125,-0.000167946430750265,-0.0473343397891997,"30",29.0124890245714,0.781484529641881,14.8127278765714,1.71746119902628,0,0,2.54342107392143,0.672779825383249,-0.0173312370874332
101,0.00344169989646946,28.7218125557143,17.1719581457143,0,2.99811148314286,1,1,0,1183.31650342857,-0.000191024250008334,-0.0540173135936808,"30",28.9802898576786,0.776089013460449,14.1988734778214,1.22524288625799,0,0,2.84245329371071,0.34689540917382,-0.0168621733583391
102,0.00340084194247844,28.6574703675,15.71912952125,0,2.998074051,1,1,0,1196.263404625,-0.000231882203999355,-0.0659597874179436,"30",28.9427117773929,0.831406676285576,13.5494361320786,2.67950319536127,0,0,2.99758860291072,0.000858420272012954,-0.0144916148616415
103,0.00336074142541852,28.55935158,15.2278967828571,0,2.99811148314286,1,1,0,1209.20002014286,-0.000271982721059275,-0.0778212062149359,"30",28.8690134013571,0.853202110120141,13.3246130630214,1.86625358653241,0,0,2.84380557615357,0.344975722126602,-0.00838157082774406
104,0.00334513224534839,28.43947527625,12.162861276375,0,2.999947089625,1,1,0,1222.06286425,-0.000287591901129405,-0.0824765900058901,"30",28.7096621705357,0.730124107046953,13.7935968021286,2.97160963803273,0,0,2.69797240511429,0.67111045616774,0.000620141967573022
105,0.00336986873595817,28.0444654685714,3.96647490842857,0,2.43833765671429,0.714285714285714,0.714285714285714,0,1234.85155871429,-0.000262855410519625,-0.0751090254038136,"30",28.5594155106071,0.710004973096464,13.0239926527857,3.3390955803653,0,0,2.74146928457857,0.57485425144743,0.0113097523659824
106,0.00339218358459187,27.43341917875,10.644830725125,0,1.65351765775,0,0,0,1247.366950625,-0.000240540561885925,-0.0685089791693718,"30",28.3222334314286,0.795291002352194,11.0058948597393,4.81464251322371,0,0,3.13169812248572,0.657927852158932,0.0225582886995056
107,0.00341815743948295,26.9463252628571,12.3807265085714,0,3.00439374885714,0,0,0,1259.66376771429,-0.000214566706994845,-0.0608811731685632,"30",27.8694839804643,0.732217475993066,14.6055640082429,3.61584037676486,0,0,3.32851056352857,1.60092856808025,0.0343831845938511
108,0.00346138270213403,26.5771626125,6.13875141225,0,2.9999902695,0,0,0,1271.742917625,-0.000171341444343765,-0.0483146849046889,"30",27.5895045872024,0.729894421895431,15.8537390241696,3.75552216206879,0,0,4.17598559938988,1.46914878058945,0.0462931193027862
109,0.00350841639754331,25.8647629742857,2.158147823,0,2.43742610728571,0,0,0,1283.61982328571,-0.000124307748934484,-0.0348180525476565,"30",27.0635192043452,0.600749793782434,12.9293021438601,7.59560684418596,0,0,3.80691203757143,1.30930833186632,0.0565941347088149
110,0.00355634261956091,24.9391061125,2.09174983925,0,1.804818054,0,0,0,1295.07517675,-7.63815269168846e-05,-0.0212501570930863,"30",26.3862154541071,0.435070273927082,13.9219927670678,10.7408883603716,0,0,2.48555927041786,1.22175595445284,0.0666492386475146
111,0.00360464767759683,24.0102539628571,2.60182658671429,0,3.05459505457143,0,0,0,1306.15099,-2.80764688809646e-05,-0.00775878582303324,"30",25.5912954177976,0.730623274017198,16.0100588440119,10.8778911849298,0,0,1.80872175575,0.413415143627204,0.0832384822997436
112,0.00365317039508349,23.11864142875,7.913585853625,0,10.329825697625,0,0,0,1316.773458625,2.04462486056954e-05,0.00561257141475568,"30",24.2284670830952,0.809843288830559,17.3700481260685,10.8493418948873,0.000127121729166667,0.000311383371678611,5.28371523372916,4.8987381963589,0.0899507326060576
113,0.0037018123990599,22.20166747,6.57787902728571,0,27.0575336914286,0,0,0,1327.03013171429,6.90882525821055e-05,0.018839716386486,"30",22.7126735919643,0.967093355509102,18.1835186719375,10.2708475885493,0.7276485065,1.78236755302325,19.4874014458244,12.2270652638572,0.103813072879105
114,0.00375052064058268,21.272770435,2.803116469625,7.62329790725,37.40545484125,0,0,0,1336.79694125,0.000117796494104885,0.031911846566989,"30",21.1070193991369,1.21657220838453,17.5562817175953,10.1338458183668,3.23134187229167,7.91513877160423,39.0424144086905,11.2133310707416,0.11266487873823
115,0.00379925023787823,19.3803747042857,2.49398976542857,23.2092548942857,12.371931696,0,0,0,1345.90539614286,0.000166526091400435,0.0448209198344722,"30",19.5504629922619,1.27497072293849,15.6789908843125,10.2148937706948,5.1122817376369,9.30185700656638,41.5849653960119,9.82309374146372,0.11466311783712
116,0.00384796375554936,17.1107197925,2.2801792195,24.78927008,-57.75765525,0,0,0,1353.91230225,0.000215239609071565,0.057561291780865,"30",17.6095603126786,1.20465308332685,13.6041708481276,10.6840339245943,9.37290053739796,11.7774446558539,12.516118275449,22.5960643106748,0.115774504186504
117,0.00389662431101943,14.1428890785714,2.193746781,27.1602858628571,-161.865526685714,0,0,0,1360.950226,0.000263900164541635,0.0701277947773313,"30",15.955206237433,1.53929443583162,12.8704362505737,11.4800432835574,11.38363590125,12.2855589357442,-20.9633802053571,36.7296615307495,0.114638250041539
118,0.00394518287740935,11.68630486,2.176931605875,14.7168375645,-282.2149272375,0,0,0,1366.46808225,0.000312458730931556,0.0825124873985423,"30",14.3623502083036,1.81739362298347,12.7654490256897,11.3405924412283,11.8545440169196,12.8699429901082,-79.0342245689508,64.4729377066247,0.112912522765347
119,0.00399358389830233,10.7903733271429,6.42036118228571,0.0520867807142857,-375.614837657143,0,0,0,1370.281341,0.000360859751824536,0.0947062249795581,"30",12.453898667987,1.59247833341729,14.5626204203247,10.0185455151505,8.17543754167532,11.7201745307358,-197.483036421672,143.836218535108,0.11020467961198
120,0.00404172374310466,10.192491425,13.513046038375,0,-423.57067965,0,0,0,1371.551753,0.000408999596626865,0.106688446872941,"30",12.0302780866667,1.59367000349844,12.1813654864985,9.86462451538174,8.12972306109523,11.1726601138899,-238.01861727844,135.469108439633,0.115820057475857
121,0.00408945416216804,10.1372876614286,18.18319705,0,-431.726793714286,0,0,0,1370.167652,0.000456730015690245,0.118428680989108,"30",12.6855597686429,1.47031807642492,14.2005627573571,10.4843434052185,8.99298129584285,12.0189819933649,-174.058660692411,127.598078186144,0.11137953695157
122,0.00413640857184973,10.772697165,19.76679036125,0,-384.2226044375,0,0,0,1366.468797625,0.000503684425371935,0.129845092869221,"30",14.0650118362698,1.9198295759276,11.5889470901548,11.1799069111574,12.1725766333175,12.0764773921617,-101.60985819879,90.6868118226427,0.115952526302028
123,0.00418173422994595,12.0011278357143,22.65927985,0,-175.506856242857,0,0,0,1361.64466128571,0.000549010083468155,0.140743224025048,"30",15.4264450811607,1.29769885550038,12.8709078805112,11.4795418860122,11.8545440169196,12.8699429901082,-41.9820370886651,59.7855867869111,0.118062131215708
124,0.004220311586005,13.87673468125,23.10390593,0,-15.71379997925,0,0,0,1356.217894,0.000587587439527205,0.149926136633375,"30",17.5472052476563,1.12915081483602,12.1886718945491,10.671023337698,11.2999467302232,12.1901928343474,3.73189658476786,32.4798741504659,0.119198810798601
125,0.00422022470807232,16.0966604114286,24.8364847714286,0,17.143514483,0,0,0,1349.91215742857,0.000587500561594526,0.14990555075409,"30",19.311721871352,1.22742576288629,10.775221566523,10.413378549799,11.0394237510867,11.7065228987997,29.9752090514235,15.0435042423312,0.119272861772174
126,0.00418257574835097,18.23496087875,21.39203478125,0,42.85024024375,0,0,0,1342.47345525,0.000549851601873175,0.140944440476835,"30",20.6545979982143,1.13790095703147,10.955840547725,11.4576217062198,10.0123483319143,10.7714460645667,41.7401619722143,10.5192759699568,0.117886686387953
127,0.00414038401374812,19.8740778871429,23.3313578471429,0,58.3389890928571,0,0,0,1334.08932957143,0.000507659867270326,0.130805716701926,"30",21.8526279340625,0.445586547989912,14.5818556978214,11.6511406802519,4.8470128084375,9.694025616875,32.5457773166072,3.77514909413731,0.117193448328809
128,0.00410220296573009,21.665542585,24.27422516625,0,34.31557924625,0,0,0,1324.740176875,0.000469478819252295,0.121541314573445,"30",23.3250509357589,0.194229514746481,14.9894563191563,11.6168013955337,1.09147275975,2.1829455195,11.7665268727991,3.23572944749258,0.105082044214445
129,0.00409914547644334,23.4023340757143,25.1988473814286,0,7.88298559657143,0,0,0,1314.61762742857,0.000466421329965545,0.120795708073394,"30",24.6866439257143,0.497942095544326,13.6290752844598,11.8372568519896,0.00019068259375,0.0003813651875,2.40715123423661,0.51610667052992,0.0992141661730371
130,0.00413184342249923,25.13561656625,24.8684101975,0,1.909147809375,0,0,0,1303.66424975,0.000499119276021435,0.128740832934452,"30",25.8600483841964,0.772209517520634,12.0960170782053,11.6287431859244,0,0,1.59126185925,0.145284321831227,0.0803110808681982
131,0.00414852874128352,26.8090801485714,24.7473268128571,0,1.56101526428571,0,0,0,1291.96890642857,0.000515804594805725,0.132770927387782,"30",26.7587705673214,0.84762031951662,10.0310482924063,9.2404334901064,0,0,3.32042839069643,1.06395131836587,0.0718935675496613
132,0.00411615733759319,27.90003584875,14.46134651,0,3.914156781125,0,0,0,1279.530845125,0.000483433191115395,0.124937219454425,"30",27.3268563238393,0.708185798612535,14.4326834702053,6.64932084210939,0,0,4.01425745258928,1.41377712692836,0.0628296260591048
133,0.00407147873418018,28.0966293642857,18.1209663642857,0,4.05984504042857,0,0,0,1266.89184357143,0.000438754587702385,0.114023435450349,"30",27.8492941969643,0.938065522017092,15.5914611422366,3.30644927155418,0,0,3.74882935640179,1.49838852245079,0.0521243621133934
134,0.00402459750393732,28.5904119475,18.8353928925,0,2.996443370125,0,0,0,1254.073059,0.000391873357459526,0.102442083765735,"30",28.3059006693303,0.990608346264338,12.216841616817,3.36990867065816,0,0,2.96889914061607,1.0506943036148,0.040110318770599
135,0.00397693683380711,29.1904303285714,16.8236906357143,0,2.99811148314286,0.857142857142857,0.428571428571429,0,1241.03049557143,0.000344212687329315,0.0905290604396702,"30",28.5873480477679,0.817987335558079,10.9076981441384,5.9974510939172,0,0,2.53690637670982,0.609277850834353,0.0385376530814304
136,0.00392887893579923,29.5277138575,18.0729232525,0,2.998074051,2,1,0,1227.742898375,0.000296154789321435,0.0783713046435706,"30",28.7689265594196,0.824880128648456,13.3351533504152,3.34500873526439,0,0,2.62340589526339,0.750635412169251,0.027274660099308
137,0.00388062363262525,29.9524521285714,17.90817966,0,2.99811148314286,2,1,0,1214.32848885714,0.000247899486147455,0.0660130486166208,"30",28.93110485875,0.970821364463234,12.9220854909643,1.81845986939985,0,0,2.80523845744197,0.385696142281624,0.0162793394987671
138,0.00383227213641849,30.3817181025,13.08497455975,0,2.998074051,2,1,0,1200.670896125,0.000199547989940695,0.0534750525619128,"30",28.991888236875,0.952137082680589,13.0713464811696,2.52839913123974,0,0,2.99794275157143,0.000313006163257275,0.00154517314519342
139,0.00378390665046168,30.4097819357143,10.0113912948571,0,2.99811148314286,2,1,0,1186.94118657143,0.000151182503983885,0.0407741598433438,"30",29.0385454051786,0.882097799455148,14.3485083086161,1.99387485681134,0,0,2.99759854031696,0.000976135632200554,-0.00352546644608341
140,0.00373560351215736,30.3448182625,12.492325555,0,2.998074051,2,1,0,1173.208168375,0.000102879365679565,0.0279265672780511,"30",29.0959060883482,0.876153545698736,14.2290691765179,1.46143273117675,0,0,2.80405168917857,0.388094633567821,-0.00613019349286513
141,0.0036874486673448,30.3988602928571,12.3497244585714,0,2.99811148314286,2,1,0,1159.507633,5.47245208670053e-05,0.0149519800380338,"30",29.1511193729911,0.862614044734239,14.7189607695089,1.92678413713821,0,0,2.62378019147322,0.748612674023441,-0.00875333297024521
142,0.0036395894643271,30.44237486375,12.3875502525,0,2.998074051,2,1,0,1145.747964,6.86531784930547e-06,0.00188807030812299,"30",29.0971492558631,0.670646475006442,14.5514905377976,2.27731312989582,0,0,2.498276747,0.774326194006342,-0.0140120042951384
143,0.00359226120103653,30.4501597785714,10.9958298328571,0,2.99811148314286,2,1,0,1132.01131185714,-4.04629454412646e-05,-0.0112009548584027,"30",29.13772679625,0.660262943533219,14.6740578820833,2.3601801731264,0,0,2.518279943,0.744291780544887,-0.0214951689559228
144,0.00354612103614495,30.45080064625,10.8105403675,0,2.998074051,2,1,0,1118.241453875,-8.66031103328446e-05,-0.0241284795120533,"30",29.2091131046428,0.697293572141134,14.9043127583214,1.86012169168719,0,0,2.72483417980714,0.618120353630364,-0.0275153155574952
145,0.00350339821120934,30.4313673028571,12.41695659,0,2.99811148314286,2,1,0,1104.50853071429,-0.000129325935268455,-0.0362494044380304,"30",29.2109696450446,0.835734562281618,14.9437949341518,1.93358941728312,0,0,2.99816785757143,0.00018761314285487,-0.030296684932054
146,0.00348571275774009,30.4389656575,12.63314560125,0,2.998074051,2,1,0,1090.751655125,-0.000147011388737705,-0.0413102743509466,"30",29.1847496432143,0.88016718424676,14.9673448094196,1.81025596275014,0,0,2.99810212510715,1.87160714300028e-05,-0.0299853230596248
147,0.00351485661907198,30.4561221771429,12.9145617042857,0,2.99811148314286,2,1,0,1077.014047,-0.000117867527405815,-0.0329840862088453,"30",29.1776642537054,0.921200153950397,15.3829802561161,1.30568717157211,0,0,2.99808340903571,1.87160714300028e-05,-0.0279791897502617
148,0.00355128183459804,30.48114859875,13.82058968875,0,2.998074051,2,1,0,1063.235721125,-8.14423118797548e-05,-0.0226742012891004,"30",29.2239556876071,0.855011570150536,15.9870860470357,0.334325310151704,0,0,2.99828913543572,0.00041848181974659,-0.0245275577514578
149,0.00357602844329619,30.5456479428571,15.77886821,0,2.99811148314286,2,1,0,1049.47489542857,-5.66957031816048e-05,-0.0157300087444714,"30",29.311543692,0.936622764818224,15.9904210080714,0.382785925660209,0,0,2.90730325465714,0.20299059684553,-0.019384827978363
150,0.00357691295233443,30.688077325,16.04442615125,0,2.998074051,2,1,0,1035.63589075,-5.58111941433648e-05,-0.0154826953753009,"30",29.4863670353214,1.01841119400094,15.8144215366429,0.445131225674117,0,0,2.69790442138572,0.671262472406147,-0.0120381059846969
151,0.00355777213110245,30.9274365842857,15.62449322,0,2.99811148314286,2,1,0,1021.736001,-7.49520153753448e-05,-0.0208482767268867,"30",29.6253708382143,1.23397089013565,13.5882253191518,2.64512785119015,0,0,2.62332883167857,0.749515393612476,-0.00618399355919914
152,0.00354909007068017,31.1569673675,14.77535931875,0,2.998074051,2,1,0,1007.697736625,-8.36340757976247e-05,-0.0232915672397827,"30",29.7258595724107,1.22077006045348,12.8574197876071,3.65119043502969,0,0,2.62333351069643,0.749530990338663,-0.00903759542074729
153,0.0035673438138977,31.3511332171429,14.79798898,0,2.99811148314286,2,1,0,993.596208442857,-6.53803325800948e-05,-0.0181615307543836,"30",29.8001287528571,1.14620182175147,10.3810647046563,4.5430088358306,0,0,2.62332883167857,0.749515393612476,-0.0121149827165045
154,0.00360657950162687,31.40994312875,5.905208016625,0,2.998074051,2,1,0,979.403077675,-2.61446448509245e-05,-0.00722300350064486,"30",29.7998489060268,0.911866992258273,8.59792104008036,4.53569665969862,0,0,2.62333351069643,0.749530990338663,-0.0117058725496668
155,0.00364990376364795,31.1209280885714,2.35930381957143,0,2.99811148314286,2,1,0,965.276107785714,1.71796171701552e-05,0.0047179805909634,"30",29.7061539870982,0.632789484527525,10.2118082213839,5.47719975375603,0,0,2.62332883167857,0.749515393612476,-0.00824507144630671
156,0.00369014712813054,30.61676569,2.01205599875,0,2.998074051,2,1,0,951.3239885875,5.74229816527453e-05,0.0156835085488742,"30",29.7327632683929,0.449488969172351,9.94371886430357,5.29758832322092,0,0,2.62333351069643,0.749530990338663,-0.00312488533390569
157,0.00370395675032323,30.3152606485714,2.00793901042857,0,2.99811148314286,2,1,0,937.570517371429,7.12326038454355e-05,0.0194188193053302,"30",29.7942958607143,0.313996153771505,10.9645327684429,4.07036139834647,0,0,2.69828536197143,0.670389738222677,-0.00170839019374972
158,0.00367433567701103,30.00474242,3.68770224525,0,2.998074051,2,1,0,923.9334841125,4.16115305332354e-05,0.011389527449829,"30",29.8563734452143,0.396059895467283,11.1726392190821,2.60304810382088,0,0,2.69828161875714,0.670398108304271,-0.000912805612649553
159,0.00363822075777979,29.6876819442857,7.57940796185714,0,2.99811148314286,2,1,0,910.459100371429,5.49661130199537e-06,0.00151193889384782,"30",29.8238733342857,0.502225789401628,13.6198907493929,1.29350743865125,0,0,2.69828536197143,0.670389738222677,-0.00407515372715779
160,0.00361536422149376,29.317068285,12.49298920875,0,2.998074051,2,1,0,897.120768575,-1.73599249840345e-05,-0.00479021690106318,"30",29.6856558926786,0.590045952853842,14.3778122087054,1.60908940972263,0,0,2.62333351069643,0.749530990338663,-0.00991081921107847
161,0.00360913648562791,29.1263882271429,15.4430883128571,0,2.99811148314286,2,1,0,883.945659642857,-2.35876608498846e-05,-0.00651427714785857,"30",29.6771986323214,0.573311919621118,14.7572208955804,1.47160373797273,0,0,2.62332883167857,0.749515393612476,-0.0137465064951961
162,0.00363013049740813,29.18524191125,16.041117115,0,2.998074051,2,1,0,870.7684311125,-2.59364906966472e-06,-0.000714223052964869,"30",29.6971679761607,0.559139146553538,14.7731825803125,1.41978744584929,0,0,2.62333351069643,0.749530990338663,-0.0121435463915672
163,0.00365631694365248,29.3256057957143,16.1007506671429,0,2.99811148314286,2,1,0,857.570510157143,2.35927971746854e-05,0.00647352062540119,"30",29.7378407086161,0.598014222389109,14.9550182211161,2.34634514095994,0,0,2.62332883167857,0.749515393612476,-0.00914169838058725
164,0.00365046671246667,29.42421351,17.6776580525,0,2.998074051,2,1,0,844.2902511875,1.77425659888754e-05,0.00487220531318933,"30",29.8254671821875,0.654534053609311,15.0150683333929,2.27142811934466,0,0,2.62333351069643,0.749530990338663,-0.0114584049654746
165,0.00361444122027595,29.6597712757143,17.7473671528571,0,2.99811148314286,2,1,0,830.969250014286,-1.82829262018445e-05,-0.00504554913779476,"30",29.9452701013839,0.77441862465603,14.0564872318527,2.85091135415344,0,0,2.62332883167857,0.749515393612476,-0.0193439248439352
166,0.00357187056807755,29.9781151175,17.639401665,0,2.998074051,2,1,0,817.491455125,-6.08535784002448e-05,-0.0168933927163621,"30",30.0566448242857,0.910362022090597,14.0387188859107,2.69731105730584,0,0,2.62333351069643,0.749530990338663,-0.0289307491082881
167,0.00353727913085717,30.2906147,17.1589255628571,0,2.99811148314286,2,1,0,803.891009457143,-9.54450156206246e-05,-0.026624995146352,"30",30.1003878592857,0.971865394111857,13.5654813158527,1.93475335839591,0,0,2.62332883167857,0.749515393612476,-0.036031304975695
168,0.00353006045699617,30.48715728375,11.256867412875,0,2.998074051,2,1,0,790.1518375,-0.000102663689481625,-0.0286678221754944,"30",30.0521989751339,0.986341744733681,13.7198899432768,2.1414363577016,0,0,2.62333351069643,0.749530990338663,-0.0385132898988366
169,0.00352105195842175,30.33488657,11.370201789,0,2.99811148314286,2,1,0,776.415240471429,-0.000111672188056045,-0.0312230227423189,"30",29.9940157258929,0.993556325855306,15.0769954531696,1.27223726405886,0,0,2.62332883167857,0.749515393612476,-0.0381693803324204
170,0.00349685176878748,30.1488067675,13.518805845,0,2.998074051,2,1,0,762.7532945375,-0.000135872377690315,-0.0381197502576578,"30",29.9733050034375,0.937190187657009,15.9263634038839,0.715933850949634,0,0,2.62333351069643,0.749530990338663,-0.0355635991146359
171,0.00348618387074181,30.1212626742857,16.4382962628571,0,2.99811148314286,2,1,0,749.156440557143,-0.000146540275735985,-0.0411751280589039,"30",30.0317266232143,0.815364339663444,16.3114222945089,1.65798894967252,0,0,2.62332883167857,0.749515393612476,-0.0313686535793347
172,0.00349512980978987,30.28281726125,17.84118555875,0,2.998074051,2,1,0,735.512147475,-0.000137594336687924,-0.0386123027519165,"30",30.1305826186607,0.696713925902397,16.4553444469643,2.21046864374928,0,0,2.62232938279018,0.751539246150608,-0.0270024764017967
173,0.00352116769293773,30.51698882,18.8924392557143,0,2.99811148314286,2,1,0,721.800688542857,-0.000111556453540065,-0.0311901539826289,"30",30.2752137774553,0.646334908761919,15.7446733503036,3.70655335529479,0,0,2.85816164757143,0.279849762175363,-0.022589858610244
174,0.00355635132932568,30.82173038875,18.5650257025,0,2.998074051,2,1,0,707.9448158375,-7.63728171521145e-05,-0.0212477080169453,"30",30.4276375486161,0.70233709695443,13.2433260815938,6.26275729500695,0,0,2.99856102672768,0.000924210398841783,-0.020418982133398
175,0.00357732394905638,31.0643990328571,15.9086627714286,0,2.99811148314286,2,1,0,693.983259771429,-5.54001974214149e-05,-0.015367799344717,"30",30.5190932267857,0.776701480156324,14.6210530812411,4.35171170218503,0,0,2.99809276707143,2.16114577565687e-05,-0.0221433149471189
176,0.0035613915688163,31.18787916125,17.40959847,0,2.998074051,2,1,0,679.907774575,-7.13325776614945e-05,-0.0198314612478274,"30",30.5004535963839,0.754809152003326,17.9866742287054,1.32373978996326,0,0,2.99816665954018,0.000136453306773929,-0.0268513055305253
177,0.00352530574038976,31.3296993857143,17.5131919057143,0,2.99811148314286,2,1,0,665.808140357143,-0.000107418406088034,-0.030015652198319,"30",30.5449909263393,0.796191281368108,16.7921333730357,0.362037662213848,0,0,2.99646617771429,0.00324074937351366,-0.0340822109350343
178,0.00349967912595712,31.55683675875,17.00008418625,0,2.998074051,2,1,0,651.5960187625,-0.000133045020520675,-0.0373115333612395,"30",30.5281744439643,0.731215919467,15.9862630258571,0.563588729503376,0,0,2.76043934846072,0.531430124549945,-0.0415922207129915
179,0.00351890148340844,31.7120687357143,16.10321477,0,2.99811148314286,2,1,0,637.311734571429,-0.000113822663069355,-0.0318339571858131,"30",30.569377057,0.750708991972884,16.0941454156429,0.539278436264239,0,0,2.698085696,0.670815279638154,-0.0454677994239704
180,0.00354839221639956,31.78270111875,16.10963428375,0,2.998074051,2,1,0,622.9651838875,-8.43319300782345e-05,-0.0234882156384586,"30",30.6483791344196,0.833597186912485,12.9562575175714,6.71256134535149,0,0,2.62313267235715,0.74995762157143,-0.0464735192191338
181,0.00355811798909451,31.7387180342857,2.891317846,0,2.99811148314286,2,1,0,608.619533928571,-7.46061573832849e-05,-0.0207510694972166,"30",30.5556471383482,0.688698949608219,12.6929921550625,6.99058867807155,0,0,2.65334298371429,0.68946213457143,-0.0460702101309925
182,0.0035580323284003,31.3415212175,2.219547529,0,2.998074051,2,1,0,594.3597888875,-7.46918180774946e-05,-0.0207751445063113,"30",30.4189991616071,0.470336300874142,12.5279652824071,6.23850789176266,0,0,3.00069407889286,0.00558794167710824,-0.0470277632206304
183,0.00357303874268731,30.7595209328571,1.99956876757143,0,2.99811148314286,2,1,0,580.341166871429,-5.96854037904848e-05,-0.0165663977786625,"30",30.1577829869345,0.429292643743096,12.1532710417857,6.54805400304985,0,0,2.99814282740476,0.000150873965742941,-0.0468643703279628
184,0.00361072478403997,30.32621672125,1.836204269125,0,2.998074051,2,1,0,566.5460968625,-2.19993624378245e-05,-0.00607429683955019,"30",30.0200003861012,0.302641087139366,12.6861910467202,6.04813859159493,0,0,2.99809900576191,1.93298754546211e-05,-0.0422526499813164
185,0.00365648742565001,29.9542139514286,1.76824814614286,0,2.99811148314286,2,1,0,552.940123642857,2.37632791722153e-05,0.00652014623830954,"30",29.9002027272321,0.241501511336924,13.0085044812143,5.46106371587179,0,0,2.99776595856845,0.000791557555846304,-0.033790195886793
186,0.00370383066387162,29.565221345,2.332331218,0,2.996150632125,2,1,0,539.49120565,7.11065173938253e-05,0.0193847777106768,"30",29.7620349847917,0.352143235283756,15.66694558025,0.810649009389315,0,0,3.17228682171429,0.426677381530559,-0.0238431800699856
187,0.00375159669879419,29.0688126071429,16.0247670154286,0,4.04323837885714,2,1,0,526.252407771429,0.000118872552316395,0.0321987144314928,"30",29.7368792254464,0.273223501593927,16.5439023315179,1.04712346123775,0,0,3.24840712344345,0.613151617643865,-0.0135559102761137
188,0.00379947449475561,29.19786319,18.563369,0,4.499997621375,2,1,0,513.1148559125,0.000166750348277815,0.0448799447049426,"30",29.8117981105357,0.120992994930405,15.8872965009524,0.63787926394704,0,0,3.07375381357143,0.185321789272278,-0.00356257728422662
189,0.0038472543164181,29.65364035,16.5544735014286,0,3.45204033,2,1,0,499.833088371429,0.000214530169940305,0.0573769073727304,"30",29.870356658869,0.112340396622244,14.3265741327381,1.3202932226777,0,0,2.99792600746429,0.000399727839558308,0.00604324320347045
190,0.00389468717890732,29.85825937375,12.68730589125,0,2.9971109255,2,1,0,486.37581655,0.000261963032429525,0.0696305403408211,"30",29.9002519233929,0.182904854613601,13.9476647191667,1.330941412835,0,0,2.99809900576191,1.93298754546211e-05,0.0155351541063103
191,0.00394136739448597,29.7858672357143,12.73625111,0,2.99811148314286,2,1,0,472.9115769,0.000308643248008176,0.0815448949803725,"30",29.8955707518452,0.263345306893615,13.8738260292857,1.70014062812852,0,0,2.99808652838095,1.93298754546211e-05,0.0251728639617203
192,0.00398598216300648,29.6900483625,11.24805048625,0,2.998074051,2,1,0,459.4708611875,0.000353258016528685,0.0928009240279657,"30",29.8621614321726,0.37636286966946,12.457499241756,3.64393322125763,0,0,2.99809900576191,1.93298754546211e-05,0.0331435157526947
193,0.00402053136021835,29.55204948,11.2334405175714,0,2.99811148314286,2,1,0,446.089363885714,0.000387807213740555,0.101431249997185,"30",29.8155789823512,0.556086358338294,11.0180485844226,4.12170469810937,0,0,2.99808652838095,1.93298754546211e-05,0.0395629394595288
194,0.00400754876045389,29.4199721175,12.83124135875,0,2.998074051,2,1,0,432.7623353625,0.000374824613976095,0.0981969497502666,"30",29.7714316745833,0.787882764616132,10.5896098645208,4.16270731981202,0,0,2.99809900576191,1.93298754546211e-05,0.0444462081513606
195,0.00397066298830756,29.3327200085714,12.8685968314286,0,2.99811148314286,2,1,0,419.496777657143,0.000337938841829765,0.0889502575846484,"30",29.7250517932738,0.885523925046263,12.7715960287857,1.69556886910367,0,0,2.99808652838095,1.93298754546211e-05,0.0458675967635527
196,0.00394695451444757,29.29391739625,12.42324418,0,2.998074051,2,1,0,406.2503411625,0.000314230367969776,0.0829614499381233,"30",29.7046098891964,0.786636479285748,13.9085713443512,4.06475410807392,0,0,2.99809900576191,1.93298754546211e-05,0.0431132406918023
197,0.00393935481274549,29.2510717757143,12.9894986142857,0,2.99811148314286,2,1,0,393.028390985714,0.000306630666267695,0.0810341342454457,"30",29.6713174425,0.708321424956605,14.7283913952571,3.99678188765247,0,0,2.99808902385714,2.0502429020181e-05,0.0393237160456513
198,0.00392241748144061,29.19864018375,13.632954405,0,2.998074051,2,1,0,379.824250175,0.000289693334962815,0.0767253457319681,"30",29.6889685536071,0.537729094365526,16.0314707932536,2.65785532457729,0,0,2.99809651028572,2.0502429020181e-05,0.036478849996068
199,0.00388651956080582,29.15990114,15.6934700128571,0,2.99811148314286,2,1,0,366.6506729,0.000253795414328025,0.0675312204886609,"30",29.7663042050357,0.436082433628706,15.7612218365,1.90905532592672,0,0,2.99808902385714,2.0502429020181e-05,0.0339494203457716
200,0.00384796568156398,29.19091672375,15.41603683625,0,2.998074051,2,1,0,353.4686049875,0.000215241535086185,0.0575617923089906,"30",29.9344647343214,0.42459480250712,15.1707117300714,1.84254401245483,0,0,2.99809651028572,2.0502429020181e-05,0.0321046926695539
201,0.00383679137047439,29.2744466657143,14.9199979528571,0,2.99811148314286,2,1,0,340.272543228571,0.000204067223996595,0.0546536148354129,"30",30.13585086825,0.478221922512012,14.4074129626357,3.23554205395743,0,0,2.99808902385714,2.0502429020181e-05,0.0324728550470044
202,0.00386805189311743,29.38010302125,15.48338141,0,2.998074051,2,1,0,327.0211563875,0.000235327746639635,0.0627681714314923,"30",30.2494652310268,0.60822633971473,13.5631127547143,4.40245649407687,0,0,2.99810356204018,1.98597270304921e-05,0.036821365098406
203,0.00390398323603538,29.4752122614286,15.5355956571429,0,2.99811148314286,2,1,0,313.740929557143,0.000271259089557585,0.0720145521781985,"30",30.2592005929911,0.528445164132637,16.3978703954018,1.12610504644888,0,0,2.9996633335,0.00315365960494758,0.0438228672495029
204,0.00391485349931523,29.55709445625,15.63390847625,0,2.998074051,2,1,0,300.4075241375,0.000282129352837435,0.0747950860026609,"30",30.172881308125,0.486525736938913,16.6739704823661,1.40348764596832,0,0,2.62828641544643,0.739625180841445,0.0486903715784621
205,0.00391842312950449,29.6300271571429,15.9500592828571,0,2.99811148314286,2,1,0,287.046562714286,0.000285698983026696,0.0757064875819387,"30",30.114181045,0.55982660500583,16.5171740323214,1.06377735633627,0,0,2.81736693064286,0.361439195906928,0.0493796115813545
206,0.00392271674763622,29.71475434,15.60323386875,0,2.998074051,2,1,0,273.6381349,0.000289992601158425,0.0768016391845432,"30",30.0742882938839,0.692153039095373,15.8821456631696,1.40807039195992,0,0,2.99763672832143,0.000924723254798721,0.0469233895906235
207,0.00391627411480327,29.8445589385714,14.8782811828571,0,2.99811148314286,2,1,0,260.187901957143,0.000283549968325475,0.0751578984959167,"30",30.0142219803125,0.818106509073224,14.8497449704732,2.83734368236869,0,0,2.99860622567857,0.00103954436878925,0.0444066277037585
208,0.00390388994517633,29.96228515,13.8195714175,0,2.998074051,2,1,0,246.6714201875,0.000271165798698535,0.0719906555665348,"30",29.9005300253125,0.89853989064427,15.3499421429911,1.69967820675016,0,0,2.83906314010268,0.318071731807919,0.0443939282267682
209,0.00389281514997693,29.9577295285714,14.5229928385714,0,2.99811148314286,2,1,0,233.131448957143,0.000260091003499135,0.0691497625922413,"30",29.8190159575893,1.03883669736945,15.8121948749554,1.536646373832,0,0,2.62388296742857,0.748407122112784,0.04600063614484
210,0.00390589844889086,29.93320532625,14.36161123375,0,2.998074051,2,1,0,219.6048318625,0.000273174302413065,0.0725050110409811,"30",29.7949337313393,1.11751241725154,14.5951348573973,2.18278302006421,0,0,2.62333351069643,0.749530990338663,0.0482756218245701
211,0.00393195412075557,29.9541769157143,13.7282324571429,0,2.99811148314286,2,1,0,206.081536842857,0.000299229974277775,0.0791537115495178,"30",29.7402094125893,1.0520215639031,11.4464521034375,6.1587179377724,0,0,2.62372898672321,0.74935729955273,0.050375538666417
212,0.00394288101784411,29.9307640025,12.00666677,0,2.998074051,2,1,0,192.5498501375,0.000310156871366316,0.0819288563319631,"30",29.5700305572768,0.950205034274705,11.4650461143973,6.32846444075745,0,0,2.66251767951786,0.390227660566223,0.0504686094469296
213,0.00393937910885389,29.7957547014286,11.1214985128571,0,2.99811148314286,2,1,0,179.0609653,0.000306654962376095,0.081040301761198,"30",29.3272665729464,0.943330242545273,11.8661982430268,6.92173525033454,0,0,2.62198026005357,0.749915133325781,0.0494539888432372
214,0.00392230384425399,29.62544667625,10.6491300225,0,2.998074051,2,1,0,165.644520175,0.000289579697776195,0.0766963741014886,"30",29.091979481741,0.923343524286319,11.5455670822098,6.91723070959721,0,0,2.87628935333482,1.03528825885327,0.049707757519526
215,0.00391017790791528,29.4713434628571,10.1673776071429,0,2.99811148314286,2,1,0,152.303121528571,0.000277453761437486,0.0736000513520487,"30",28.6357469551786,0.928131861112799,12.5175564619929,5.90169723193042,0,0,2.23692421687143,0.921261350153813,0.0505571099728587
216,0.00391846209061153,29.28905036625,10.54683755,0,2.998074051,2,1,0,139.0354667375,0.000285737944133735,0.0757164305898943,"30",28.4749731108571,0.76582083255207,12.58452205815,4.72385692467345,0,0,2.30988062258929,0.762775144028416,0.0513353302286658
217,0.00393220681948757,29.1197863985714,10.4685888672857,0,2.99811148314286,2,1,0,125.845559742857,0.000299482673009776,0.0792179774585149,"30",28.3097152756071,0.621733795853657,12.9840546479286,4.02052360549539,0,0,2.73818364959286,0.271723148060133,0.0533649464463029
218,0.00392972376765108,28.89769379875,8.09861761775,0,2.998074051,0.5,0.25,0,112.7350747,0.000296999621173286,0.0785863127984507,"30",28.06393767975,0.606542486265627,14.6241961316071,2.79513588155424,0,0,2.70162163355714,0.415224066417863,0.0573890265619734
219,0.00391435891856115,28.4343050171429,13.3187681814286,0,2.99811148314286,0,0,0,99.79472979,0.000281634772083355,0.0746687436030156,"30",28.0711710193304,0.6254748881641,11.6018207100937,4.41471819998725,0,0,2.99687515732143,0.00144350925434372,0.056848962900553
220,0.00390324436087332,28.34910765875,11.610603929375,0,2.998074051,0,0,0,86.9829778075,0.000270520214395525,0.0718252724022044,"30",27.6910122909822,0.68106534661556,11.0938696268304,10.1347689165731,0.00524410767857143,0.00738501349563488,2.92902714722321,0.637167592469061,0.0604931589689102
221,0.00391589882589571,28.1167120214286,2.31725994957143,0.00531073471428571,2.99811148314286,0,0,0,74.2099599514286,0.000283174679417915,0.0750620658576171,"30",26.6921132796429,0.816596836685878,13.7294976305179,13.386554280884,1.55348381627679,1.90219380945282,2.99648481914732,1.22296223157796,0.0629239255564844
222,0.00395410822788731,27.35762219,2.2284236035,3.88213729025,2.995211206875,0,0,0,61.676815565,0.000321384081409515,0.084772273480918,"30",25.0532817100357,1.20101206601032,16.6444446693107,13.1801513418298,5.6141672233,7.7447050829558,6.43044211742143,2.08997296885612,0.066424733281754
223,0.00399810121412226,26.2253795314286,2.47557111342857,15.36400287,9.80292561828571,0,0,0,49.5538679857143,0.000365377067644466,0.0958367290283135,"30",23.4035623143571,1.39334678961418,16.460713536275,12.8163406688808,7.22791988982142,10.0747811744541,14.3231988551786,6.66604284400099,0.0728387812113437
224,0.00403186844581462,24.863317885,2.485069371125,15.40674993625,22.75970482125,0,0,0,37.9675622225,0.000399144299336825,0.104247079583061,"30",20.813643957449,1.93335364689037,15.3899581992398,12.1669364837159,7.63383232344387,9.7979130413572,29.0670368395918,10.4527722086035,0.0818707726528733
225,0.00406154331298066,23.3638735942857,2.35359140542857,17.785318,30.8948012628571,0,0,0,27.0319040842857,0.000428819166502866,0.111580204425046,"30",19.0218756930867,2.07579228001504,15.1413199754821,12.0360329983764,7.34919845862244,9.38946245533135,28.8368133495408,8.91079730118994,0.0939503256656093
226,0.00410637596902043,21.5746916875,2.157431633,20.84421107125,20.68705207725,0,0,0,17.0200717475,0.000473651822542635,0.122558056589653,"30",15.7250895937959,3.27114680948238,15.299035483227,12.2625922355519,9.67872640762756,12.4167097677515,-9.139386906,24.9482054683085,0.111825951877001
227,0.00415382043490927,19.2577232428571,2.029418505,25.1702956414286,-24.4624883335714,0,0,0,7.99804020685714,0.000521096288431475,0.134045673631898,"30",8.44023696398428,5.15447755990883,13.0484839290717,10.0764367237162,10.7017840224714,13.7393424287039,-41.5768599265076,156.814419343691,0.124350321318933
228,0.00420174758968943,16.25689285625,2.120893366125,30.41685563875,-105.95994933,0,0,0,0.063467559625,0.000569023443211635,0.145517707399567,"30",5.46512605250629,4.1210469344091,7.51205901612157,7.88846506815199,9.93371110136357,11.2549607826767,-193.064290244605,274.026920915736,0.130991905621186
229,0.0042497740136629,12.7306356185714,2.049601587,29.8761947528571,-225.095203114286,0,0,0,-6.421642915,0.000617049867185106,0.156882983867475,"30",4.98888435923319,3.84899586245139,5.98533118202521,6.67480038905808,8.59703572975106,9.98287425565971,-265.421484878808,291.756705078769,0.141575687393549
230,0.00429773259571092,9.5944730025,2.09530822475,23.26760811025,-378.82971975,0,0,0,-10.776337361125,0.000665008449233125,0.168104755641292,"30",7.65065949719286,1.00741274457707,5.676473413625,5.09513379149725,5.66731759773929,7.76123407239875,-513.24693726,53.1719707019762,0.142784439496343
233,0.00443941509313281,8.06531110328571,19.5271926457143,0,-490.409585957143,0,0,0,-10.4400444428571,0.000806690946655015,0.200539806580827,"30",7.97462841474405,1.20068293382757,5.0796125488125,4.78599707838127,8.60069934982441,9.9908845695487,-490.844067675,72.6163767239909,0.141993179616814
234,0.00448432020995805,9.46983525925,22.714180855,0,-260.0572326875,0,0,0,-6.819968058875,0.000851596063480255,0.210604088706806,"30",4.70882492798214,3.79211860624817,4.93977807746429,5.26309194072596,9.1343504628605,10.0531789903219,-265.756750640764,301.321647157214,0.144713341998697
235,0.00452363772454721,11.43986012,24.70636715,0,-61.4862368314286,0,0,0,-2.28638296642857,0.000890913578069415,0.219333650653073,"30",5.16403432165901,4.09493541700309,6.18267854991475,6.66781654135694,10.7975120666995,11.3330985137702,-204.383936152878,283.271112838499,0.132976881081179
236,0.00452576134984284,14.0172635675,25.9253029575,0,-6.902620629,0,0,0,3.32600896675,0.000893037203365045,0.219802991273421,"30",6.07460720450914,4.93533890537105,7.66574317406371,8.45866055994482,11.7432301996457,12.2364645875798,-143.731755562412,246.794642794896,0.123574281592581
237,0.00448812929465809,16.5161002,25.90345062,0,11.834908493,0,0,0,10.0913772767143,0.000855405148180295,0.211453151126608,"30",11.2106927058911,5.54913140184133,12.3893387651268,10.9226460596337,13.2294573006339,13.9614992837981,-56.1813807604678,69.5363055335059,0.12076129823532
238,0.004443289526964,18.628251205,24.79586803125,0,30.30772822125,0,0,0,17.94992414375,0.000810565380486205,0.201412161151954,"30",16.3354070880913,3.449549483211,14.9059068288155,12.0714745621404,9.84392176940477,11.9538083670998,-2.30651255177778,25.5118929643201,0.116723192412745
239,0.00439669496531953,20.4023055771429,24.4227459785714,0,33.2550950042857,0,0,0,26.7180066542857,0.000763970818841735,0.190870289242845,"30",18.7918040457441,2.17395018785431,13.5944156416339,12.399146706679,8.57406486839285,9.65359546371755,28.10043307375,9.52511525403515,0.102026989297046
240,0.0043492541809164,22.1907071325,25.17151241125,0,15.8928537375,0,0,0,36.3428886275,0.000716530034438606,0.180021552800478,"30",20.5841334282738,2.01071054394066,13.7596991639048,12.462590344358,8.90613771068452,10.0797483883589,31.2627340232738,9.51921282383901,0.0907935708481101
241,0.00430136690123679,23.77886758,25.68019817,0,6.90766985657143,0,0,0,46.7183680471429,0.000668642754758995,0.168950031512102,"30",22.5057525640476,1.92492057775356,14.1703916973958,12.8497703676723,9.66182717339285,10.8048322782281,19.7635054703036,8.75446852831492,0.0815761676023217
242,0.00425320191467211,25.36203259375,26.76044254375,0,4.7095770085,0,0,0,57.81313545875,0.000620477768194315,0.157689266548545,"30",24.8761100418571,1.20939001564016,11.7682118395036,13.0109461643641,9.76073712587142,9.36759438256004,9.05076732229285,5.23693062387168,0.0747215090332804
243,0.00420488348046647,26.8574535014286,25.4172624957143,0,4.49444918071429,0,0,0,69.6115097714286,0.000572159333988675,0.146263759134612,"30",26.2750597974286,0.89729026595782,11.6426885911464,13.1123068047509,3.78415370232143,5.25292267876395,3.626835670275,1.71863036161581,0.0775720586100176
244,0.00415649321264981,28.19094421875,19.5108673895,0,3.634192559625,0,0,0,82.0563413875,0.000523769066172015,0.134688917167997,"30",27.2954037461786,0.606084777083711,10.46540099585,11.4275889291461,0.470554881114285,1.04048617635938,3.11476549705357,0.86651964786357,0.0731312504769247
245,0.00410811827648446,28.5797446071429,14.4449631672857,0,2.996057649,0,0,0,94.9378304271429,0.000475394130006666,0.122982259807931,"30",27.9279664875357,0.483190375778923,10.7593935694179,6.9905718314958,0.0031331392,0.00700591223416931,3.12474191818214,0.284794201484605,0.0683308666785632
246,0.00405988315226755,28.63616688875,14.2502265625,0,2.997959720375,0,0,0,107.8577651375,0.000427159005789756,0.111171369671088,"30",28.1749024494286,0.531857977404744,12.3503078170214,4.62997472173163,0,0,2.82471735628214,0.386553012117961,0.0554809117905281
247,0.00401202942938179,28.6120027857143,15.78626152,0,2.75517065142857,3,1,0,120.793027171429,0.000379305282903995,0.0993143824072789,"30",28.4574306462143,0.521605493630243,11.8774524234286,3.65142343355354,0,0,2.87459002073214,0.276075704139702,0.0503274960319834
248,0.00396560580173675,28.70379532625,16.0764411875,0,1.501080335625,3,1,0,133.7336650875,0.000332881655258956,0.087675808026134,"30",28.68266124475,0.605086396763717,11.1222781965643,4.30321737591697,0,0,2.86146716149286,0.199141913182685,0.0474035682326286
249,0.00392929226496497,28.9168191257143,16.2879216685714,0,1.74199657385714,3,1,0,146.750919485714,0.000296568118487175,0.0784765019331282,"30",28.8998217685357,0.786350397932533,10.2236371228286,6.09058001363416,0,0,2.488355749225,0.923135958888808,0.0464612031256984
250,0.00391142383667497,29.14796871875,16.24242863625,0,2.996145072375,3,1,0,159.8664855375,0.000278699690197175,0.0739186379482613,"30",29.1362409698571,0.89187837819324,9.65302528965357,6.88307198131973,0,0,2.74044690566429,1.08697734312359,0.0463731450858392
251,0.00388320455997736,29.3794430085714,16.1974542685714,0,2.99921219828571,3,1,0,173.095634528571,0.000250480413499565,0.0666779080948752,"30",29.3591701552143,0.966718096895971,9.85422805529642,7.2118156750773,0,0,2.899728233125,0.898116447742893,0.0469235535940554
252,0.00384305155065405,29.5781022025,16.01472712,0,2.2704168325,3,1,0,186.4169846375,0.000210327404176255,0.0562839037534202,"30",29.6158623361429,1.00042977778479,10.1145773788678,7.2915246917311,0,0,2.69720650467143,0.670875897457791,0.0486627638716244
253,0.00381533898533213,29.7658410814286,15.9674251014286,0,1.499693236,3,1,0,199.822775928571,0.000182614838854335,0.04904669498828,"30",29.6037828825446,0.963204577246974,11.686338178683,6.32792314015119,0,0,2.66250832148214,0.39021693038336,0.0443326655097319
254,0.00380216140122516,29.91456763,15.42942616375,0,1.4990370255,3,1,0,213.3006542125,0.000169437254747365,0.0455868731996834,"30",29.7460626408929,1.05349926629979,11.8768435252232,6.2700652287212,0,0,2.62373834475893,0.749363532896551,0.0436082374320874
255,0.0037744457706109,30.01346177,15.4094876,0,1.50127228457143,3,1,0,226.8400075,0.000141721624133105,0.0382707347542697,"30",29.5141302194286,1.14660648700815,15.3995551847393,2.33691147439597,0,0,2.69827413232857,0.670393923198159,0.0389759248375789
256,0.00374397399547672,30.02204669125,16.05157258125,0,2.361955543125,3,1,0,240.397310625,0.000111249848998925,0.0301647917182484,"30",29.6038061648214,1.02754955036496,16.1514048383571,1.45099834168244,0,0,2.698736157,0.669402655033839,0.037429515106558
257,0.00371767156910493,30.1089692857143,16.34360172,0,3.00016531757143,3,1,0,253.972838685714,8.49474226271353e-05,0.0231147289988813,"30",29.7201334347857,0.877747294838325,15.7070735274286,1.99265553313873,0,0,2.87085783585357,0.28448503057339,0.0373742154428786
258,0.00370230465110429,30.26688005625,15.57879829375,0,2.996249896,3,1,0,267.6036855625,6.95805046264952e-05,0.0189726834988333,"30",30.0543643010714,0.71580596379729,15.1418854298928,2.79395500964573,0,0,2.99862494175,0.00102691721428494,0.0390795610719415
259,0.00370545617519194,30.4079882985714,17.3112022171429,0,2.27520813742857,3,1,0,281.304938314286,7.27320287141455e-05,0.0198235544344909,"30",30.1188017178125,0.607388396192101,15.9655189790625,1.08403431485477,0,0,2.99761801225,0.000912077499999997,0.0436256806367375
260,0.00373801659796675,30.5520996275,18.13845422375,0,1.5188486445,3,1,0,295.0678396125,0.000105292451488955,0.0285723281792247,"30",30.1718051975,0.504804602893602,16.594912275,0.963272437404014,0,0,2.81738564671429,0.361451672857145,0.046793591612426
261,0.00377954291622245,30.77744749,17.9763582342857,0,3.00439374885714,3,1,0,308.911659142857,0.000146818769744655,0.0396202592138621,"30",30.2255303671875,0.485304076303566,16.323631875625,1.33093451970516,0,0,2.628267699375,0.73961270325,0.0446186273256383
262,0.0038168298703445,30.9545806075,6.9789356935,0,2.998117230875,3,1,0,322.8659920625,0.000184105723866705,0.0494373794766494,"30",30.2466663046429,0.564130140184134,16.3231218389286,1.1498843686417,0,0,2.99968204957143,0.00314113285714002,0.0353883803943502
263,0.00381793728076596,30.6717152714286,8.65505939728572,0,2.99811148314286,3,1,0,336.799732814286,0.000185213134288165,0.0497274761824951,"30",30.2219677846875,0.649228571925715,13.5625262530625,4.40494600594042,0,0,2.99808484596875,2.15899375000106e-05,0.0328560196917488
264,0.0037865875143369,30.3335762225,12.05836190125,0,2.998074051,3,1,0,350.5691904625,0.000153863367859105,0.0414823999814642,"30",30.0595744635714,0.58207111110382,13.9983574150357,3.61455981137915,0,0,2.99811148314286,0,0.0311796275309751
265,0.00375736583163174,30.1472354085714,12.7954922914286,0,2.99811148314286,3,1,0,364.229914371429,0.000124641685153945,0.0337353138740015,"30",29.8806032565625,0.520173297871991,15.4845113609375,2.51996214019608,0,0,2.998074051,0,0.0323179827599092
266,0.00374249004702344,30.08524167125,12.264285362875,0,2.998074051,3,1,0,377.83005895,0.000109765900545645,0.0297683566523359,"30",29.8038757282143,0.576962807842835,16.0936023171428,2.85431257016265,0,0,2.99811148314286,0,0.0346101745567655
267,0.00376252692558204,29.94474969,8.45114095557143,0,2.99811148314286,3,1,0,391.403278,0.000129802779104245,0.0351079649981676,"30",29.8429437484375,0.749998271295615,15.3133779569688,3.00143617604684,0,0,2.998074051,0,0.0377611586415352
268,0.00380266677413283,29.67732533375,10.65279503625,0,2.998074051,3,1,0,404.8608994,0.000169942627655035,0.0457197816319237,"30",29.8686252253571,0.929206818229693,14.3410794099643,4.79356869937946,0,0,2.99811148314286,0,0.0420402510356559
269,0.00384204755350082,29.4789529728571,12.5435593928571,0,2.99811148314286,3,1,0,418.229070757143,0.000209323407023026,0.0560226196452511,"30",29.883270668125,1.09703683178679,13.11076640175,2.04847771639014,0,0,2.998074051,0,0.0453897438111534
270,0.00387082698958288,29.36889059125,15.2015088025,0,2.998074051,3,1,0,431.5103409125,0.000238102843105085,0.0634853545156941,"30",29.8737337575,0.983166586977669,10.231510707,4.27195795803151,0,0,2.99811148314286,0,0.0449231602640318
271,0.00386991623726985,29.4472188442857,15.64328767,0,2.99811148314286,3,1,0,444.792461771429,0.000237192090792056,0.0632500406015106,"30",30.1405677751071,0.886994659065366,9.68576635042143,4.46189532474244,0,0,2.99808153742857,1.67401631956911e-05,0.0406620169128342
272,0.00385017321957836,29.58843802125,15.748998445,0,2.998074051,3,1,0,458.1234450375,0.000217449073100565,0.058135317428734,"30",30.0456050161071,0.56200596830539,10.9442874695321,3.6882063662087,0,0,2.99810399671429,1.67401631956911e-05,0.0345247147352636
273,0.00383030414024734,29.6963432771429,15.6342347985714,0,2.99811148314286,3,1,0,471.518725142857,0.000197579993769545,0.0529613882036086,"30",29.9438363806697,0.361318279808343,13.3023025584822,1.86583697763389,0,0,2.99808340903571,1.87160714300028e-05,0.0216713067300052
274,0.00380273629917143,29.77188601625,15.4121692375,0,2.998074051,3,1,0,484.9463008125,0.000170012152693635,0.0457380646962413,"30",29.930018766384,0.221481677621733,13.8981400233036,1.30366885754993,0,0,2.99810212510715,1.87160714300028e-05,0.013380930057636
275,0.00376087820966853,29.8206525071429,15.3246643971429,0,2.99811148314286,3,1,0,498.410293157143,0.000128154063190735,0.0346696751901794,"30",29.9038428615178,0.127866504852211,13.8115825673214,1.35784644566086,0,0,2.99784262766071,0.000488120492708642,0.0041076791311195
276,0.00371437741784487,29.8437704975,16.39255043,0,2.998074051,3,1,0,511.8757531125,8.16532713670752e-05,0.0222282570735972,"30",29.8195606125,0.150511840715764,15.6204899521429,0.626794085840044,0,0,3.11158433682143,0.226970662804972,-0.00567067096290426
277,0.00366716839186467,29.9164825357143,16.0794282857143,0,2.99811148314286,3,1,0,525.373706,3.44442453868755e-05,0.00943698825325168,"30",29.6795268879911,0.329322666511469,16.7268636080357,1.29887322674418,0,0,3.37356430162946,0.750955546704339,-0.0159033961120931
278,0.00361984912292324,30.04511349375,16.35116155625,0,2.998074051,3,1,0,538.913116175,-1.28750235545549e-05,-0.00355047408590714,"30",29.6783736280357,0.412001137154877,15.7304738555982,0.800208880178559,0,0,3.25938384903572,0.522569686845539,-0.0264110402716475
279,0.00357277833925341,30.1767331342857,16.3545111114286,0,2.99811148314286,3,1,0,552.522524771429,-5.99458072243846e-05,-0.016639280536153,"30",29.8448966458214,0.223524059476737,12.3393031551714,5.82411306768531,0,0,2.99769685365357,0.000864516070305255,-0.0322310217640075
280,0.0035264853474311,30.2839576425,16.04622029375,0,2.998074051,3,1,0,566.1724724,-0.000106238799046695,-0.0296810969047216,"30",29.9672089348214,0.305920748837741,12.0141851973143,6.50676851952306,0,0,2.99810399671429,1.67401631956911e-05,-0.0411097815198078
281,0.00348225162878568,30.3777316042857,16.3916688214286,0,2.99844927728571,3,1,0,579.874130542857,-0.000150472517692115,-0.0423037148875878,"30",30.1137932634643,0.464598750732835,11.3055914858571,6.94313036835885,0,0,2.99808153742857,1.67401631956911e-05,-0.0464497652879287
282,0.00345030958796741,30.48772986375,16.47655278875,0,3.01068666775,3,1,0,593.6143278625,-0.000182414558510385,-0.0515188562870774,"30",30.2478749853571,0.581575397036338,12.4487807779071,6.17807933596178,0,0,2.99817155554286,0.000156094988752933,-0.0474360444084892
283,0.00346313396419794,30.5660456471429,15.95572702,0,1.61914978185714,3,1,0,607.404849714286,-0.000169590182279855,-0.0478088699474712,"30",30.3579765922857,0.717673738134822,13.4966448283714,6.31026275446874,0,0,3.00060406077857,0.00563637195031844,-0.0462282701143088
284,0.00350163014555592,30.63846937625,16.24559881,0,1.49819624,3,1,0,621.220882475,-0.000131094000921875,-0.0367542034339623,"30",30.6302732021428,0.834670016787263,12.8837895700714,6.66662043791267,0,0,2.65337105782143,0.68948085064286,-0.046417786226406
285,0.00353707510304099,30.6917457685714,16.5628040742857,0,1.49809484385714,3,1,0,635.083812485714,-9.56490434368047e-05,-0.0266826761172858,"30",30.6440434928125,0.836240004660773,16.170788173125,0.42972425472554,0,0,2.62310459825,0.7499389055,-0.0461658869623784
286,0.00353964325573535,30.73011559875,16.90072635125,0,1.809788241875,3,1,0,648.9467907125,-9.30808907424448e-05,-0.0259568728270265,"30",30.6268405167857,0.795450334864692,15.9921916846429,0.460348990422511,0,0,2.62310732332143,0.75000831964286,-0.0443463841410628
287,0.00354952943965394,30.8058342985714,17.0857137771429,0,2.99160512571429,3,1,0,662.845806114286,-8.31947068238546e-05,-0.0231677772658836,"30",30.5735046284375,0.743412847459241,16.58237407,0.643494509392276,0,0,2.70100259871875,0.5941429045625,-0.0387476377905431
288,0.00358868165577431,30.93291150375,19.68732776,0,2.998369620875,3,1,0,676.7778529,-4.40424907034846e-05,-0.0121979118124926,"30",30.5123539892857,0.677365210367416,17.2708950839286,0.806622102108496,0,0,2.99648489378572,0.0032531787142851,-0.0312119714629978
289,0.00363335467470499,31.1312928728571,8.36397100728571,0,2.99811148314286,3,1,0,690.804703971429,6.30528227195219e-07,0.000173553914549984,"30",30.5048191853125,0.673967420349266,17.845855970625,1.32866351426559,0,0,2.99814794346875,0.000147784937500006,-0.0241236649454515
290,0.00367807167451422,30.80793677625,3.978092433875,0,2.999947089625,3,1,0,704.8027669125,4.53475280364252e-05,0.0124057926115606,"30",30.3246618250714,0.787393317246801,14.4647013182429,3.57536654178292,0,0,2.99810399671429,1.67401631956911e-05,-0.0147503048707894
291,0.00371942240718337,30.34465231,10.3795484458571,0,2.43838700514286,3,1,0,718.6221585,8.66982607055753e-05,0.0235855682996311,"30",30.2058161817143,0.73564254738228,14.3816774463464,5.95326983829007,0,0,2.99845614515357,0.000833620888817438,-0.0153942256815179
292,0.00373387293160255,30.02043546375,13.89138527625,0,1.495020513875,3,1,0,732.2395068875,0.000101148785124755,0.0274631932912746,"30",30.0394648598929,0.717026660444869,15.7079208140643,3.25028716182842,0,0,2.88615910111429,0.2503122117797,-0.0197154826741376
293,0.00371903007940054,29.8505364885714,14.2248643428571,0,1.49905574157143,3,1,0,745.772483428571,8.63059329227452e-05,0.0234800819035419,"30",29.8993191163571,0.800970389745081,16.0794535520357,1.59400973931999,0,0,2.69747083000357,0.67219016180282,-0.0252905308409057
294,0.00371054655040897,29.76225072,15.13696553,0,1.4990370255,3,1,0,759.2263897125,7.78224039311754e-05,0.0211963629588512,"30",29.9953764455803,0.931585735359122,15.6983381070982,1.09569639108233,0,0,2.62333818971429,0.749521632302951,-0.0300231340997086
295,0.0036893905299273,29.7200962942857,15.9789416814286,0,1.49905574157143,3,1,0,772.670051271429,5.66663834495051e-05,0.0154784555440806,"30",30.0045543323214,0.98989922584473,14.8665014153125,1.13557935576673,0,0,2.62332415266071,0.749524751648188,-0.0334912191445945
296,0.00364825970358431,29.74138710125,15.571695205,0,1.4990370255,3,1,0,786.0862037125,1.55355571065151e-05,0.00426743983402389,"30",30.0468762733928,0.988632887253385,13.8217015623839,2.26494434276128,0,0,2.62333818971429,0.749521632302951,-0.0361620862821271
297,0.00360428579211904,29.80493057,15.2018803057143,0,1.49905574157143,3,1,0,799.539913257143,-2.84383543587546e-05,-0.00785918499291682,"30",30.0845019920982,0.978799285551698,13.6579350406741,2.04472601453323,0,0,2.62332415266071,0.749524751648188,-0.0363439311818197
298,0.00356268156725277,29.80951909875,15.2540447875,0,1.4990370255,3,1,0,812.99335405,-7.00425792250245e-05,-0.019469309318807,"30",30.2830510109286,0.938638771033466,14.2456609236214,2.38062805658531,0,0,2.69828536197143,0.670389738222677,-0.0316353618451766
299,0.00354247097097472,29.8373688685714,14.8620440542857,0,1.49905574157143,3,1,0,826.472457971429,-9.02531755030745e-05,-0.0251583216545201,"30",29.9944895422768,0.873324194834527,14.1608051626964,2.88526608768807,0,0,2.62333351069643,0.749530990338663,-0.0275768340407828
300,0.00357179580471819,29.85891468625,16.0011643925,0,1.4990370255,3,1,0,839.9449209625,-6.09283417596046e-05,-0.0169143240850369,"30",29.8814943151339,0.764337606385354,14.144839541942,2.85838509147716,0,0,2.62332883167857,0.749515393612476,-0.0177767729572497
301,0.00361211156451842,29.8946782814286,16.1209676142857,0,1.49905574157143,3,1,0,853.447409128571,-2.06125819593745e-05,-0.00569029798088394,"30",29.7740436037054,0.674753898123034,14.9487016855357,2.30574516637477,0,0,2.62333351069643,0.749530990338663,-0.0127474322420687
302,0.00364643294992444,29.9687037175,15.74412485125,0,1.4990370255,3,1,0,866.95895015,1.37088034466454e-05,0.00376659525160239,"30",29.7169823664732,0.612244022465746,14.6417933969197,1.7002356626853,0,0,2.62332883167857,0.749515393612476,-0.0136509010360825
303,0.00363905788042369,30.0886269057143,15.9552588514286,0,1.49905574157143,3,1,0,880.529690842857,6.33373394589524e-06,0.00174200363815835,"30",29.6711221121875,0.58329063459209,14.7772892590625,1.37033635024074,0,0,2.62333351069643,0.749530990338663,-0.014484212076359
304,0.00360206571347164,30.23490893,16.02437373,0,1.4990370255,3,1,0,894.1463307125,-3.06584330061546e-05,-0.00847532997399281,"30",29.6735129779018,0.578997239588203,14.4987505523214,1.49210803968588,0,0,2.62332883167857,0.749515393612476,-0.0126129518632435
305,0.00357826815327376,30.3568577257143,15.8209342071429,0,1.49905574157143,3,1,0,907.842203114286,-5.44559932040348e-05,-0.0151038926873879,"30",29.7419150726786,0.524259453045663,13.6999160843304,1.59063570940064,0,0,2.62333351069643,0.749530990338663,-0.00774682392955758
306,0.00358892304075672,30.3655445625,9.251958694625,0,1.4990370255,3,1,0,921.56121485,-4.38011057210747e-05,-0.0121306512190262,"30",29.84392554625,0.453274622264485,12.429080681625,3.4797027500002,0,0,2.62332883167857,0.749515393612476,-0.00386118394404875
307,0.00358660248125932,30.0748075014286,12.66692605,0,1.49905574157143,3,1,0,935.233925557143,-4.61216652184746e-05,-0.012777449702706,"30",29.8899362324107,0.446091391644562,9.67070232389733,4.34017273676943,0,0,2.62333351069643,0.749530990338663,-0.00472721407782082
308,0.00357588674406125,29.83747093,12.21758749375,0,1.4990370255,3,1,0,948.7557340125,-5.68374024165447e-05,-0.0157696342789704,"30",29.84559521,0.448133451923572,10.0201370626071,5.34152252964105,0,0,2.62332883167857,0.749515393612476,-0.008270356419058
309,0.00356767749036899,29.6549363942857,12.5032177928571,0,1.49905574157143,3,1,0,962.208425914286,-6.50466561088045e-05,-0.018067998738724,"30",29.8026171432143,0.591274235652357,10.1087642545536,5.41728282234935,0,0,2.62333351069643,0.749530990338663,-0.0135633743691487
310,0.00355405011700594,29.44515672,10.39734239175,0,1.4990370255,3,1,0,975.54856545,-7.86740294718546e-05,-0.0218949885826705,"30",29.9143525238393,0.820590472648434,9.11804264848213,4.9134179532733,0,0,2.62332883167857,0.749515393612476,-0.0182052730839068
311,0.00355449925207592,29.1712462142857,12.6821415614286,0,1.49905574157143,3,1,0,988.798595471429,-7.82248944018746e-05,-0.0217686238253556,"30",29.9220297975447,1.03932039981539,9.16371123473661,3.18173354812338,0,0,2.62333351069643,0.749530990338663,-0.0197655938542821
312,0.00355828672194039,28.921403435,12.6851985925,0,1.4990370255,3,1,0,1001.90765125,-7.44374245374045e-05,-0.0207036486862817,"30",29.8277951950447,1.12245866781658,12.7242684519821,3.499201690128,0,0,2.62332883167857,0.749515393612476,-0.0175575429306372
313,0.0035605473483273,28.6709956114286,13.8303344928571,0,1.49905574157143,3,1,0,1014.92949185714,-7.21767981504947e-05,-0.0200685372685765,"30",29.4834450292857,1.11509490812701,13.8684831775357,2.63811027955679,0,0,2.69828161875714,0.670398108304271,-0.0102593074296433
314,0.00357551509538443,28.45183003,15.60650923,0,1.4971136065,3,1,0,1027.82322275,-5.72090510933647e-05,-0.0158735715698972,"30",29.3297760189643,1.05268535269884,15.3465715095,0.888980078025545,0,0,2.69828536197143,0.670389738222677,-0.00963091054885545
315,0.00357413392736996,28.2685508042857,16.2144135442857,0,2.54418263714286,3,1,0,1040.64368971429,-5.85902191078346e-05,-0.0162599312327618,"30",29.3248033433929,1.04020772839775,15.8665028317411,0.501254727039759,0,0,2.62285265594643,0.750492699838397,-0.0148630226923138
316,0.00355427174211422,28.3129942475,16.33809852125,0,2.99903717675,3,1,0,1053.401371375,-7.84524043635749e-05,-0.0218326320640694,"30",29.2082481855357,1.00353216736439,15.8021045776339,0.287649728758888,0,0,2.88461055557143,0.226951946305029,-0.0200438233678343
317,0.00352872777014691,28.4400711785714,15.9046299357143,0,2.99811148314286,3,1,0,1066.22858342857,-0.000103996376330885,-0.0290454186649907,"30",29.1695334594196,0.952632944174671,15.5844906728571,1.20112183310947,0,0,2.99833354850893,0.000469417267253577,-0.0247128933976936
318,0.00349927583629244,28.59165625,15.42841813625,0,2.998074051,3,1,0,1079.093411,-0.000133448310185355,-0.0374267761812828,"30",29.1714076483036,0.909405632761285,15.15647326,1.68930569119305,0,0,2.99809276707143,2.16114577565687e-05,-0.0274787001044033
319,0.0034790933161481,28.7481699214286,15.3431332728571,0,2.99844927728571,3,1,0,1092.05320842857,-0.000153630830329695,-0.043211100684017,"30",29.1804605133036,0.871909574936095,14.8969907836607,1.91884067976402,0,0,2.99809276707143,2.16114577565687e-05,-0.0288528279304926
320,0.00347346842467994,28.9061373275,15.33945908875,0,3.01068666775,3,1,0,1105.064977125,-0.000159255721797855,-0.0448291783777588,"30",29.4550491766071,0.906484022243558,14.4384272653214,2.02016297101672,0,0,2.99815658268571,0.000164422120677761,-0.0297014129814563
321,0.00347040670639095,29.0438263528571,16.4117542357143,0,1.61914978185714,3,1,0,1118.16334885714,-0.000162317440086845,-0.0457110255715598,"30",29.2504347925893,0.798065090307493,14.5274523889732,1.91483124337675,0,0,3.00125527929465,0.0062875923035699,-0.0291694710133193
322,0.00347856241096845,29.0192191225,13.38073786,0,1.49819624,3,1,0,1131.275175,-0.000154161735509345,-0.0433637110419429,"30",29.2733702194643,0.798386531840233,14.5530003920536,2.76654248511124,0,0,2.65334298371429,0.68946213457143,-0.0252788857981626
323,0.0035107033132994,28.8028531971429,16.0661507442857,0,1.49905574157143,3,1,0,1144.343846,-0.000122020833178395,-0.0341664278807299,"30",29.1560084676071,0.732274072321787,14.2485584965,2.4071633102387,0,0,2.69812094808572,0.670778303986144,-0.0160274466536976
324,0.00354576119358424,28.67561175,16.38662724,0,1.50086118075,3,1,0,1157.30161425,-8.69629528935548e-05,-0.0242299596379816,"30",29.1814343261607,0.842232614108709,14.7887227576339,2.0250534754333,0,0,2.62331947364286,0.749509154714285,-0.0139246638076273
325,0.00354278481836145,28.6736432771429,15.3201650828571,0,2.22190973942857,3,1,0,1170.26394757143,-8.99393281163447e-05,-0.0250697299685152,"30",29.0972004614286,0.875471630911087,14.685868575,1.95591634387733,0,0,2.62379890754465,0.74862515119643,-0.0181050863755414
326,0.00350532322062041,28.68166375125,14.00896611125,0,2.996134576125,3,1,0,1183.20550225,-0.000127400925857385,-0.0357000861570089,"30",29.0549463842857,0.875173256743141,14.2463503194643,1.40946792696815,0,0,2.80403297310714,0.388082155785715,-0.0187459646382061
327,0.00346620542554586,28.5225287842857,14.4434906128571,0,2.99811148314286,3,1,0,1196.14207657143,-0.000166518720931935,-0.0469223607760574,"30",29.0477575256696,0.920915497547287,13.3259225118839,3.03972491779299,0,0,2.99745788285268,0.000931984760632263,-0.0177346894530831
328,0.00344769878057995,28.35272831125,12.5623351025,0,2.998074051,3,1,0,1208.96799,-0.000185025365897845,-0.052275830560502,"30",28.9980846738839,0.927115148371581,13.5151825531518,2.09803679548361,0,0,2.80523845744197,0.385696142281624,-0.0127709968010199
329,0.00346245460027468,28.0526755542857,13.2927843194286,0,2.99811148314286,3,1,0,1221.73109757143,-0.000170269546203115,-0.0480050594552637,"30",28.8739088245982,0.728648424447599,13.9187999228036,3.41605712944329,0,0,2.62293763560714,0.750322740517014,-0.00424237817471065
330,0.00349564388552372,27.77651819,12.840463648125,0,2.998074051,2.25,0.75,0,1234.314511875,-0.000137080260954075,-0.0384652301266319,"30",28.7551398407589,0.645566412545228,13.0698749039509,3.85383504057195,0,0,2.67731809297321,0.642786157790442,0.006332254116721
331,0.00353950992603199,27.4631491985714,12.3978712557143,0,2.99811148314286,0,0,0,1246.81708142857,-9.32142204458047e-05,-0.0259945410893696,"30",28.5370044896429,0.731987924481388,10.6579007607455,5.48638108598236,0,0,3.16509478232143,0.754800083205748,0.017703005720618
332,0.00358647293668361,27.13580350875,13.12891090375,0,2.998074051,0,0,0,1259.127431875,-4.62512097941848e-05,-0.0128135693765037,"30",28.0529040983929,0.70040724710224,14.9747272843661,4.06495494162037,0,0,3.41111969166072,1.836246512079,0.0296635091968156
333,0.00363408499283237,26.8986130057143,12.2834489114286,0,2.99921219828571,0,0,0,1271.34869585714,1.36084635457513e-06,0.000374537518996299,"30",27.7276829035,0.723002752886361,16.5677970467178,3.71562133976222,0,0,4.41134027961071,1.51081401341146,0.0417012611244072
334,0.00368090509462445,26.52772567,2.570275196625,0,2.4110418325,0,0,0,1283.41686575,4.81809481466555e-05,0.013175850803651,"30",27.1706779112143,0.6041547649222,15.0011075333071,6.3185221671086,0,0,4.08608607858571,1.24832860098869,0.0522523063182986
335,0.00372576794003977,25.7050565742857,2.34520129785714,0,1.49998981257143,0,0,0,1295.25152885714,9.30437935619754e-05,0.0252901678938651,"30",26.1450305638393,0.707424782125349,11.9502856124315,10.7526332048404,0,0,2.37210240101488,1.12755703052268,0.0754391782215747
336,0.0037734939354977,24.62874277,4.238189799875,0.000762730375,2.086726784875,0,0,0,1306.6007935,0.000140769789019905,0.0380185241828856,"30",25.3654323528061,0.895511497788367,14.0945970929694,11.1485448929711,0,0,1.98670365558163,0.603464688961991,0.091510961219996
337,0.00382178699526782,23.5573355185714,2.34025180442857,4.365891039,14.6625953281429,0,0,0,1317.50934671429,0.000189062848790026,0.0507352912783876,"30",24.0699205610459,0.849998504683465,16.0191249442908,10.5292514957892,0.000108961482142857,0.000288284984235005,6.00458815714285,4.86164934280179,0.0964382834669269
338,0.00387007166708256,22.2330064575,2.606257009,19.38805123375,33.26727439125,0,0,0,1327.84031975,0.000237347520604765,0.0632902034055443,"30",22.639672717398,0.903711896773718,16.525570151273,10.3513354164035,0.623698719857143,1.65015170577134,20.5688489094821,11.5226286550458,0.109882598342864
339,0.00391815186537596,20.53560844,2.35956174571429,23.0503925185714,33.9567034428571,0,0,0,1337.47544914286,0.000285427718898165,0.0756372573067505,"30",21.1306981185459,1.11233900143555,15.4486866821709,10.8015148810452,3.858764163,7.41373472645676,38.8085630419133,10.2550052811909,0.116945243309299
340,0.00396570448777134,18.37297832875,2.1899737415,23.3930209375,6.28372838075,0,0,0,1346.06578,0.000332980341293546,0.0877006932036144,"30",19.5261646654082,1.16565781761794,13.7954192959005,10.5729973260279,7.69756361715816,10.9036490796235,37.4116748674388,14.2241151709272,0.117837763200876
341,0.00401192426529944,16.5499126828571,2.13408470085714,19.00802793,-28.66122279,0,0,0,1353.74515942857,0.000379200118821645,0.0992881698732244,"30",17.7861682509822,1.21631731257892,15.5158518726726,10.3092333676938,7.76704597196428,12.0327962049276,19.3790084530238,14.733117438179,0.114906802380542
342,0.00405109680647375,14.782728235,2.078057823625,23.8787682625,-90.30244610125,0,0,0,1360.7390415,0.000418372659995956,0.109004837622269,"30",16.5299120460937,1.86320659652504,12.9224277432991,11.4249935365568,11.2999467302232,12.1901928343474,-8.12908298070089,25.1539821652363,0.114262689213587
343,0.00405090872336901,12.3706601328571,2.05472594128571,24.1739212685714,-201.8382025,0,0,0,1366.86367428571,0.000418184576891216,0.108958408846224,"30",13.7357803691428,2.08809767518571,12.4067314172643,10.853120170138,10.9553189699857,12.0188967386627,-129.871132822661,123.682276917453,0.114408907794562
344,0.00402781661350456,10.45681304625,2.671105962125,7.574776994,-324.008969025,0,0,0,1371.485560125,0.000395092467026765,0.103241622788896,"30",12.1733203630682,1.58860821557504,13.0459345341688,9.85774656239018,8.18017270355844,11.7165511660109,-230.201312574208,139.213547968937,0.113304370538464
345,0.0040471157914179,9.85184235528572,12.1865876697143,0.00594460585714286,-393.477067385714,0,0,0,1374.36680971429,0.000414391644940106,0.108021653930782,"30",11.5566936610797,1.52474504919716,11.8167375796786,8.92425489500693,7.50435974870329,10.9320630895749,-284.789559590893,125.677930481432,0.113353663165928
346,0.00409050525184777,9.56325916425,16.635821325,0,-441.5710761375,0,0,0,1374.824348125,0.000457781105369976,0.118685672401074,"30",11.4349185678087,1.53415171069843,11.8431554432526,8.57471651746055,6.96875866707142,10.6926650312862,-292.552953004809,124.192312715651,0.118685672401074
347,0.0041365713999398,9.92890325528571,18.5952970957143,0,-427.567967328571,0,0,0,1372.81190457143,0.000503847253462006,0.12988445669863,"30",11.8889098819231,1.60870755818909,12.2838024520275,9.45187787735694,7.50435974870329,10.9320630895749,-252.291852845484,139.538469101379,0.118863927676829
348,0.00418308003915751,10.7877663375,20.29785138,0,-326.4559542375,0,0,0,1368.732119625,0.000550355892679716,0.141065002643844,"30",13.6116785294805,2.02325249133362,11.4656400103571,10.7588744338062,12.157010088039,12.0786244212022,-136.413593702419,119.32483731031,0.115090220163104
349,0.00422918606806067,12.1869752342857,23.0071974642857,0,-97.3685098642857,0,0,0,1363.76213414286,0.000596461921582876,0.152026731360342,"30",15.0458542761111,1.66648245643806,13.9585047660099,11.2228873086091,10.5373724594841,12.6706539571962,-56.8181281057976,71.4738638177698,0.116172040148263
350,0.00427376910925716,14.24771412625,24.66714043625,0,-5.09777963825,0,0,0,1358.038319375,0.000641044962779365,0.162513308739025,"30",17.0024269729687,1.67118223169345,12.4026557881429,10.896718420086,11.2999467302232,12.1901928343474,-3.58860844310714,28.7942641290717,0.117278352933927
351,0.00431276023969914,16.6042016414286,21.6736633814286,0,6.39861925214286,0,0,0,1351.34382542857,0.000680036093221346,0.171595301231276,"30",18.8458838199235,1.72505702763149,10.9405894385638,10.6587463890484,11.0394237510867,11.7065228987997,25.8910842500153,13.8891161569853,0.117741227323079
352,0.00431408632235573,18.02783354125,20.508964795,0,31.2260166625,0,0,0,1343.71550575,0.000681362175877935,0.171902732834876,"30",19.8549888824643,1.15603537874549,14.712996102175,11.1099718289404,6.13473808516428,10.0157402294472,43.6567551427143,9.40340989524127,0.11738395985258
353,0.00427613233389045,19.3575267714286,23.6789096671429,0,45.7323880928571,0,0,0,1335.51231971429,0.000643408187412656,0.163066116196259,"30",21.4569179246786,0.965319939939752,16.3317561276857,10.8223180019561,3.87761024675,8.67060010198273,37.7044196718571,11.9894440137614,0.116392726659802
354,0.0042311941602322,21.31029522375,24.86906158875,0,35.5427219375,0,0,0,1326.375552375,0.000598470013754405,0.152501436304466,"30",22.9931492656071,0.760977937621526,16.846410088575,10.8836548321898,0.8731782078,1.95248582911224,16.2763373474893,10.4663466109791,0.10685609559319
355,0.00418454007282223,23.22189272,24.5051402371429,0,14.1907008688571,0,0,0,1316.36986,0.000551815926344435,0.141413974902407,"30",24.4297819557143,0.718227057446109,15.9430297038536,11.4831360093896,0.000152546075,0.000341103393400781,3.50231810670357,2.4893225914432,0.0933816154258142
356,0.00413705841098065,24.97196240375,22.80787455375,0,2.578135288125,0,0,0,1305.47687325,0.000504334264502855,0.130002182785189,"30",25.7151620206071,0.743095516056126,14.6504957020643,11.5778908382269,0,0,1.654839049275,0.189844531353538,0.0804831545154878
357,0.00408913884333559,25.9869507014286,19.1997903628571,0,1.49922430614286,0,0,0,1293.96260757143,0.000456414696857795,0.118351572658938,"30",26.7688324835714,0.734405450235905,12.9743039964964,10.3611282692623,0,0,2.96854576541428,1.2116522668516,0.0663592621098321
358,0.00404094288959223,26.74255777625,20.93442364,0,4.519088841875,0,0,0,1282.047136,0.000408218743114436,0.106495230071847,"30",27.2777079449553,0.640547515141149,13.5177785066339,6.20992725339959,0,0,3.97783538776339,1.41408780289807,0.0571834812049848
359,0.0039925859212925,27.7350203128571,21.1875671928571,0,5.99798230214286,0,0,0,1269.761914,0.000359861774814705,0.0944562986662998,"30",27.7258485511607,0.834838232983879,15.412854510183,3.08466759462756,0,0,4.01467977397768,1.41226116540115,0.0464971736282156
360,0.00394413423769999,28.72463606875,18.020814264125,0,5.996406255625,0,0,0,1256.978367,0.000311410091222195,0.0822466495132979,"30",28.1558960740625,0.847046461139816,12.7197671810134,4.30655624055432,0,0,2.96848211236161,1.05067917509245,0.0344437946801322
361,0.00389564821589869,29.1366039714286,9.00097385071428,0,4.22585593842857,0.571428571428571,0.142857142857143,0,1243.89048414286,0.000262924069420895,0.0698772657827611,"30",28.5030271655357,0.697206373078682,10.595389989942,5.51291301237263,0,0,2.53691573474554,0.609287295286165,0.022446120271722
362,0.00384718162425026,29.000694675,8.7509307675,0,1.713139748125,4,1,0,1230.7369315,0.000214457477772465,0.0573580126372324,"30",28.6627419916518,0.62482168685185,13.3763392485402,3.42025141478974,0,0,2.62339653722768,0.750629183861154,0.0109709594367675
363,0.00379879317006226,28.6311032785714,9.97678814585714,0,1.49745352514286,4,1,0,1217.725307,0.000166069023584465,0.044700607859415,"30",28.8237883652679,0.75725084100983,14.1278867660268,3.10586350010459,0,0,2.80524781547768,0.385702380972094,0.000206984192028046
364,0.00375057083899395,28.43062144125,10.81313551875,0,2.226694244625,4,1,0,1204.833878625,0.000117846692516156,0.0319252308618134,"30",28.9848722785714,0.938207989047534,13.8397422973928,1.57623369262398,0,0,2.99793339353571,0.000306777595948006,-0.00206757117445715
365,0.00370263717584668,28.37777186,12.1113744957143,0,2.997473989,4,1,0,1192.01917585714,6.99130293688854e-05,0.0190624950709974,"30",29.0547863234822,0.914180025779467,13.7282747435804,2.92990453253466,0,0,2.99760789835268,0.000982373309725263,-0.00758078094539432
366,0.0036552787377304,28.40588705125,13.7207834225,0,2.998074051,4,1,0,1179.186029125,2.25545912526052e-05,0.00618953175459946,"30",29.0823955807589,0.849371715123847,14.264719450625,1.40078727305972,0,0,2.80404233114286,0.38808839487735,-0.0103448908412526
367,0.00360918524903793,28.5156838371429,13.7942599471429,0,2.99811148314286,4,1,0,1166.34834285714,-2.35388974398646e-05,-0.00650076613783046,"30",29.1402407302679,0.840902739469382,14.7095043210268,1.94207271868278,0,0,2.62378954950893,0.748618912713916,-0.0170501481721131
368,0.00356942423716945,28.6878449125,13.88880293125,0,2.998074051,4,1,0,1153.413877,-6.32999093083445e-05,-0.0175785152332146,"30",29.2105576801786,0.821227847378164,14.7170794805357,2.07202827271866,0,0,2.62332883167857,0.749515393612476,-0.0192294524509508
369,0.00355397261136392,28.8043383285714,13.6022298228571,0,2.99811148314286,4,1,0,1140.44589342857,-7.87515351138748e-05,-0.0219167965151446,"30",29.2729947367411,0.794881639034978,13.7395221599107,2.24828732592245,0,0,2.62312331432143,0.749951383088547,-0.0237418546945862
370,0.00355837666956322,28.90893926875,14.1299130825,0,2.998074051,4,1,0,1127.396064125,-7.43474769145749e-05,-0.0206783706548901,"30",29.2927337437053,0.787466226818059,14.4177095921429,2.80706452464698,0,0,2.65335234175,0.689468373487711,-0.0285180085884284
371,0.00357280023457389,28.9863933657143,13.5887498828571,0,2.99811148314286,4,1,0,1114.336565,-5.99239119039047e-05,-0.0166331521814955,"30",29.2610654861607,0.793646490753929,14.7564166054464,1.81745216813933,0,0,3.00124592125893,0.00629385573013015,-0.0305218975755401
372,0.00359898669824378,29.02891614,14.50460674875,0,2.998074051,4,1,0,1101.219104875,-3.37374482340148e-05,-0.00933048701325401,"30",29.2278686282589,0.831498953772335,14.8988512651785,1.94922661003711,0,0,2.99817721560714,0.000182230793353928,-0.0274202048034402
373,0.00362919932589234,29.0965120728571,14.3248320728571,0,2.99811148314286,4,1,0,1088.10819957143,-3.5248205854546e-06,-0.000970767807896067,"30",29.2010558965625,0.878590338750486,15.1209024140179,1.7630217878379,0,0,2.99809276707143,2.16114577565687e-05,-0.0257414904894512
374,0.00365487001495473,29.16173708625,14.93906249125,0,2.998074051,4,1,0,1074.93798375,2.21458684769352e-05,0.00607770837624066,"30",29.1945332417857,0.921429057214445,15.6048441515178,1.28026370078045,0,0,2.99809276707143,2.16114577565687e-05,-0.0236938856992054
375,0.0036915056233124,29.2292130385714,15.8265180728571,0,2.99811148314286,4,1,0,1061.76925528571,5.87814768346052e-05,0.0160515819888296,"30",29.2226413498661,0.987276487901808,16.0272280405804,0.371871868218681,0,0,2.99833354850893,0.000469417267253577,-0.0191326746548352
376,0.00372899262653288,29.37714525625,15.6391890225,0,2.998074051,4,1,0,1048.5233875,9.62684800550851e-05,0.0261553027506931,"30",29.2951433009375,1.08068949560961,16.0782290044643,0.379427364556828,0,0,2.88461055557143,0.226951946305029,-0.0130266200851654
377,0.00374678647437541,29.5822963357143,16.4781287885714,0,2.99811148314286,4,1,0,1035.22470628571,0.000114062327897615,0.0309157111921996,"30",29.4623847102232,1.17432851762519,15.6484947236607,0.283979510383173,0,0,2.62285265594643,0.750492699838397,-0.00774272426700726
378,0.00373955006081969,29.89326254375,16.0260292875,0,2.998074051,4,1,0,1021.774471875,0.000106825914341895,0.028982478406804,"30",29.8857839874286,1.21699965476376,13.9954788993214,2.4651173206688,0,0,2.69828536197143,0.670389738222677,-0.00455462876278941
379,0.00372364439936448,30.0933447014286,9.832154075,0,2.99811148314286,4,1,0,1008.23279928571,9.09202528866855e-05,0.0247200448884399,"30",30.0120811314286,1.23584932722713,13.2410076938357,3.27629243256204,0,0,2.69828161875714,0.670398108304271,-0.00745382077418781
380,0.00371362285419169,29.9655676675,7.8118410665,0,2.998074051,4,1,0,994.64973685,8.08987077138951e-05,0.02202508970477,"30",29.7854262749554,1.11871708078739,12.6042599455,3.72479648186718,0,0,2.62333818971429,0.749521632302951,-0.011443144045629
381,0.00371728451043346,29.7960919871429,7.33180704057143,0,2.99811148314286,4,1,0,981.162094242857,8.45603639556655e-05,0.0230106103847927,"30",29.8721026660714,1.05210503449703,9.48439708934375,2.99469709238339,0,0,2.62332415266071,0.749524751648188,-0.0122039691106693
382,0.00372512496003984,29.59638346125,8.614550459,0,2.998074051,4,1,0,967.7265892125,9.24008135620453e-05,0.0251175765030371,"30",29.832194586741,0.877514434618239,10.2986201765893,5.3039260626214,0,0,2.62333818971429,0.749521632302951,-0.00968541056155894
383,0.00370733130529217,29.2677517128571,13.3368605714286,0,2.99811148314286,4,1,0,954.447016071429,7.46071588143753e-05,0.0203294721056961,"30",29.80813952875,0.584679901374415,9.94474811138392,5.29553257671706,0,0,2.62332415266071,0.749524751648188,-0.00521470687643679
384,0.00366725748202902,29.289841255,12.68079599875,0,2.998074051,4,1,0,941.2133990625,3.45333355512255e-05,0.00946128195079687,"30",29.8461298319643,0.447249839157019,10.1067629314911,5.40152732829906,0,0,2.62333818971429,0.749521632302951,-0.00107519494956006
385,0.00362792255302287,29.2919797428571,13.0272994742857,0,2.99811148314286,4,1,0,927.991053871429,-4.80159345492455e-06,-0.00132263535780375,"30",29.8922925291964,0.441885170256538,9.6170653615759,4.285849578969,0,0,2.62332415266071,0.749524751648188,8.05215713356825e-05
386,0.00361013514419346,29.30140493,12.812751625,0,2.998074051,4,1,0,914.742808725,-2.25890022843346e-05,-0.00623761252143584,"30",29.8339153430357,0.469404598940863,12.4535847310893,3.48364804003669,0,0,2.62333818971429,0.749521632302951,-0.00319189338749679
387,0.00360278898257076,29.2613641171429,12.9107678228571,0,2.99811148314286,4,1,0,901.5272768,-2.99351639070347e-05,-0.00827455726948045,"30",29.7333259071428,0.534929734059216,13.6402874326786,1.63396037972315,0,0,2.62332415266071,0.749524751648188,-0.00952553237293853
388,0.00360533665314488,29.227007455,12.67225321625,0,2.998074051,4,1,0,888.3027767125,-2.73874933329147e-05,-0.00756766875552461,"30",29.6624852112947,0.590639320158333,14.6077136950446,1.32028629277134,0,0,2.62333818971429,0.749521632302951,-0.0137157659811491
389,0.00361622317938964,29.1828963885714,13.1081057871429,0,2.99811148314286,4,1,0,875.124944428571,-1.65009670881548e-05,-0.00455265968753693,"30",29.6620770050447,0.593575070401731,14.7582741922768,1.40139467354503,0,0,2.62332415266071,0.749524751648188,-0.0129835835267356
390,0.00359890725138596,29.14671596,13.03204552,0,2.998074051,4,1,0,861.940468475,-3.38168950918347e-05,-0.00935256204135815,"30",29.7131887800446,0.616983998688555,14.5607913747768,1.80686492046867,0,0,2.62333818971429,0.749521632302951,-0.0107018305340235
391,0.00355835677474284,29.1315416142857,12.7080374314286,0,2.99811148314286,4,1,0,848.785243171429,-7.43673717349545e-05,-0.0206839616524945,"30",29.7665777407589,0.684329840739003,14.9976410583036,2.24357374426234,0,0,2.62332415266071,0.749524751648188,-0.0125056121877775
392,0.00351605950177798,29.1016781625,12.9037949225,0,2.998074051,4,1,0,835.619844075,-0.000116664644699815,-0.0326419166642671,"30",29.8656841409375,0.786186513624844,14.0834786038169,2.89629022872934,0,0,2.62333818971429,0.749521632302951,-0.01982248183322
393,0.00348989110816819,29.0384374657143,12.65835117,0,2.99811148314286,4,1,0,822.498975942857,-0.000142833038309605,-0.040112284646157,"30",29.9785199286607,0.896899854802656,14.1588379114464,2.88663433010255,0,0,2.62332415266071,0.749524751648188,-0.029351923434525
394,0.00346831634747334,28.97455901125,12.650482165,0,2.998074051,4,1,0,809.387504,-0.000164407799004455,-0.0463135453448293,"30",30.0512522133482,0.950527125553239,15.0409958533482,1.83524589409136,0,0,2.62333818971429,0.749521632302951,-0.0366998518110189
395,0.00343051468581487,28.9161992971429,12.6775839885714,0,2.99811148314286,4,1,0,796.323739142857,-0.000202209460662925,-0.0572725146855539,"30",30.0902666535714,1.00367490978393,13.6915563492455,2.18323028369846,0,0,2.62332415266071,0.749524751648188,-0.0397848968400214
396,0.00340022687083092,28.895428435,12.43862091625,0,2.998074051,4,1,0,783.2584739,-0.000232497275646875,-0.0661406624092118,"30",30.0405356765178,1.00747849613398,14.5398444391696,2.2371114213449,0,0,2.62333818971429,0.749521632302951,-0.0411552206542767
397,0.00340598630931174,28.8587212242857,14.56876392,0,2.99811148314286,4,1,0,770.224501128571,-0.000226737837166055,-0.0644482559171307,"30",29.9801910267411,0.938739593121226,15.1964907994196,1.2833661349565,0,0,2.62332415266071,0.749524751648188,-0.0378163648979825
398,0.00344127163214643,28.87203594375,15.51103537125,0,2.998074051,4,1,0,757.1832539875,-0.000191452514331365,-0.0541417552855741,"30",30.0331394907143,0.872028755897447,15.7590281796429,1.08856355351854,0,0,2.62334754775,0.749527870785715,-0.0324349962182952
399,0.00347943948008422,29.0230881242857,15.7537956614286,0,2.99811148314286,4,1,0,744.119738857143,-0.000153284666393574,-0.0431116073176447,"30",30.118376864375,0.731775995247275,16.1608680246875,1.82856062419275,0,0,2.62231066671875,0.7515267685625,-0.0270726384885796
400,0.00349076558690922,29.19979011375,15.48505764875,0,2.998074051,4,1,0,730.9532536875,-0.000141958559568575,-0.039861741249239,"30",30.2493835464286,0.625883862500942,15.7636366053929,3.75035027472186,0,0,2.85818036364286,0.279862239,-0.0217301085316477
401,0.00345920555732112,29.3507769785714,16.2300631128571,0,2.99811148314286,4,1,0,717.739085771429,-0.000173518589156675,-0.0489438640265183,"30",30.4195759825,0.645707565759543,13.9195810297188,6.76990952930131,0,0,2.99854231065625,0.000936519312499939,-0.0187491895160179
402,0.00341706779176195,29.4649413325,15.3311498425,0,2.998074051,4,1,0,704.440864325,-0.000215656354715845,-0.0612000061730313,"30",30.5395919482143,0.720197608876822,14.2480891871786,4.0904183700415,0,0,2.99811148314286,0,-0.0193952750010136
403,0.00337593490711815,29.5894028342857,14.9643236914286,0,2.99811148314286,4,1,0,691.1140906,-0.000256789239359645,-0.0733105228276241,"30",30.6301139228214,0.647431787145433,15.9494789779571,4.39377270033457,0,0,2.99814065140357,0.000129020005761554,-0.0268233559298961
404,0.00335507812759043,29.7306880375,16.54017849625,0,2.998074051,4,1,0,677.7032037875,-0.000277646018887365,-0.0795077610597037,"30",30.5964654921786,0.616028770234434,17.7541816191429,1.28678233874443,0,0,2.99686183920357,0.0029407172680357,-0.0333246447574984
405,0.00337719781474112,29.9053668142857,16.2786759,0,2.99811148314286,4,1,0,664.248555857143,-0.000255526331736675,-0.0729365015689556,"30",30.5924343033928,0.749667645144392,16.6286209264732,0.679633025911538,0,0,2.99645681967857,0.0032344626428551,-0.0379676399984264
406,0.00341089382322979,30.0951403225,15.62462611375,0,2.998074051,4,1,0,650.687495525,-0.000221830323248005,-0.0630084434145051,"30",30.6364329743304,0.796724271750153,16.0766722538839,0.607468093495434,0,0,2.7010306728259,0.59416162063393,-0.0437338429831429
407,0.00343563293046711,30.2174349214286,15.4703691214286,0,2.99811148314286,4,1,0,637.075527057143,-0.000197091216010685,-0.0557816508890836,"30",30.6573625908929,0.836545850312975,16.2500894891964,0.475013629891752,0,0,2.62307924921428,0.74998960357143,-0.0464991845704817
408,0.00344536369818722,30.3597964925,15.64215565875,0,2.998074051,4,1,0,623.3844529875,-0.000187360448290574,-0.0529533472438324,"30",30.8752435312857,0.882326739563268,13.5869328708071,5.98185730916621,0,0,2.69812094808572,0.670778303986144,-0.0490274418392088
409,0.00345237299699889,30.5031659085714,16.1223632057143,0,2.99811148314286,4,1,0,609.6494657,-0.000180351149478905,-0.0509209991474053,"30",30.6549463425446,0.849614830043566,12.8609347343125,6.65512204456047,0,0,2.65335234175,0.689468373487711,-0.0488834479791899
410,0.00346137615680565,30.6515693,15.931371945,0,2.998074051,4,1,0,595.8275528125,-0.000171347989672145,-0.0483165758641526,"30",30.5748161220982,0.712071648688872,11.6170340880089,6.65444409564858,0,0,3.00124592125893,0.00629385573013015,-0.0499447208555547
411,0.00348805376904521,30.8244032157143,11.5816062814286,0,2.99811148314286,4,1,0,581.953398214286,-0.000144670377432585,-0.040638897895505,"30",30.3645624130357,0.515700449287905,10.0936435077813,7.27065184875678,0,0,2.99817721560714,0.000182230793353928,-0.0502308117223294
412,0.00353120879947232,30.6888881325,5.902706175875,0,2.998074051,4,1,0,568.03582775,-0.000101515347005475,-0.0283425711725824,"30",30.1519790977232,0.34419629327086,10.9465394054687,6.94215915172968,0,0,2.99809276707143,2.16114577565687e-05,-0.0462724669970682
413,0.00357658305465727,30.3599471885714,9.24153663471429,0,2.99811148314286,4,1,0,554.254821528571,-5.61410918205247e-05,-0.015574929345334,"30",29.8993429836429,0.257890278703398,9.74789939486429,7.2140414763194,0,0,2.99770434008214,0.000868750782076663,-0.0382691227895821
414,0.00361945509055482,30.09319092625,12.23997282875,0,2.998074051,4,1,0,540.600413375,-1.32690559229748e-05,-0.00365933326527124,"30",29.6868526906071,0.389241676370223,12.7956090285071,5.9019720138313,0,0,3.20673720565357,0.467619132953749,-0.0286462864900592
415,0.00364090640553542,29.9415141042857,14.54116885,0,2.99811148314286,4,1,0,527.053015114286,8.18225905762542e-06,0.00224984269562167,"30",29.5795083493214,0.413573808957993,16.4892723614786,1.19426275522305,0,0,3.507499117075,0.715991165299305,-0.0186397574658478
416,0.00364401259045773,29.92769814875,15.502266235,0,2.998074051,4,1,0,513.52917675,1.12884439799352e-05,0.00310261402416501,"30",29.7079998910119,0.277629172878924,16.4270806014286,1.19424098590097,0,0,3.32406816994345,0.604024304644294,-0.00894507972746765
417,0.0036631050377979,30.0178335928571,15.21437178,0,2.99811148314286,4,1,0,499.997629714286,3.03808913201054e-05,0.00832833810231648,"30",29.8506490478274,0.140029264827331,14.5169581767262,1.56738082989045,0,0,3.07358705396429,0.185403900272923,0.000339502740219346
418,0.00368982332875626,30.0756755975,14.46559615625,0,2.998074051,4,1,0,486.420900775,5.70991822784655e-05,0.0155957576919832,"30",29.8942529877296,0.167721193665747,13.7676134580357,1.30502876090016,0,0,2.99795785143878,0.000373875875977643,0.00952455563580913
419,0.00370615632265843,30.1331075014286,14.1447928271429,0,2.99811148314286,4,1,0,472.8339748,7.34321761806352e-05,0.0200124869913081,"30",29.9294076418453,0.309047525620231,13.6534543983333,1.74314312130656,0,0,2.99808652838095,1.93298754546211e-05,0.024656826264679
420,0.00371852737852871,30.1607302975,13.38959826125,0,2.998074051,4,1,0,459.2118414875,8.58032320509151e-05,0.0233449028849133,"30",29.8024476591071,0.387708978332234,12.2710794378571,4.04192640662701,0,0,2.99810399671429,1.67401631956911e-05,0.0321636544659166
421,0.00373574966313298,30.0884031085714,5.90710751528571,0,2.99811148314286,4,1,0,445.602747342857,0.000103025516655185,0.0279656903039065,"30",29.7610141571071,0.603498257046434,12.04023679825,3.66047079476998,0,0,2.99808153742857,1.67401631956911e-05,0.0384032145439666
422,0.00374580428499626,29.76476442625,7.410107556625,0,2.998074051,4,1,0,432.0746817125,0.000113080138518465,0.0306535350264108,"30",29.77276512425,0.880872140445961,11.2255103261,4.31594657175529,0,0,2.99810399671429,1.67401631956911e-05,0.0430669408388656
423,0.00374506514733001,29.3382751142857,11.6429511728571,0,2.99811148314286,4,1,0,418.718514728571,0.000112341000852215,0.0304561914054622,"30",29.8024071290714,0.967115255522295,12.9973249999714,1.79207713954999,0,0,2.99808153742857,1.67401631956911e-05,0.0443264562277436
424,0.00373850812473228,29.0758331,15.43431539,0,2.998074051,4,1,0,405.5376631875,0.000105783978254485,0.0287038135340705,"30",29.8303652470357,0.809251575833617,13.6034225352214,4.46703637561078,0,0,2.99810399671429,1.67401631956911e-05,0.0416722979760292
425,0.00372972370343579,29.1253042,16.2015895557143,0,2.99811148314286,4,1,0,392.4051842,9.69995569579953e-05,0.026351335647858,"30",29.86330493675,0.651111315488599,13.9409305566893,4.02175629194899,0,0,2.99808153742857,1.67401631956911e-05,0.0380264780058719
426,0.00371588448463783,29.2913335925,16.31415162625,0,2.998074051,4,1,0,379.2068310875,8.31603381600352e-05,0.0226339135074731,"30",29.8601489168214,0.51526490274954,15.3277389262893,3.00716791240363,0,0,2.99810399671429,1.67401631956911e-05,0.0350943563472085
427,0.00369211894921302,29.4954488128571,16.1309333485714,0,2.99811148314286,4,1,0,365.935228085714,5.93948027352255e-05,0.016217713373055,"30",29.8340180530803,0.47221755273668,15.6687939584822,2.19143109231533,0,0,2.99808340903571,1.87160714300028e-05,0.0321762496484999
428,0.00367860678542119,29.77216486625,16.45682648625,0,2.998074051,4,1,0,352.543248425,4.58826389433953e-05,0.0125512688332767,"30",29.9750397013393,0.478955957019794,14.8491830410268,1.95893336569992,0,0,2.99810212510715,1.87160714300028e-05,0.0301493502859262
429,0.00370400944207095,30.0742485385714,16.1108360971429,0,2.99811148314286,4,1,0,339.036515457143,7.12852955931553e-05,0.0194330450037015,"30",30.1512514506696,0.550769543429025,13.9815571790089,3.57061463255933,0,0,2.99808340903571,1.87160714300028e-05,0.0311688740426741
430,0.00374566342990629,30.35742504375,15.5022640025,0,2.998074051,4,1,0,325.3771632375,0.000112939283428495,0.030615930890189,"30",30.2909495840179,0.623511134175984,13.5737662037322,4.40876024486401,0,0,2.9981129200759,2.87386607000784e-06,0.0362008216775843
431,0.00378713979557871,30.5233624557143,15.5448777985714,0,2.99811148314286,4,1,0,311.630462114286,0.000154415649100915,0.0416282413104705,"30",30.2818673328125,0.545230762558331,16.2831078782589,1.25771162184027,0,0,2.99965397546429,0.00315984892857002,0.0436034046555997
432,0.00381035963142393,30.614029415,15.08582773,0,2.998074051,4,1,0,297.81366895,0.000177635484946136,0.0477407544481316,"30",30.2078330297322,0.531705569773231,16.8017252766518,1.22229911256258,0,0,2.62829577348215,0.73963141932143,0.0485954098654291
433,0.00378867624397854,30.7538363014286,15.5968469071429,0,2.99811148314286,4,1,0,283.959444128571,0.000155952097500745,0.0420338605526247,"30",30.1540787783929,0.622758859605196,16.3986199599107,1.21605863862221,0,0,2.81735757260714,0.361432956785715,0.0486450364784815
434,0.0037544864876584,30.913427235,15.1226306175,0,2.998074051,4,1,0,270.022356775,0.000121762341180605,0.0329687002838215,"30",30.0938419937054,0.724127480123902,14.9506845733303,2.7091876719949,0,0,2.99764608635715,0.00093079357143,0.0422760133996413
435,0.00373092833029009,30.9916420342857,11.3967862581429,0,2.99811148314286,4,1,0,256.0401905,9.82041838122954e-05,0.0266742636780171,"30",29.9922867442411,0.783613237624971,15.3701334221875,2.08376010284457,0,0,2.99859686764286,0.00104563328571494,0.038958602825545
436,0.00371125266608883,30.90390109,13.478340065,0,2.998074051,4,1,0,242.054256625,7.85285196110352e-05,0.0213866444909607,"30",29.9039319960268,0.903616474306601,15.8538128638839,1.17883877239227,0,0,2.8390724981384,0.31807797000893,0.0382367065941479
437,0.00367893573372703,30.9175089728571,15.4938229485714,0,2.99811148314286,4,1,0,228.0975814,4.62115872492353e-05,0.0126406868138762,"30",29.5973521445238,1.04561966399771,15.4012105872827,2.09020109881234,0,0,2.49877382436905,0.773527405503182,0.0390542792912799
438,0.00364413937029636,31.0097376225,12.077122780125,0,2.998074051,4,1,0,214.1047627,1.14152238185655e-05,0.00313740469149604,"30",29.5333451584524,1.01724719511074,13.3470930488691,5.39172802343971,0,0,2.49868364794643,0.774068905772944,0.0406252606162325
439,0.00361243528482601,30.9088135514286,2.57627895857143,0,2.99811148314286,4,1,0,200.112516428571,-2.02888616517845e-05,-0.00560068120474622,"30",29.6361945223214,0.837302134947263,12.5425555632321,5.80495473701271,0,0,2.42994530438571,0.620185233759502,0.0438612625618771
440,0.0036132276192994,30.59993736375,2.635725431875,0,2.998074051,4,1,0,186.2177510875,-1.94965271783946e-05,-0.00538136998994254,"30",29.3698435792411,0.964872078941748,11.9842903656161,6.89803827824016,0,0,2.62198961808929,0.749921391128645,0.0437496607933001
441,0.00365044823210567,30.2738296357143,2.60711953228571,0,2.99352118442857,4,1,0,172.466767742857,1.77240856278752e-05,0.00486714283523071,"30",29.1305052850893,0.947351229987936,11.6660051860491,6.88937379580066,0,0,2.87627999529911,1.03528679081088,0.0431002435250714
442,0.00369580762592642,29.9503771625,2.333829596875,0,4.01184511625,4,1,0,158.8573485375,6.30834794486251e-05,0.0172162822902031,"30",28.9327069216964,0.885676011255556,11.4828242128482,6.39122934480343,0,0,2.42259735301786,0.949651201846484,0.0437225211953269
443,0.00374283304061077,29.6527221557143,2.96912721442857,0,3.45124432957143,4,1,0,145.398887428571,0.000110108894132975,0.0298600009472816,"30",28.7115966717411,0.766988494491614,12.0372645999286,5.24708703619056,0,0,2.24763360413839,0.865982480899061,0.0449520029276605
444,0.00379058534433874,29.22334080875,5.2487541465,0,2.9971109255,4,1,0,132.0899928875,0.000157861197860946,0.0425376300367502,"30",28.54749135375,0.605282358775626,12.5906592090804,3.21184594790497,0,0,2.82755622049107,0.212627191700802,0.0492201460796676
445,0.00383865149608082,28.7604333957143,9.25598587528571,0,2.99811148314286,2.85714285714286,0.714285714285714,0,118.998228157143,0.000205927349603025,0.0551383101492124,"30",28.3816799588393,0.569656572326779,12.5328190604643,3.86184169301064,0,0,2.84370965512946,0.308652576029979,0.054625142913972
446,0.00388670035738949,28.412155585,10.85482440875,0,2.998074051,0,0,0,106.094295925,0.000253976210911695,0.0675777382974845,"30",28.1155891655357,0.594735324771496,12.7241786690893,5.25836081603943,0,0,2.78137818260268,0.432098463009493,0.0621348579859117
447,0.00393315180823359,28.1919496928571,5.36342947514286,0,2.99811148314286,0,0,0,93.3058063671429,0.000300427661755795,0.0794582687843821,"30",27.8619706862053,0.53128236093337,12.1083845929866,7.28186886478623,0.003916424,0.007832848,3.15639952694197,0.318531455772276,0.0694436068891451
448,0.00397894773163356,27.74394874875,2.3237807845,0.015665696,2.998074051,0,0,0,80.66671120625,0.000346223585155766,0.0910345725049044,"30",27.1832674955357,0.637145784962308,12.5008060486875,12.1037415751197,0.584277177392856,1.16501655486985,3.14393835856696,0.997731440745593,0.0749215826797227
449,0.00402083643370807,27.0464602842857,2.04513136571429,2.33179797485714,2.99746227528571,0,0,0,68.2820810642857,0.000388112287230276,0.101507126014821,"30",26.0822096757143,0.908606239729535,14.0420778975045,13.8153173217068,4.1472426341875,5.9926653843794,3.78417901902232,1.94247459799524,0.079965565350498
450,0.00405028294088476,26.10226677625,1.952272385625,12.7068332465,5.933111247,0,0,0,56.2682881125,0.000417558794406966,0.108803917384726,"30",23.9974056308929,1.62162205570815,16.6952592292357,13.0289946978004,7.21937047657142,10.0661199416929,9.51305763843571,4.98907291082849,0.0865792303396669
451,0.0040911891009356,24.4761742528571,2.37927839471429,20.7328495128571,17.8112030328571,0,0,0,44.8081961128571,0.000458464954457805,0.11885283803773,"30",22.1116682262857,1.86195610818424,16.5286143579321,12.8330293482242,7.4476227055,10.4479777951776,20.1539659577929,9.72920621502045,0.0938618373440633
452,0.00413876385422388,22.15880319375,2.47782831925,21.83136359125,34.6773941325,0,0,0,34.291044985,0.000506039707746085,0.130414333547132,"30",20.2691994751786,2.0760107546208,16.0160733328357,12.4884352377495,6.32109253457142,8.76830771852174,30.5798020014286,10.4771797199181,0.0940953010730286
453,0.00418708001079628,20.3637660171429,2.34264873928571,13.8201446728571,46.3309237671429,0,0,0,24.8184720042857,0.000554355864318485,0.14202077214498,"30",17.4164450239031,2.78398421936861,18.5480177372168,11.1457558030195,5.37489207678571,9.25404780309347,19.0786738114796,10.3060995309136,0.104795060527067
454,0.00423554835925249,19.2364864275,2.327835815375,16.78003346625,25.52397537525,0,0,0,16.15451888625,0.000602824212774696,0.15352997810582,"30",14.2239843563214,3.52435266533702,16.2281017094888,11.6981645231423,9.86097324464286,13.6311434491874,-35.558610770125,42.3722064335622,0.110724519490838
455,0.00428398699455953,17.3841712257143,2.27565829471429,25.8007557457143,-19.3421652134286,0,0,0,8.22107695985714,0.000651262848081736,0.164901292176554,"30",9.63954691262857,5.67550564639202,11.7934725004237,10.4429832350516,13.2640754270357,13.9536049099495,-49.7719803898551,115.412654249954,0.123703964498069
456,0.00433227522081741,14.3916869525,2.148918700125,27.91673457,-99.59971659375,0,0,0,1.30091649675,0.000699551074339616,0.176110034317898,"30",5.97948486436693,4.49998449442737,7.88269819176799,8.21802937129373,10.3244308582533,11.6920343817548,-186.219877455375,264.432969596898,0.134151534582192
457,0.00438028599281339,11.3187417557143,2.06558544728571,27.7272906957143,-214.760597228571,0,0,0,-4.45903978957143,0.000747561846335595,0.187131192319175,"30",4.88427489283831,3.95994620269044,6.3698191454888,6.7626219646471,10.0279766744716,10.9675174384938,-203.912269740347,289.927983233208,0.133957857732982
458,0.00442776905790833,8.86856847,2.11867929875,12.7968154075,-360.80704895,0,0,0,-8.695827618,0.000795044911430535,0.197913033197115,"30",7.5530488395,1.5941485273036,6.52035626805804,6.7102415857316,7.50245101560268,8.97174961340757,-505.355103704018,73.9293815559367,0.137489613975097
459,0.00447424418861135,8.33926674371429,2.87228276385714,0.0424349298571429,-445.627740857143,0,0,0,-11.4324108071429,0.000841520042133555,0.208354615482683,"30",7.99086605922619,0.39790927988256,7.77939684208929,5.93418608371837,4.36520425056548,7.52917686191182,-511.414172942857,26.2719796223886,0.146977031633575
460,0.00451784779617763,7.616276627375,2.235608876125,13.059123600625,-509.5153183,0,0,0,-12.29581269,0.000885123649699835,0.218052903364438,"30",8.17816077515178,0.325864582842964,10.5512908250714,4.93241841646041,0.0182445755357143,0.0256502999522632,-512.363600264285,37.0813342953885,0.147452481411075
461,0.00454459136201137,5.94143256457143,2.171893778,15.1985403071429,-586.364426614286,0,0,0,-11.3668280542857,0.000911867215533576,0.223954988313122,"30",8.07796623034822,0.36864656413569,6.55261832253125,5.43105132195052,3.28451192038839,6.51643459226848,-494.967564921429,39.2696864068822,0.14517180857919
462,0.00452011008081833,4.51130912425,2.157982205875,8.415412025875,-607.366837625,0,0,0,-9.646711872,0.000887385934340536,0.218553521904306,"30",7.98758308453571,1.09660431360018,7.14355256265561,6.99335961421695,7.37202801413521,9.68240215509812,-490.781998858163,66.2895827024626,0.140104578747007
463,0.00447933972667743,3.88498723242857,2.20283925357143,10.9732064137143,-384.7111817,0,0,0,-7.89193811728571,0.000846615580199635,0.209492827521703,"30",7.69921768733333,1.5543274509924,6.03128104924603,6.44605891211255,8.0907137258135,8.5758516708832,-489.294208731349,84.2848171439893,0.135406047795027
464,0.00443772098113893,2.48636675125,2.298377995875,22.86812936375,-66.105734969,0,0,0,-6.341230925875,0.000804996834661135,0.200158126732258,"30",5.41898165141865,4.15608209661552,5.76667953785714,6.54161689599986,9.77921123103472,10.906477737119,-263.18113589189,283.205128670657,0.140810322569853
465,0.00440735721003412,0.5013596488,2.0312994872,21.721555316,12.3368917376,0,0,0,-4.5780274524,0.000774633063556325,0.193292412481708,"30",5.13102748193928,4.0299674472676,6.02314191067768,6.53777800186187,9.94469657611875,10.9750348396809,-227.706928224276,293.770454464871,0.134698224660222
1,0.00519840061229772,1.32732448914286,10.2210092061429,0.00522715442857143,327.201213114286,0,0,0,-13.7322297914286,0.000994814116826939,0.212412910772262,"31",6.50609766463903,3.33916445597928,5.83243747632143,3.45239470023888,7.45385015791199,8.76270443850452,307.107886544592,276.612698474191,0.133392583143333
2,0.00522011244801381,2.200257469875,15.945726665,0,272.6657608375,0,0,0,-12.94083123625,0.00101652595254303,0.21658085040138,"31",6.0259211891292,3.49962109176123,6.61695010468698,4.17861801789099,7.33351382181828,8.92432319314227,292.85508283021,274.018979736699,0.132562418980291
3,0.00518619015480567,3.53528713628571,18.5643971128571,0,103.403488747143,0,0,0,-11.6822110071429,0.000982603659334889,0.210061260493887,"31",5.53481543295113,3.62337768879107,6.96527417235151,4.5426487753382,7.6331781321532,9.11676485628524,275.428398429451,267.985254186757,0.122933551461991
4,0.00515160869172595,4.999716157,19.66724868625,0,-1.702919489125,0,0,0,-9.816813865625,0.000948022196255169,0.203370940453048,"31",5.77788331012679,3.80750495971814,8.03521459161607,5.76476107449966,7.40681706904732,9.02843846602224,241.993270245068,241.603638414881,0.125018032617365
5,0.00517114576334091,6.63365902985714,20.7988416942857,0,-59.9437080214286,0,0,0,-7.268341228,0.000967559267870129,0.207156188789412,"31",6.21852838010996,4.46390314201559,8.21352513926316,6.3748252220742,8.29896799458929,9.69244008847063,171.849128607411,213.07136040261,0.117958030215815
6,0.00521820691592656,8.091521310625,21.6903450125,0,-105.00498216375,0,0,0,-3.98403325175,0.00101462042045578,0.216215747168672,"31",6.56078274604107,4.48579648525153,9.38192349439643,7.4017802984396,7.59041303951161,9.25418368410059,151.021218261031,209.755441546919,0.125557272608551
7,0.0052577841247321,9.65868368471429,23.6499805814286,0,-81.7465469371429,0,0,0,-0.00730218528571426,0.00105419762926132,0.223771575765039,"31",7.30871640924196,4.77869821012459,11.2452557567634,8.16980768657447,7.80269516855179,9.90206532655024,134.225562392429,192.412840260966,0.122387935536838
8,0.00524137328531522,11.4108177125,23.3883951525,0,-26.485791821875,0,0,0,4.7331205185,0.00103778678984444,0.220645448242964,"31",11.1997938864805,3.8579545277764,15.6768290578068,9.51710882046948,7.71737351693182,10.8898823418593,32.4034981268474,104.520647506415,0.119619767425058
9,0.00519083439316907,13.2147643871429,22.2536857557143,0,7.96441046671429,0,0,0,10.2637879325714,0.000987247897698289,0.210956360734326,"31",13.6612778261232,3.70735242854367,15.893442116725,10.2333032565651,8.64933627160714,11.2823367229626,-5.6794295804554,64.8772640877761,0.118616273272504
10,0.00513511902674939,14.8451638475,24.30562551375,0,21.7248537,0,0,0,16.5940740775,0.000931532531278608,0.200164929905996,"31",15.3365683334184,3.06297952954954,15.4575795679566,10.6938692489232,8.89767485591836,11.2301549282252,-9.01623569854082,20.491713919457,0.115904089769875
11,0.00507788248380186,16.4918974085714,25.1635611942857,0,17.0692350571429,0,0,0,23.6627868942857,0.000874295988331079,0.188956248304049,"31",17.1922639807908,3.00588628458568,15.6206158493954,10.8847660008305,8.1388569745153,10.2576614229917,-18.0267992882245,23.1596116741381,0.107315637241149
12,0.00501987521884945,18.00452160625,24.3050715875,0,10.737867795375,0,0,0,31.4781643625,0.000816288723378669,0.177466984329699,"31",19.2207826210491,2.85932235253734,14.8015513886317,11.5924603767271,8.60646494055804,9.23176499886968,-18.9539018351786,23.8972221237439,0.115317595348679
13,0.00496144526332899,19.2692053214286,24.4066175471429,0,5.77504571271429,0,0,0,39.9024217985714,0.000757858767858209,0.165758990001021,"31",21.1461888966369,2.40644050784045,14.839092171503,11.9227345886161,8.62082934866072,9.46066040389677,-15.9635814373869,16.4146385162397,0.103451558387357
14,0.00490273674406519,20.50930556375,26.29885707,0,2.99377270675,0,0,0,48.89135088875,0.000699150248594409,0.153855476613614,"31",22.1956047061071,2.21478972410535,17.4177743412107,12.2029982573247,7.1105262265,9.74272789162457,-5.44469573886786,7.63378758719789,0.0910156260835607
15,0.00484385400539969,21.8628785271429,25.6491134685714,0,2.59445636571429,0,0,0,58.4516306671429,0.000640267509928909,0.141772594433313,"31",23.8972530991071,2.47661218374507,18.2406658085571,12.6605749987451,5.58986159834286,7.65425682917918,2.01511241169286,2.22117682313393,0.0883768860165128
16,0.00478485267057034,23.2277611975,25.9191441775,0,1.5009660045,0,0,0,68.64462149625,0.000581266175099559,0.129517143297807,"31",25.3590731384286,2.37103004427778,18.1153166882179,12.54630946322,0.858620325775,1.38425455720597,3.38477239859286,0.760120117256036,0.0887780319036848
17,0.00472578342264531,24.5435797871429,27.0595472857143,0,1.49905574157143,0,0,0,79.4292311785714,0.000522196927174529,0.117095259913836,"31",26.6961240200595,1.88348876341628,16.0989106734197,12.0686586605005,0.531134510077381,1.29760362268744,2.95860482485714,0.953796396185977,0.083247278379912
18,0.00466668349312576,25.86446521375,26.77075311875,0,1.4990370255,0,0,0,90.81899614625,0.000463096997654979,0.104510555856029,"31",27.259421787,1.53263675304842,18.7114048383571,9.01392618202333,0.000234586771428572,0.000524551967536492,2.64717376949643,0.651318753981567,0.0809752784223199
19,0.00460759216516891,27.1900912714286,26.5713627542857,0,1.49905574157143,0,0,0,102.793189172857,0.000404005669698129,0.0917673231743894,"31",27.8024967173571,1.18769446806278,20.3313846017143,5.71504499090611,0,0,2.09796447892857,1.34216639311675,0.0728763071858468
20,0.00454855579751965,28.27694175875,23.12483006125,0,1.4990370255,0.625,0.625,0,115.35326275,0.000344969302048869,0.0788716852420936,"31",28.3131663293929,1.13885510174962,16.9680272423643,6.25654138379153,0,0,2.09983865521786,1.33848414940219,0.0664484704644329
21,0.00448963171476687,28.6850395757143,24.6721320857143,0,1.49905574157143,1,1,0,128.233375885714,0.000286045219296089,0.0658325850434567,"31",28.6311457902857,0.795963751117213,13.9612966218893,6.92123648315216,0,0,2.33838448995714,0.909575313654638,0.0603105502173363
22,0.00443092615416675,29.19568965,23.28817715875,0,1.4990370255,1,1,0,141.2988463,0.000227339658695968,0.0526705367378995,"31",28.8887776073929,0.681961097277034,12.6434724177071,8.27919761497938,0,0,2.39835081966786,0.82122196962089,0.052495872242675
23,0.00437261387561717,29.8843243814286,22.9218575542857,0,1.49905574157143,1,1,0,154.636540328571,0.000169027380146389,0.0394228818527376,"31",29.1612692201429,0.729656316729044,11.7639066436964,7.95078408513904,0,0,2.39828577732857,0.821328156450633,0.0436153538500502
24,0.0043151869664649,30.4459310675,12.49958078325,0,1.4990370255,1,1,0,168.2931579,0.000111600470994119,0.0262025640118244,"31",29.4522134216786,0.879153287943859,12.2276374387607,7.80666348308523,0,0,2.46062071371786,0.744109973188196,0.0364721500077739
25,0.0042602256437872,30.1674646357143,4.73142547457143,0,1.49905574157143,1,1,0,182.0064341,5.66391483164189e-05,0.0133840381937027,"31",29.5432810777232,0.992127935530534,10.7306193323169,4.41033150116215,0,0,2.62194714583929,0.74861128062623,0.0350313758947055
26,0.00422388575626485,29.77820655125,11.2637464795,0,1.4990370255,1,1,0,195.5478252125,2.02992607940692e-05,0.00481741119135037,"31",29.7290047688839,1.0060895112419,8.92889513409375,6.04391585244707,0,0,2.54571492011607,0.712957097473967,0.0348417617473252
27,0.00423978251739283,29.3887839228571,11.5344065628571,0,1.49905574157143,1,1,0,208.917755428571,3.61960219220489e-05,0.0085738862637994,"31",29.7871519926786,0.998383310409501,13.9647995813795,3.61092182273829,0,0,2.25019616476786,0.863600717913933,0.0341107504721249
28,0.0042421538709121,29.0350874675,13.95602573625,0,1.4990370255,1,1,0,222.1149517125,3.85673754413184e-05,0.00913304007410343,"31",29.70462914125,0.931591802654651,16.1050140971875,3.10697821947693,0,0,2.24849568283482,0.865560166380228,0.0315111536287848
29,0.00421548635037833,28.79176189,19.8645001728571,0,1.49905574157143,1,1,0,235.171336214286,1.18998549075485e-05,0.00282688195418057,"31",29.6403755139286,0.907762897758125,16.7398429848214,1.97658082724376,0,0,2.24856957530357,0.865474833230721,0.0276559430532531
30,0.00416732697459793,28.8329545125,18.874699735,0,1.4990370255,1,1,0,248.1751259,-3.62595208728512e-05,-0.00866327119873578,"31",29.6099913620536,0.91575235636061,18.2719544845089,1.35937635728993,0,0,2.24856957530357,0.865474833230721,0.0261548886925465
31,0.00411251300262887,29.0083670785714,22.4916607428571,0,1.49905574157143,1,1,0,261.233605885714,-9.10734928419111e-05,-0.0219038100469318,"31",29.6736607629464,0.874533509647366,18.1945462636161,0.753022650644581,0,0,2.24856957530357,0.865474833230721,0.0268697035222541
32,0.00405802091145849,29.34068551625,20.16310921375,0,1.4990370255,1,1,0,274.408705475,-0.000145565584012291,-0.0352426930059861,"31",29.8003370307589,0.841051662641641,19.1209424794196,2.2601196907918,0,0,2.24856957530357,0.865474833230721,0.0280680849647482
33,0.00401008008540224,29.6280142757143,22.37905838,0,1.49905574157143,1,1,0,287.732340071429,-0.000193506410068541,-0.0471268747047056,"31",30.0567030337054,0.86861208130366,16.2085450821875,4.62195758232043,0,0,2.24856957530357,0.865474833230721,0.0287035016876021
34,0.00399717278293284,30.02285548125,23.661424195,0,1.4990370255,1,1,0,301.1962935375,-0.000206413712537941,-0.0503507802160348,"31",30.259160845,0.814323799819687,14.9601000640536,5.9733498098159,0,0,2.24859815802232,0.86544182959657,0.0292249230403565
35,0.00401161059031246,30.5832864742857,23.40023883,0,1.49905574157143,1,1,0,314.880523071429,-0.000191975905158321,-0.0467452831045039,"31",30.4071281843304,0.592846823829918,16.0705101746607,8.21253495589539,0,0,2.34948335480357,0.766866559793243,0.030971296847389
36,0.00403974330648552,31.11019884375,23.36229218,0,1.4990370255,1,1,0,328.8158461,-0.000163843188985261,-0.0397569354730711,"31",30.5367791002679,0.398820468612663,19.2632396764286,2.83669815404325,0,0,2.62284658702232,0.749194459729763,0.0337078313182436
37,0.00408194545135628,31.5028529685714,10.431632959,0,1.49905574157143,1,1,0,342.977771371429,-0.000121641044114502,-0.029364386601455,"31",30.62767003625,0.420238551999966,19.1118160537947,3.07698389874671,0,0,2.62448108551786,0.750299186033648,0.0345909323626919
38,0.00413347185514422,31.18091241375,4.348193433,0,1.4990370255,1,1,0,357.15241365,-7.01146403265613e-05,-0.0168203912675162,"31",30.6670412581696,0.588783497430112,15.8233591023839,3.89454645312015,0,0,2.37036692024107,0.751626366308565,0.0318998799127043
39,0.00418336961804674,30.62606572,6.32533037628571,0,1.49905574157143,1,1,0,371.1236428,-2.02168774240414e-05,-0.00482103777000642,"31",30.4901634414732,0.502669882940947,14.2764669555714,6.8583474563189,0,0,2.24876857544643,0.86524511155318,0.0251020913604136
40,0.00420881920699938,30.1837089125,11.57470618875,0,1.4990370255,1,1,0,384.8411245375,5.23271152859904e-06,0.0012440465341621,"31",30.25240580375,0.36753099635213,14.2497545308572,5.46719543197403,0,0,2.24856957530357,0.865474833230721,0.0150652171628274
41,0.00417486769406338,29.8528939328571,15.76654497,0,1.49905574157143,1,1,0,398.402515071429,-2.8718801407401e-05,-0.00685542047408561,"31",30.0494963913839,0.32668871142042,15.3376046632143,2.96085111767653,0,0,2.24856957530357,0.865474833230721,0.00402963419219491
42,0.00412252840585019,29.71153118875,19.7609548725,0,1.4990370255,1,1,0,411.8381076375,-8.10580896205915e-05,-0.0194714220553447,"31",29.9135003664286,0.290410795687248,16.5398229487053,1.58217211059345,0,0,2.24856957530357,0.865474833230721,-0.00559862476934763
43,0.00406779822302392,29.83267668,12.532174072,0,1.49905574157143,1,1,0,425.286610185714,-0.000135788272446861,-0.0328362116700225,"31",29.8917625645536,0.247898211992159,17.7297290411518,2.33241518856995,0,0,2.24856957530357,0.865474833230721,-0.0128747498203978
44,0.00401330331925734,29.71698403375,4.368721206375,0,1.4990370255,1,1,0,438.7517124375,-0.000190283176213441,-0.0463234146715532,"31",30.018793950625,0.285966242874077,13.1052006611786,5.4828927836878,0,0,2.24856957530357,0.865474833230721,-0.0177862335504055
45,0.00396631058075259,29.3121433471429,8.88635418442857,0,1.49905574157143,1,1,0,452.095571171429,-0.000237275914718191,-0.0581017491088973,"31",30.1152984978125,0.475457455973663,10.9354335852366,7.58748961754597,0,0,2.24832879392857,0.865196899137121,-0.0209146531259537
46,0.00393255423278173,28.81868226,17.76228081875,0,1.4990370255,1,1,0,465.2113317875,-0.000271032262689051,-0.0666489399817927,"31",30.0623773508036,0.687464817643736,14.0148727795089,4.58524086442094,0,0,2.36205178701786,1.01360018369625,-0.0305043265879423
47,0.00390207179558468,28.6758959842857,19.0062843857143,0,1.49905574157143,1,1,0,478.191046628571,-0.000301514699886101,-0.0744304448353219,"31",29.8999822709375,0.834867953887637,17.9520337454018,0.50317322102725,0,0,2.62380968652232,1.43605418841943,-0.0319902094563559
48,0.00390051117017206,28.7444260325,17.17618819125,0,1.4990370255,1,1,0,491.1596377125,-0.000303075325298721,-0.0748304727235931,"31",29.8410543420982,0.879103732701273,18.4265391305804,1.53797835000483,0,0,2.62345888616071,1.43545648951984,-0.0328132289339348
49,0.00393353081163489,28.70269778,18.6435232942857,0,1.49905574157143,1,1,0,504.144447057143,-0.000270055683835892,-0.0664006388694007,"31",29.8674190727679,0.868878919571356,15.7784370592143,2.89159408998572,0,0,2.53489098858482,1.28422388069525,-0.0338775609835873
50,0.00398535279896535,28.6974997025,18.5271907525,0,1.4990370255,1,1,0,517.10433155,-0.000218233696505431,-0.0533122470322178,"31",29.7564887209822,0.787176005864155,15.5278946863437,4.16412023875901,0,0,2.24965097790625,0.866723551795005,-0.0339459733387106
51,0.00404018599855112,28.7156420385714,18.9253222171429,0,1.49905574157143,1,1,0,530.0766451,-0.000163400496919661,-0.0396473572729716,"31",29.6233078057143,0.673155352155475,16.0431946601339,3.72181989963261,0,0,2.44285546777232,1.13436409606846,-0.0309882707639177
52,0.00409478328153754,28.742112315,18.17057157875,0,1.4990370255,1,1,0,543.0415379625,-0.000108803213933241,-0.0262242945584807,"31",29.5324533670982,0.609870680088583,16.7506426169643,2.71251622747669,0,0,2.44091876602232,1.65387314155294,-0.0270329340879306
53,0.004141766506707,28.8116625485714,17.3396702557143,0,1.49905574157143,1,1,0,556.047631585714,-6.18199887637812e-05,-0.0148156987674382,"31",29.4957785365179,0.601577099195929,16.6727033721875,1.83726174459718,0,0,2.24932548276786,1.93409942017243,-0.0249324575505168
54,0.00417440427041991,28.88506166,16.88252397875,0,1.4990370255,1,1,0,569.0715637625,-2.91822250508712e-05,-0.00696642982551587,"31",29.6487938843929,0.614448485509139,15.3991796856,3.69548876260827,0,0,2.92734623589286,1.59289523916031,-0.0237835435868428
55,0.00420649157320844,28.9481554485714,16.3768500057143,0,1.49905574157143,1,1,0,582.146503514286,2.90507773765842e-06,0.000690856317954847,"31",29.6302282073929,0.605640504250875,17.1031178391071,1.65781196613862,0,0,2.99818932430357,1.49892102110886,-0.021713724304455
56,0.00424120831967117,28.9971794175,16.12872238,0,1.4990370255,1,1,0,595.2266341125,3.76218242003892e-05,0.00891012109426637,"31",29.5827778726071,0.557385392073029,17.1248479970714,1.80943688875148,0,0,2.99797685964286,1.49889683999255,-0.0184026738636024
57,0.00425076567539445,29.0420253542857,16.0520417485714,0,1.49905574157143,1,1,0,608.342523814286,4.71791799236685e-05,0.011161036968252,"31",29.5799909261071,0.567208934088692,17.2320479153572,2.00074617453991,0,0,2.69815822484286,1.25396761688235,-0.0180702727815959
58,0.00422869488743648,29.09209248625,16.67701494875,0,1.4990370255,1,1,0,621.46959,2.51083919656989e-05,0.00595531966675633,"31",29.4955520353571,0.511175526861756,17.4968587317857,1.54318503294231,0,0,2.63819563832857,1.14927253519721,-0.0174175935159529
59,0.00418395290831565,29.1317486457143,16.7773180042857,0,1.49905574157143,1,1,0,634.6302554,-1.96335871551316e-05,-0.00468161676547929,"31",29.4157932071071,0.45062551370732,17.6748389918571,0.86570681785498,0,0,2.39964606034286,0.822134743746994,-0.0185093935815734
60,0.00412988802564369,29.1609279225,16.57632756375,0,1.4990370255,1,1,0,647.80654245,-7.36984698270909e-05,-0.0176877937987374,"31",29.3477198148214,0.379459135565341,17.557764577,0.82027613439196,0,0,2.39847795687143,0.82106493624943,-0.0198172344507317
61,0.00407448054581486,29.2004270828571,17.0312891585714,0,1.49905574157143,1,1,0,661.109495642857,-0.000129105949655922,-0.0311948224921812,"31",29.27451150475,0.314470393006652,18.2923355077143,1.13135773922408,0,0,2.39847047044286,0.821058102106425,-0.0210152285413474
62,0.0040194331897896,29.21418327125,13.53613251,0,1.4990370255,1,1,0,674.303819075,-0.000184153305681181,-0.0447971921787271,"31",29.2407360446071,0.264104169030997,17.8683320848929,0.894678153120247,0,0,2.39847795687143,0.82106493624943,-0.0236310421198116
63,0.00396696292307382,28.9952932771429,13.3806118914286,0,1.49905574157143,1,1,0,687.466552642857,-0.000236623572396961,-0.0579372918250431,"31",29.2339502889643,0.274979185736691,17.0553452315714,2.56731633262027,0,0,2.39847047044286,0.821058102106425,-0.0270479254203962
64,0.00393511251183796,28.7943845325,12.9796422775,0,1.4990370255,1,1,0,700.5107156375,-0.000268473983632821,-0.0659986127210175,"31",29.1931902967143,0.36435576269133,17.2286578730714,2.66766574114992,0,0,2.39847795687143,0.82106493624943,-0.0289303616908399
65,0.00395583806443533,28.5778343057143,12.8440607642857,0,1.49905574157143,1,1,0,713.478311428571,-0.000247748431035451,-0.0607456081481912,"31",29.1689209503571,0.492322738496893,17.1844096133572,2.9152201751631,0,0,2.39847047044286,0.821058102106425,-0.0277124879779175
66,0.00398766273938412,28.3445598375,12.7476719725,0,1.4990370255,1,1,0,726.326096675,-0.000215923756086661,-0.0527328074426805,"31",29.1512239612143,0.639235632483544,17.2999267233571,2.71009885870893,0,0,2.39847795687143,0.82106493624943,-0.0271133864619479
67,0.00400533659738939,28.0916903185714,12.9944535157143,0,1.49905574157143,1,1,0,739.086834228571,-0.000198249898081392,-0.0483104659354474,"31",29.15634892725,0.794005327179459,16.0275761506429,2.62556154031553,0,0,2.39847047044286,0.821058102106425,-0.0274643777544122
68,0.00399331942408037,27.8622333675,16.0594798175,0,1.4990370255,1,1,0,751.7176023125,-0.000210267071390411,-0.0513152662464069,"31",29.293684339375,1.08178178539835,14.8036673692857,1.63928690653956,0,0,2.24856957530357,0.865474833230721,-0.0267224627878678
69,0.00396510510239289,27.7512776657143,19.2569954971429,0,1.49905574157143,1,1,0,764.289679614286,-0.000238481393077891,-0.0584057246882246,"31",29.3696881670982,1.32422415537495,14.5238353326786,2.35076375923653,0,0,2.24856957530357,0.865474833230721,-0.0244201437182265
70,0.00397281693547026,27.82558375875,18.85352693375,0,1.4990370255,1,1,0,776.822787925,-0.000230769560000521,-0.0564626883942054,"31",29.4983792350893,1.5457739372796,15.1646066592054,4.27433717070846,0,0,2.24856957530357,0.865474833230721,-0.0219901652929635
71,0.00401855556898472,28.0375542242857,18.3998533442857,0,1.49905574157143,1,1,0,789.446321071429,-0.000185030926486062,-0.0450155604329936,"31",29.657194184241,1.65924968615279,15.7217467583929,3.3415058003186,0,0,2.24856957530357,0.865474833230721,-0.0200315760996229
72,0.00407131570572815,28.298335605,18.7861062275,0,1.4990370255,1,1,0,802.168630675,-0.000132270789742631,-0.0319718711858927,"31",29.8846912313214,1.44163151038622,17.0116214895071,2.29772071294991,0,0,2.09866680855714,0.821059810615511,-0.0167201325130307
73,0.00412123078531266,28.5254540871429,18.6261116114286,0,1.49905574157143,1,1,0,815.010694242857,-8.23557101581208e-05,-0.0197862348699056,"31",29.8913374619196,1.52372495203672,17.3269831470089,2.60752221140173,0,0,2.24856489628571,0.865480236061431,-0.0145620792507768
74,0.00413852434469649,28.73684105,18.17724358125,0,1.4990370255,1,1,0,827.9365024125,-6.50621507742909e-05,-0.0155988022008966,"31",29.986157065,1.43050938616222,16.901172280625,2.43367514513566,0,0,2.24856489628571,0.865458624468763,-0.0104407498318254
75,0.00411071433523602,28.92907588,17.6010344028571,0,1.49905574157143,1,1,0,840.972551342857,-9.28721602347611e-05,-0.0223412702566241,"31",30.0510414697321,1.31666966881441,16.7174142020536,1.92290757822821,0,0,2.24857425432143,0.865491041655398,-0.0105622804097769
76,0.00409060785057383,29.07517410375,17.30801143375,0,1.4990370255,1,1,0,854.069896875,-0.000112978644896952,-0.0272445100024257,"31",30.12200088125,1.22802079687176,16.4015977534375,2.03774802884151,0,0,2.24856489628571,0.865458624468763,-0.00871037302391246
77,0.00410441227240066,29.21733856,17.0809305871429,0,1.49905574157143,1,1,0,867.248449128571,-9.9174223070121e-05,-0.0238755287578396,"31",30.1538746166071,1.12115998881018,16.1775050675,1.43207042423649,0,0,2.24857425432143,0.865491041655398,-0.00525263430553361
78,0.00414968900011533,29.35004569,17.62342787125,0,1.4990370255,1,1,0,880.46843425,-5.38974953554509e-05,-0.0129046963814892,"31",30.1476420565179,0.981804889279869,16.3274216013839,1.3680421322852,0,0,2.24856489628571,0.865458624468763,6.79102639135189e-05
79,0.00420457355387373,29.3138506385714,15.78001597,0,1.49905574157143,1,1,0,893.7408898,9.8705840294918e-07,0.000234785821918493,"31",30.1439910536161,0.845166940892103,17.8704756263393,2.48532817772089,0,0,2.24857425432143,0.865491041655398,0.00563164711248495
80,0.00426114019884205,29.130501745,15.149835455,0,1.4990370255,1,1,0,906.93118125,5.75537033712685e-05,0.013598688064107,"31",30.0884856845536,0.740727689710371,17.0646288859821,1.86121883183489,0,0,2.24856489628571,0.865458624468763,0.00962618682633654
81,0.00431804778630218,28.9915326014286,14.8757777457143,0,1.49905574157143,1,1,0,920.076696414286,0.000114461290831399,0.0268653097745997,"31",30.0167319339286,0.708128184198737,16.3121386511161,1.84850492183947,0,0,2.24857425432143,0.865491041655398,0.0114396882368866
82,0.00437474345491679,28.89884572875,14.90314279625,0,1.4990370255,1,1,0,933.1422084875,0.000171156959446009,0.039909789889653,"31",29.951143213125,0.721053000920271,16.6222594406696,1.38476663118631,0,0,2.24856489628571,0.865458624468763,0.0121902117321832
83,0.00443064225221579,28.7618035314286,15.0297180157143,0,1.49905574157143,1,1,0,946.175934514286,0.000227055756745009,0.0526064618627471,"31",29.8683861579911,0.732398094928493,17.0364841703571,1.53743573150408,0,0,2.24857425432143,0.865491041655398,0.0134978867617333
84,0.0044842611885674,28.61915035125,15.72934821375,0,1.4990370255,1,1,0,959.1234254875,0.000280674693096619,0.0646356626422664,"31",29.7542923819197,0.771652181402994,17.2308128102678,1.51862196467846,0,0,2.24856489628571,0.865458624468763,0.0150853643260965
85,0.00452767708013883,28.5059255014286,18.2408875814286,0,1.49905574157143,1,1,0,972.039377671429,0.000324090584668049,0.0742709320374635,"31",29.6696085882589,0.822168656279044,17.9857961471875,1.75728244398053,0,0,2.24857425432143,0.865491041655398,0.0149209326796989
86,0.00452121908582632,28.4447209825,18.51582275,0,1.4990370255,1,1,0,984.8859374,0.000317632590355539,0.0728435766677569,"31",29.6123586660268,0.856718240861308,17.1027962604911,1.51274336397312,0,0,2.24856489628571,0.865458624468763,0.0108245164114376
87,0.00447438243793955,28.4762704485714,20.3069090714286,0,1.49905574157143,1,1,0,997.753148271429,0.000270795942468769,0.0624302496750309,"31",29.5812203266518,0.886556408400356,16.8540550328125,1.48245155900524,0,0,2.24857425432143,0.865491041655398,0.00350263359841474
88,0.00442003919258947,28.52285166,19.29871396875,0,1.4990370255,1,1,0,1010.613224125,0.000216452697118689,0.0502104735932987,"31",29.7184913883571,0.798774002352033,17.1518468668214,1.87722683442635,0,0,2.39847421365714,0.821052976472506,-0.00398584773424224
89,0.00436393967768777,28.5676840014286,19.2357751328571,0,1.49905574157143,1,1,0,1023.51829214286,0.000160353182216989,0.0374371558961171,"31",29.6486529267857,0.818758198940869,16.3143806240714,3.08666863210365,0,0,2.24856489628571,0.865480236061431,-0.00973758535155094
90,0.00430714234474096,28.64325722125,19.26570812875,0,1.4990370255,1,1,0,1036.425281375,0.000103555849270178,0.02433656618659,"31",29.6906360147768,0.785187760473965,16.626329762058,3.28927974778841,0,0,2.24857425432143,0.865469430332555,-0.0136320155463016
91,0.00425023809274605,28.7809266742857,19.1751915442857,0,1.49905574157143,1,1,0,1049.40263914286,4.66515972752692e-05,0.0110369145349356,"31",29.6122544004018,0.749160379257606,18.0691180344196,1.81715780872642,0,0,2.24856489628571,0.865480236061431,-0.0165519219831698
92,0.00419392414493232,28.98045442,18.77974936,0,1.4990370255,1,1,0,1062.4422365,-9.6623505384608e-06,-0.0023012425910931,"31",29.7254967352857,0.742583402940126,18.4152424203571,1.61623499418508,0,0,2.09866680855714,0.821059810615511,-0.0183037260680591
93,0.0041407096116929,29.1403201628571,18.0742515957143,0,1.49905574157143,1,1,0,1075.581616,-6.28768837778815e-05,-0.0150709110926428,"31",29.7329973963929,0.784153903888223,18.5953575805,1.20067079625615,0,0,2.09866306534286,0.821063227687014,-0.0195599618257463
94,0.0041115258368681,29.32200447125,19.4413915875,0,1.4990370255,1,1,0,1088.77659375,-9.20606586026808e-05,-0.0221438784028258,"31",29.5855658656696,0.884644712246345,17.2745749487947,2.45812629669837,0,0,2.24905182011607,0.86603202572629,-0.0199721635929017
95,0.00409708548445544,29.5233187671429,18.6220386471429,0,1.49905574157143,1,1,0,1102.07872885714,-0.000106501011015342,-0.0256622242939137,"31",29.5743771833929,0.901832019800392,18.5528553583482,0.943471594730997,0,0,2.56258750783036,1.3308509166283,-0.0219626270946871
96,0.0040582228330435,29.72419395,18.92246980125,0,1.4990370255,1,1,0,1115.45051575,-0.000145363662427281,-0.0351929356092313,"31",29.5515151207143,0.892511048096284,18.2530404447322,1.34082588196641,0,0,2.62172968280357,1.4346237375996,-0.0221281093684077
97,0.00403586259481593,29.9198087242857,18.6389500342857,0,1.49905574157143,1,1,0,1128.93860442857,-0.000167723900654851,-0.0407180303852366,"31",29.4985342603571,0.952078987497388,18.6443458699107,0.575207162506063,0,0,2.95846848133036,1.68643816088453,-0.0199165425026058
98,0.00404896719991116,30.15132503125,18.46442472875,0,1.4990370255,1,1,0,1142.498280375,-0.000154619295559621,-0.0374762512556135,"31",29.4772195257143,1.04951152576931,18.6399604819643,0.631427054545493,0,0,2.99810510430803,1.73096391249058,-0.0157359456616713
99,0.00405471776175005,30.3258947642857,15.6500166267143,0,1.49905574157143,1,1,0,1156.16993928571,-0.000148868733720731,-0.0360570049030136,"31",29.5391783065179,1.10586646172767,17.451478687991,1.58352976201142,0,0,2.99833354861161,1.73122773631166,-0.0110044222889901
100,0.00405415016987732,30.117891885,4.86508238725,0,1.4990370255,1,1,0,1169.834038,-0.000149436325593461,-0.036196997776111,"31",29.599560475,1.12203513637866,16.1934389243571,2.42553843028659,0,0,2.84443198427232,1.57364844010548,0.00172668531501176
101,0.00405312690141683,29.6627092585714,7.11201665042857,0,1.49905574157143,1,1,0,1183.34766042857,-0.000150459594053951,-0.0364494298643905,"31",29.6675789641518,0.994018494628841,13.0298738282679,6.52781856523765,0,0,2.62285265604911,1.43507114327478,0.0054759814802238
102,0.00405186017655675,29.0566780575,10.3054376255,0,1.4990370255,1,1,0,1196.604703,-0.000151726318914031,-0.0367620089781999,"31",29.6333139976339,0.985530830919695,14.128619125,5.33606881491087,0,0,2.62332883177232,1.43521705499334,0.00814154507129785
103,0.00403959626732511,28.3907943157143,13.2843986042857,0,1.49905574157143,1,1,0,1209.58898714286,-0.000163990228145671,-0.0397933342790484,"31",29.3886658627679,0.987893104644093,12.4323870271429,6.57305447444195,0,0,2.62309272939286,1.43515448663772,0.0102312444882386
104,0.00400518827558584,27.9310357375,15.949605955,0,1.4990370255,1,1,0,1222.284565625,-0.000198398219884941,-0.0483474976661311,"31",29.0166377607143,0.964793117499844,12.4323070666428,6.82028790462254,0,0,2.77698961491518,1.51916630490629,0.0128339907782487
105,0.00396545406006316,27.6510751242857,16.9765433657143,0,1.49905574157143,0.714285714285714,0.714285714285714,0,1234.84698585714,-0.000238132435407621,-0.0583177213950021,"31",28.76307542125,1.08551412447631,12.7192059028571,7.43683746223136,0,0,2.99857362198661,1.73150507737729,0.0167242310958444
106,0.00393507804458686,27.4900646925,16.83638543375,0,1.4990370255,0,0,0,1247.287937125,-0.000268508450883921,-0.0660073716576601,"31",28.5408323995536,1.1677529332232,13.3116686052366,6.42783122652136,0,0,2.99809276723661,1.73094966648353,0.0217941389369225
107,0.00392592564176377,27.3887765942857,16.4059122628571,0,1.49905574157143,0,0,0,1259.69968271429,-0.000277660853707011,-0.0683359309844107,"31",28.2039347333482,0.739938719003451,14.0301664730536,8.31208662244013,0,0,2.99816665970536,1.73103499276476,0.0274974726369834
108,0.00393925517656077,27.30475346125,15.97804622,0,1.4990370255,0,0,0,1272.038414125,-0.000264331318910011,-0.0649464228401992,"31",27.8708203555803,0.337003217669038,16.2494156081429,5.44630182375409,0,0,2.997447896,1.72912473101036,0.0336114586101197
109,0.00395334981248169,27.18897878,11.4586821342857,0.00126663914285714,1.49446544257143,0,0,0,1284.36616414286,-0.000250236682989092,-0.061374813576494,"31",27.2360795020982,0.317284211519293,17.5990769809464,9.7497835922366,0.00185652153571429,0.00371304307142857,2.40153499668304,1.57226168801343,0.0400481968901552
110,0.00394699162854631,26.625929885,4.57436317475,3.980747561,2.51182577625,0,0,0,1296.5328935,-0.000256594866924471,-0.0629844111349325,"31",26.3032071402232,0.869194418964973,17.0672417773795,10.8714365578761,2.35073294119196,4.70062149421216,1.66383223141964,1.94977506465441,0.0438448781837782
111,0.00393525330587779,25.12604307,4.839884863,15.5229125442857,2.95054007085714,0,0,0,1308.28372757143,-0.000268333189592991,-0.0659628344511054,"31",24.9785606696429,1.24262737960348,15.7090773283839,12.7673763660736,5.43045384989285,8.41887805537721,1.52750732309375,1.81729401712408,0.0533158268646693
112,0.00395305201215566,23.0228803725,4.567007642,17.63767320125,-6.375038985125,0,0,0,1319.138597875,-0.000250534483315122,-0.0614501450168232,"31",22.4203103707441,1.6553128692342,19.0811201390774,11.317334498426,5.38571336467262,8.35314779620997,-0.0971316992857145,3.509347738635,0.0546820208377704
113,0.00400133959220183,21.1173933314286,4.238579434,17.9536690057143,-25.8019026785714,0,0,0,1329.11130214286,-0.000202246903268951,-0.0493088840867761,"31",20.9323478995918,1.71571733366527,16.8995094262704,11.8375180333005,7.40523295255101,9.23940294943053,-11.0298668755128,11.9690371584036,0.0635592431823479
114,0.00405736298720251,19.28623091125,4.135444373,18.8407591725,-39.24899975,0,0,0,1338.159460375,-0.000146223508268271,-0.0354048354873333,"31",19.0338027866837,1.66425491869663,16.8759592215077,12.0030429594287,7.56057263390306,9.43109023531184,-31.1533500720051,15.7155146159583,0.0715085110876486
115,0.0041148811171557,17.1694831842857,4.18199193842857,20.5896330285714,-29.1070472388571,0,0,0,1346.26291814286,-8.87053783150812e-05,-0.0213281442892974,"31",17.185567633801,1.61257263515693,16.5742414858189,11.8455729880898,8.04009704303571,10.0500759919758,-41.6735205393367,9.10702477342147,0.0721927783693997
116,0.00417305963319751,14.70962192,4.52453440375,21.95111784125,63.975515546,0,0,0,1353.191182125,-3.05268622732714e-05,-0.00728859646614755,"31",15.3318128655612,1.4515236128313,15.949157744676,11.3094229470114,8.81914526104591,11.0067251777284,-24.6860323667219,22.3865853278841,0.0734895644930591
117,0.00423156920719073,11.9298059557143,4.49839006385714,23.3426486814286,204.594804214286,0,0,0,1359.17568085714,2.79827117199488e-05,0.00663480668152161,"31",13.8522155291518,1.75410624991186,13.885083773346,10.525228851331,10.7402553192857,11.4909076635277,22.7939747941987,41.1785369600078,0.0743393588097499
118,0.00429027500018264,9.634696005625,4.057459684375,14.673898796875,344.546098825,0,0,0,1363.88169575,8.66885047118588e-05,0.0204127446177269,"31",11.553960467125,1.96298928733273,15.1546864724762,9.73788274427523,7.60511587111012,10.7418100652753,154.483758111527,139.169316047036,0.0744098360694092
119,0.00434908301257339,8.77807369957143,4.05532846257143,2.33969562857143,484.055914257143,0,0,0,1367.16142042857,0.000145496517102609,0.0340269319819564,"31",10.2218894176524,2.04649155693575,13.7371875333774,8.76648383449474,7.0628433134131,10.1078886881516,274.548364608352,173.920256096144,0.0612953825119333
120,0.00440793589685174,8.361767636125,12.252524059,0.00201098375,516.7517382125,0,0,0,1368.19830075,0.000204349401380959,0.047468439791805,"31",9.68450887081697,1.69447418137655,13.8352757996998,8.51972137304023,5.39570171803237,9.0790351028088,317.021191439777,175.403798196736,0.047468439791805
121,0.0044667832423248,8.31565737257143,16.7978213414286,0,499.216405842857,0,0,0,1366.91168242857,0.000263196746854019,0.0607304271806788,"31",10.3580488494439,2.05202555867115,13.5185708328023,9.05487866169663,7.56733212151403,10.2916131320383,258.500647377316,168.567365848641,0.0611541436791196
122,0.00452557668954328,9.0005879135,21.078836515,0,383.3272644,0,0,0,1363.684754,0.000321990194072499,0.0738069241480863,"31",11.7860852447273,1.87814227177448,14.6161273777013,10.0239907479169,8.29649004121104,10.9825113256305,133.679802994393,124.867483123078,0.0743428458559289
123,0.00458426805948494,10.2985944872857,23.64982102,0,164.225893998571,0,0,0,1359.48997442857,0.000380681564014159,0.0866923645335573,"31",13.2593700105929,2.04851228070492,11.9782196053625,10.1157298981728,13.0220463513214,11.2318896924041,62.4444524342875,91.4679215166969,0.0807322311615861
124,0.00464278632202739,11.82180236375,25.65623529375,0,62.250871875,0,0,0,1354.66045625,0.000439199826556609,0.0993765958027319,"31",14.9516145827381,1.56386596613681,13.3669678925774,11.0539993003938,11.7554681193651,11.1719180237889,-4.8118535786885,43.9461487578565,0.0796937166283998
125,0.00470104995594303,13.6705962285714,25.32910546,0,19.1212432968571,0,0,0,1349.20108457143,0.000497463460472249,0.111847787737512,"31",16.3351847080159,1.6703919697768,15.9073641114901,11.3786482573378,8.95275288886904,10.6356558587729,-35.7053504189266,13.2294578802493,0.0755084183480303
126,0.00475889936884151,15.44140915375,25.26947079875,0,-37.1638487725,0,0,0,1342.912312625,0.000555312873370729,0.124078325303746,"31",17.9964225163265,1.97556355045526,13.5698284337117,11.9393024463709,10.6049069009949,9.94662560882089,-40.0503853830612,10.883906630641,0.0744486717143713
127,0.00481609968879427,17.1676898542857,26.1113556814286,0,-58.5145182614286,0,0,0,1335.78397342857,0.000612513193323489,0.136026315873529,"31",19.34482160875,1.58465724268028,15.3367264781875,12.3687531248285,8.8206680728869,9.66419656789901,-26.5931553737679,11.0313971831448,0.0724819795809814
128,0.00487204152954636,18.96258770375,27.21768379,0,-35.23643428875,0,0,0,1327.667607625,0.000668455034075578,0.147574962840544,"31",21.2606412655655,1.62083320426625,15.1798136989821,11.9712334917104,8.63943844464285,9.46807632953883,-6.99543897330656,5.93177117015268,0.0685013443387124
129,0.00492512687872814,20.7905814685714,26.4704726571429,0,-4.21453427042857,0,0,0,1318.73082442857,0.000721540383257359,0.158411944591641,"31",22.7462561511786,1.62119430681285,17.6032496354643,11.9884033964372,6.46285603760714,8.86098612445225,0.726348814942857,3.21068540322344,0.056905869000843
130,0.00496213163283171,22.483831805,27.4207968,0,4.51623011,0,0,0,1308.935705125,0.000758545137360928,0.165897321067967,"31",25.0080571497143,1.07816618157322,13.5352388353071,12.0781742587464,7.44894558877142,8.57494462274183,1.81211387264643,1.69762263143127,0.0618357312443675
131,0.00494050258177229,24.1764411828571,26.81028911,0,3.59604156685714,0,0,0,1298.413642,0.000736916086301509,0.161528971283758,"31",26.3677516891786,0.766455606978737,14.5686660568536,10.947853797889,2.67673586515357,4.13561015523037,1.83343094038571,1.73061714786254,0.0635719818019211
132,0.00488944354666173,25.781695005,26.19457039625,0,4.440770352,0,0,0,1287.086172,0.000685857051190949,0.151140411142336,"31",27.2071358317857,0.314196983748631,16.4692359595179,10.2493151884486,0.00217318132142857,0.00355247622070993,2.40039210095089,1.57313782082696,0.0463830102354001
133,0.00483415471833973,27.1968977642857,23.8458694371429,0,4.49700441342857,0,0,0,1275.11218557143,0.000630568222868949,0.139768196548641,"31",27.8498145723214,0.37727711985148,16.1424490974286,5.44640534268576,0,0,2.99744321698214,1.72913013723344,0.0391594868276139
134,0.00477726915329898,27.89058276375,10.908413355125,0,4.497111076875,0,0,0,1262.602710375,0.000573682657828199,0.127930985153752,"31",28.1786127087947,0.773484639018054,13.9225481803303,8.26630365745026,0,0,2.99817133872321,1.73102958988347,0.0326082827494268
135,0.00471961027687772,27.65624142,11.3172415322857,0,4.497167225,0,0,0,1250.03443642857,0.000516023781406939,0.115788136735661,"31",28.5005797916072,1.21063405077157,13.2766291222455,6.40152204504719,0,0,2.99808808821875,1.73095506933111,0.0268059312334125
136,0.00466147446808678,27.4315680375,18.5517662075,0,4.497111076875,1.25,0.625,0,1237.598727375,0.000457887972615999,0.103393716820841,"31",28.9001564146429,1.10874389266326,13.084381011,6.58750009359085,0,0,3.29829608580357,1.64247438175169,0.0237456345121286
137,0.00460305280618733,27.7358811142857,21.2184736328571,0,4.497167225,2,1,0,1225.15700714286,0.000399466310716549,0.0907816464352145,"31",29.0254792344286,0.978892209479052,12.3874243334571,6.31534144184759,0,0,3.12139484789286,1.52446797043832,0.0187916928559737
138,0.00454444221882734,28.30475826625,20.81256864875,0,4.497111076875,2,1,0,1212.487959,0.000340855723356559,0.0779669057898031,"31",29.2911939028572,1.0759224653076,12.4397877185357,6.40546403833765,0,0,2.77700833096429,1.51918224874167,0.0144591896167452
139,0.00448572661066888,28.9414214471429,20.3158622485714,0,4.497167225,2,1,0,1199.57122071429,0.000282140115198099,0.0649624015664747,"31",29.5087410246875,0.99519496763326,13.7560251085,2.94710888632158,0,0,2.62307401334375,1.43513493293905,0.0101953184966809
140,0.00442696773546382,29.32368192375,12.966858792875,0,4.497111076875,2,1,0,1186.37046325,0.000223381239993038,0.0517767760028134,"31",29.6269996730655,1.0537362797706,15.1336717721577,4.99726959169595,0,0,2.49809630815179,1.2238170919739,0.010375385088726
141,0.00436823296374172,28.95254019,10.6555884874286,0,4.497167225,2,1,0,1173.197421,0.000164646468270939,0.0384204819199727,"31",29.4088394387143,1.03891657111899,14.4049658995214,5.76518231469749,0,0,2.87477571384286,1.36450751899946,0.0059361548715443
142,0.00430961311313974,28.36182027125,13.03620238625,0,4.497111076875,2,1,0,1160.2557135,0.000106026617668959,0.0249100461747878,"31",29.5475144314732,1.20065952344534,16.7199273610089,1.59979193280716,0,0,2.84444602130357,1.57366809621854,0.000148563874305335
143,0.00425124770858811,28.1536360971429,15.1421561328571,0,4.497167225,2,1,0,1147.50356114286,4.76612131173285e-05,0.0112744296814986,"31",29.5160275822321,1.14482368531075,18.1245441388393,0.418052198189185,0,0,2.99831951158036,1.73121153279888,-0.00639359256459255
144,0.004193502256201,28.0610332,17.83441793625,0,4.497111076875,2,1,0,1134.796905875,-1.00842392697816e-05,-0.0024018428709498,"31",29.5060132614285,0.998023700534577,18.8761057264732,0.33836615390522,0,0,2.99811914133929,1.73098012063955,-0.0126620998151741
145,0.0041376071253741,28.1762081428571,18.7789989142857,0,4.497167225,2,1,0,1122.11079557143,-6.59793700966815e-05,-0.0158204563172673,"31",29.5377350562053,0.879983661709809,18.0172915022768,1.29556651216058,0,0,2.95842586158036,1.68638631414571,-0.0182548310890117
146,0.00409620829409892,28.33301132625,16.27078144375,0,4.496996746,2,1,0,1109.324822,-0.000107378201371861,-0.0258763482743705,"31",29.5717038566518,0.855924163865112,18.5483776298661,0.765212916748303,0,0,2.56103709455357,1.33017798243589,-0.0213503293388641
147,0.00408473780696888,28.41376627,17.4521301842857,0,4.254226393,2,1,0,1096.52031057143,-0.000118848688501901,-0.0286805457900243,"31",29.6102876627678,0.841021793617091,18.7192684832143,0.715852629398233,0,0,2.24903166714286,0.866008785057413,-0.0211173800904749
148,0.00406297001356366,28.5574081875,18.11778268375,0,3.00000303025,2,1,0,1083.6372425,-0.000140616481907122,-0.0340238509603124,"31",29.6427619805803,0.799289799299217,17.4897301182143,2.59062538519552,0,0,2.24857893333929,0.865485638824686,-0.0206529285458166
149,0.00401840943042101,28.7861926471429,18.9784033614286,0,2.99811148314286,2,1,0,1070.70704057143,-0.000185177065049771,-0.0450519270365808,"31",29.6441966140179,0.716135270906,18.2837842455803,1.27542068194235,0,0,2.24856021726786,0.865464027366931,-0.0211653173454182
150,0.00397602200445607,29.079327825,18.36721648125,0,2.998074051,2,1,0,1057.61883475,-0.000227564491014711,-0.0556562639332032,"31",29.6505838864285,0.693801490572249,18.0837644283482,1.72712721133771,0,0,2.24857893333929,0.865485638824686,-0.0214175913754289
151,0.0039463430615294,29.4226278228571,18.1133490514286,0,2.99811148314286,2,1,0,1044.424701,-0.000257243433941381,-0.0631487439619063,"31",29.69256126875,0.737458322813351,16.6003635624152,3.31157977926679,0,0,2.24856021726786,0.865464027366931,-0.0208313427389078
152,0.00391960613798181,29.75056078625,12.407796865375,0,2.998074051,2,1,0,1031.041791375,-0.000283980357488971,-0.0699469129203729,"31",29.6438719221875,0.784727341678588,16.3328590362143,3.05509026842685,0,0,2.24857893333929,0.865485638824686,-0.0196395772040471
153,0.00390314534032502,29.5674754771429,12.3509951662857,0,2.99811148314286,2,1,0,1017.626399,-0.000300441155145761,-0.0741553609520915,"31",29.5977791172322,0.836663786768636,17.0010848367857,1.68280344997114,0,0,2.24856021726786,0.865464027366931,-0.0165813163514872
154,0.00388656967114243,29.35114103625,16.05969359,0,2.998074051,2,1,0,1004.3191476125,-0.000317016824328351,-0.0784111504772431,"31",29.5891076931696,0.873113476289936,17.3018266131697,2.23246645273712,0,0,2.24857893333929,0.865485638824686,-0.0112059400232968
155,0.00385966939966543,29.3104167085714,14.9340688957143,0,2.99811148314286,2,1,0,991.082473971429,-0.000343917095805351,-0.0853565542202741,"31",29.5970575362946,0.883203514987382,17.1715300526339,1.5861559532683,0,0,2.24856021726786,0.865464027366931,-0.0030151489179346
156,0.00385321649785338,29.364925285,14.90390940875,0,2.998074051,2,1,0,977.8157740625,-0.000350369997617401,-0.0870298327404191,"31",29.6413023758036,0.870895085591801,18.6136809891072,0.941750431983885,0,0,2.24857893333929,0.865485638824686,0.00127793556094096
157,0.00388139033491186,29.4119206242857,18.6306828314286,0,2.99811148314286,2,1,0,964.550809428571,-0.000322196160558921,-0.0797446632298051,"31",29.718629086875,0.833620036583816,17.4057203597768,1.18403899869563,0,0,2.24856021726786,0.865464027366931,0.00247207442283059
158,0.00392746388348286,29.52984732375,17.5066745725,0,2.998074051,2,1,0,951.2302314625,-0.000276122611987921,-0.0679441914190573,"31",29.8341256086607,0.793524255642704,17.0681279752232,1.47908592773978,0,0,2.24857893333929,0.865485638824686,0.00184884800719338
159,0.00397555687319143,29.7261130985714,17.0726429785714,0,2.99811148314286,2,1,0,937.857042142857,-0.000228029622279352,-0.0557732548505108,"31",29.9279714949554,0.76247011872778,16.6291007033036,1.37328224622012,0,0,2.24856021726786,0.865464027366931,0.00188193276492621
160,0.00402866052508684,29.84316879625,16.94650454375,0,2.998074051,2,1,0,924.3914529625,-0.000174925970383941,-0.0425041425602695,"31",29.9819896480357,0.76705892725474,16.2436242237947,1.91000160227285,0,0,2.24857893333929,0.865485638824686,0.00311102621132076
161,0.00408271214583614,29.84149859,14.8237776442857,0,2.99811148314286,2,1,0,910.913355014286,-0.000120874349634642,-0.0291765784896736,"31",30.0426484611607,0.807321105198401,16.9070837572322,2.02561334653509,0,0,2.24856021726786,0.865464027366931,0.00383419555447757
162,0.00412624819079081,29.72152582875,15.2105941125,0,2.998074051,2,1,0,897.4446100875,-7.73383046799711e-05,-0.0185695222259588,"31",30.1677418700357,0.745468656247791,17.5674051811071,2.37107159903289,0,0,2.09867429498572,0.821070061723363,0.00254896250472096
163,0.00415384774591769,29.6423833585714,14.5014466842857,0,2.99811148314286,2,1,0,884.049062285714,-4.97387495530912e-05,-0.0119030157297102,"31",30.2111681729643,0.818006224903322,17.2139518241786,2.11719696340556,0,0,2.09865557891429,0.821052976365847,0.00240898038849862
164,0.00417139022286494,29.57429879125,14.29920363125,0,2.998074051,2,1,0,870.6569933125,-3.21962726058415e-05,-0.00768872118224717,"31",30.22492134025,0.936037450304709,16.3386821721072,1.2872198094046,0,0,2.09867429498572,0.821070061723363,-0.00112078493414263
165,0.00417878092194094,29.5212014985714,14.1989211357143,0,2.99811148314286,2,1,0,857.322676728571,-2.48055735298409e-05,-0.00591852972131512,"31",30.4422041021428,1.0862741423179,16.4194092908631,1.58229341471142,0,0,2.24856489628571,0.821059810615511,-0.00593633603255957
166,0.0041674623273248,29.43698620125,14.003403295,0,2.998074051,2,1,0,843.9933584375,-3.61241681459809e-05,-0.00863079221966867,"31",30.0978122041518,1.24682037319767,16.4658877864732,1.93850540190485,0,0,2.24857425432143,0.865469430332555,-0.00840721710019506
167,0.00414493496677595,29.3402314928571,14.2605634271429,0,2.99811148314286,2,1,0,830.727772971429,-5.86515286948308e-05,-0.0140509891523939,"31",30.0270934268303,1.33465591296074,16.5817934258929,2.15862893788128,0,0,2.24856489628571,0.865480236061431,-0.00998509419583677
168,0.00412595170340525,29.24443932125,13.7180803225,0,2.998074051,2,1,0,817.479582975,-7.76347920655313e-05,-0.0186413787932507,"31",29.9584156625447,1.45062247100087,17.0196899210714,2.23001202715063,0,0,2.24857425432143,0.865469430332555,-0.0119775637178635
169,0.00413087377380747,29.1334737114286,14.1921508842857,0,2.99811148314286,2,1,0,804.300315657143,-7.27127216633115e-05,-0.0174491358714119,"31",29.50002701175,1.57926812812262,17.3554751935786,2.43272749730306,0,0,2.09866306534286,0.821063227687014,-0.0150254948827127
170,0.00414977724724888,28.99970706125,14.85077169,0,2.998074051,2,1,0,791.15565605,-5.38092482219015e-05,-0.0128834306449237,"31",29.33326619225,1.60918577570318,16.2573680755714,3.13188389587683,0,0,2.09866680855714,0.821059810615511,-0.0172555778403595
171,0.00414908095443459,28.9154350928571,15.9183141514286,0,2.99811148314286,2,1,0,778.082064714286,-5.45055410361914e-05,-0.0130512351265093,"31",29.1638201398214,1.53352917807647,15.9023907141143,4.05266520268629,0,0,2.09866306534286,0.821063227687014,-0.0181598849483811
172,0.00413160483871097,28.8127782475,16.2160297725,0,2.998074051,2,1,0,765.030764525,-7.19816567598111e-05,-0.0172721756825878,"31",29.0460060668214,1.35610756227403,15.4704673655714,2.93685694532425,0,0,2.09866680855714,0.821059810615511,-0.0206439680548934
173,0.0041119404272953,28.7576908771429,15.4174726,0,2.99811148314286,2,1,0,752.035324442857,-9.16460681754808e-05,-0.0220430473410449,"31",29.007394145,1.13468024147383,15.0548298589286,1.52671515106192,0,0,2.09866306534286,0.821063227687014,-0.0239899290702523
174,0.00407796366566489,28.7401471525,16.03836934875,0,2.998074051,2,1,0,739.027365125,-0.000125622829805891,-0.0303403253901671,"31",29.2603993709375,0.876593395238281,16.0248778511161,3.03172931902621,0,0,2.24856957530357,0.865474833230721,-0.0277519725179877
175,0.00404053196697488,28.7408244557143,18.5508583457143,0,2.99811148314286,2,1,0,726.060443642857,-0.000163054528495901,-0.0395617291352535,"31",29.2538238375893,0.688949461790254,16.9871938177678,3.02338143426282,0,0,2.24856957530357,0.865474833230721,-0.0283582207292785
176,0.00402606834958043,28.82230789375,19.50471563125,0,2.998074051,2,1,0,713.04234795,-0.000177518145890351,-0.0431477832269813,"31",29.2555742145089,0.52260595468005,16.6043331088839,3.01464534441863,0,0,2.24856957530357,0.865474833230721,-0.0296580791604289
177,0.00401867591762004,28.9133861814286,19.3459477371429,0,2.99811148314286,2,1,0,700.012781414286,-0.000184910577850741,-0.0449856126499704,"31",29.2631413255357,0.379981384878262,16.6993354070536,2.76056253720114,0,0,2.24856957530357,0.865474833230721,-0.0303899299598518
178,0.0039966070587794,29.05272485875,18.837077375,0,2.998074051,2,1,0,686.909638675,-0.000206979436691381,-0.0504923213020874,"31",29.2792566465179,0.295184061029842,16.6099121957143,2.7322909080292,0,0,2.24856957530357,0.865474833230721,-0.0291792341369136
179,0.00397388776680628,29.2038151171429,18.5183167971429,0,2.99811148314286,2,1,0,673.762204242857,-0.000229698728664502,-0.0561931851584188,"31",29.2499662764732,0.304028564881761,17.7058359068303,0.94405081660261,0,0,2.24856957530357,0.865474833230721,-0.0265912369415032
180,0.00396588388440393,29.34845750875,18.29999963875,0,2.998074051,2,1,0,660.5229501625,-0.000237702611066851,-0.0582093350588346,"31",29.25602500375,0.359968284680087,18.2904194749554,1.30637002322954,0,0,2.24856957530357,0.865474833230721,-0.0243965109520281
181,0.00397625090818943,29.5126790157143,18.2582337671429,0,2.99811148314286,2,1,0,647.2306035,-0.000227335587281352,-0.0555986945489071,"31",29.3064800145982,0.425026477530899,17.3826472794643,0.83228408384953,0,0,2.24856957530357,0.865474833230721,-0.0230700944596568
182,0.00397102424537492,29.6592632225,18.23421125625,0,2.998074051,2,1,0,633.853686725,-0.000232562250095861,-0.0569140292606267,"31",29.3549257032589,0.496036407911655,17.5349959257589,0.932142963857546,0,0,2.25003906267857,0.867174929008235,-0.022000724097851
183,0.00393403625290526,29.81451189,18.4298384085714,0,2.99811148314286,2,1,0,620.426961014286,-0.000269550242565521,-0.0662721515609181,"31",29.4158120716964,0.553182441561954,17.2636138125893,1.67706254474599,0,0,2.548216677125,1.30657123436994,-0.0218589169745861
184,0.0038865171094535,29.9716535475,18.81326332625,0,2.998074051,2,1,0,606.911673725,-0.000317069386017281,-0.0784246744964809,"31",29.4820752707589,0.604194888093434,16.836744062634,2.0725699264591,0,0,2.62317926830357,1.43495670762617,-0.0235570365738582
185,0.00385990012760936,30.1113413914286,18.8526137271429,0,2.99811148314286,2,1,0,593.349913871429,-0.000343686367861421,-0.0852967768098347,"31",29.5307260766518,0.645366787670258,16.6840922529911,1.75740678869349,0,0,2.62333351076786,1.43523823227847,-0.0263043979507837
186,0.00388166346571509,30.20649911625,18.07970929,0,2.998074051,2,1,0,579.711611675,-0.000321923029755691,-0.0796742963862096,"31",29.5273826516071,0.639812719575408,14.7522870878482,3.85095704759885,0,0,2.62345420716518,1.43508612099487,-0.0288048364475929
187,0.0039116710910419,30.12287735,9.53402630585714,0,2.99811148314286,2,1,0,566.072412128571,-0.000291915404428881,-0.0719734149125202,"31",29.4787407073661,0.593009857265382,16.4243588749107,1.7255686818879,0,0,2.53489566761161,1.53503791757825,-0.0302996712204703
188,0.00391071090245026,29.8241425225,16.52604269,0,2.998074051,2,1,0,552.5264568375,-0.000292875593020521,-0.0722189126580179,"31",29.4831007340625,0.609251779600458,16.7988456841964,2.12073558762115,0,0,2.24886476499107,1.93337590718859,-0.0316329692567862
189,0.00391120165507385,29.7007027985714,16.0916069157143,0,2.99811148314286,2,1,0,539.090342985714,-0.000292384840396931,-0.0720934311704466,"31",29.5386850179464,0.641602394394502,16.7250775898214,2.77448379754203,0,0,2.26062626208929,1.37029936974777,-0.0334171145692219
190,0.00393245566217128,29.6262033375,15.84108244375,0,2.997915161875,2,1,0,525.682114125,-0.000271130833299501,-0.0666740055848276,"31",29.6496938437054,0.715106553902719,15.7947182225893,3.58531576206243,0,0,2.24992615662054,0.86640592328917,-0.0377368852281355
191,0.00395389045358497,29.6083882614286,15.4357851757143,0,3.00049761842857,2,1,0,512.306292428571,-0.000249696041885811,-0.0612380677404607,"31",29.7856639768303,0.81627570038078,15.6806322047813,4.10457754644847,0,0,2.53489098858482,1.28422388069525,-0.0374926871808278
192,0.00394742465145001,29.62020141,16.48541154875,0,4.143359704125,2,1,0,498.9195709375,-0.000256161844020771,-0.0628747075475342,"31",29.8639727669643,0.855531942562291,16.4228222481875,3.6196542777671,0,0,2.62345888616071,1.43545648951984,-0.034903999908993
193,0.00392557288551045,29.6507218528571,16.7247285928571,0,4.49766872657143,2,1,0,485.536731285714,-0.000278013609960331,-0.0684257880335704,"31",29.875047450625,0.908080758349513,18.3385908079911,0.578274865256556,0,0,2.62380968652232,1.43605418841943,-0.0317939803467464
194,0.00390773334740899,29.66567918375,18.60645778,0,4.499034495875,2,1,0,472.1301056375,-0.000295853148061792,-0.0729805872351843,"31",30.0796024384643,0.825153712758487,16.5909287902928,2.90159732083532,0,0,2.48926372624286,0.922742318688552,-0.0327213148303318
195,0.0039226066826542,29.6713446485714,18.3181982328571,0,3.45204033,2,1,0,458.734049042857,-0.000280979812816581,-0.0691816838170789,"31",30.1830132947143,0.640948516884719,11.7699395676643,5.45181973529022,0,0,2.39827784534286,0.820882358080369,-0.0298766833761074
196,0.00397159329148821,29.7055227175,16.701592575,0,2.9971109255,2,1,0,445.3134135375,-0.000231993203982571,-0.056770739948937,"31",30.13895048525,0.410726388130122,9.76122829948215,6.84434359500401,0,0,2.39847795687143,0.82106493624943,-0.0262592338137337
197,0.00402731894975928,29.71971282,16.1178371157143,0,2.99811148314286,2,1,0,431.898595185714,-0.000176267545711501,-0.0428372057987856,"31",29.99069962125,0.249729474083618,13.55631387565,4.85900650947313,0,0,2.39847047044286,0.821058102106425,-0.0216603516962087
198,0.00408456923474034,29.77754872375,16.22404533125,0,2.998074051,2,1,0,418.441478,-0.000119017260730441,-0.0287218154408224,"31",29.8546050334643,0.243147690271549,18.0107528621357,1.9817921691418,0,0,2.39847795687143,0.82106493624943,-0.0146080605001619
199,0.00414237504571343,29.8581026728571,16.6679088685714,0,2.99811148314286,2,1,0,404.976862085714,-6.12114497573514e-05,-0.0146687821584006,"31",29.8835291626071,0.290314287569383,16.8687692555,1.71521931806539,0,0,2.39847047044286,0.821058102106425,-0.00509753803247993
200,0.00420040384224319,29.99876972875,16.15263500125,0,2.998074051,2,1,0,391.4470369875,-3.18265322759095e-06,-0.000757414793712385,"31",30.0299919826071,0.31869386665504,16.18299085025,2.96227481606915,0,0,2.39847795687143,0.82106493624943,0.00651866658207359
201,0.00425843520269455,30.17483763,17.4540194471429,0,2.99811148314286,2,1,0,377.857042185714,5.48487072237688e-05,0.0129636807902926,"31",30.2365221445714,0.3491976960267,15.4443311311143,5.35373774365932,0,0,2.39847047044286,0.821058102106425,0.0187718538619003
202,0.00431626296644836,30.370730915,18.469742265,0,2.998074051,2,1,0,364.16815265,0.000112676470977579,0.0264518848032251,"31",30.4705909985,0.467367355551796,15.1390105100643,6.28029911330628,0,0,2.39863715698572,0.82084699302793,0.0288914302294832
203,0.00437362017390841,30.6141842628571,17.5846503142857,0,2.99811148314286,2,1,0,350.390451928571,0.000170033678437629,0.0396529919245632,"31",30.6294427107857,0.556843365953937,16.4525340680857,3.69945665559814,0,0,2.49590834639286,0.708879322803807,0.03568446267859
204,0.00442990151266216,30.84757979125,17.20858939375,0,2.998074051,2,1,0,336.4969354,0.000226315017191379,0.0524392622961534,"31",30.6138728693571,0.438103695520172,19.0351441316786,2.67601982305362,0,0,2.69920716504286,0.670918464664634,0.0395764087281993
205,0.0044834846575772,31.0745220642857,17.1690653257143,0,2.99811148314286,2,1,0,322.516490014286,0.000279898162106419,0.064462479550742,"31",30.5207696791429,0.455646475623684,16.3046567521571,7.06534956015557,0,0,2.69789207981786,0.670170414008222,0.0408433420321618
206,0.004520575180157,31.2847550475,17.1876160525,0,2.998074051,2,1,0,308.420641725,0.000316988684686219,0.0727011479335422,"31",30.3436482394197,0.738488811917507,15.7693301078929,6.75756726763617,0,0,2.34948335480357,0.766866559793243,0.0439434576809122
207,0.00449914711457948,31.4407344642857,11.3885359247143,0,2.99811148314286,2,1,0,294.252899728571,0.000295560619108699,0.0679497587632421,"31",30.1114124469643,0.797427645494378,16.5710027686607,5.29648087552033,0,0,2.24859815802232,0.86544182959657,0.0425403404576395
208,0.00445021187970759,31.22809407,9.527627855,0,2.998074051,2,1,0,280.0763395,0.000246625384236808,0.0570136187500223,"31",29.9449875667857,0.765630795389698,18.4194884225446,1.17198131147048,0,0,2.24856957530357,0.865474833230721,0.0408512796677211
209,0.00439937075568703,30.9157896457143,18.0397705985714,0,2.99811148314286,2,1,0,266.0562885,0.000195784260216249,0.0455234311737742,"31",29.7921940567857,0.827044843626701,18.9933083108928,2.37415975827956,0,0,2.24856957530357,0.865474833230721,0.0381384041897999
210,0.00436087996481128,30.883786605,17.99160280375,0,2.998074051,2,1,0,252.0983546125,0.000157293469340499,0.0367357745364663,"31",29.6940246616071,0.887182531506556,17.9769008978571,0.970631351403697,0,0,2.24856957530357,0.865474833230721,0.0352744084681675
211,0.00435637520553036,30.9229671057143,17.4932254114286,0,2.99811148314286,2,1,0,238.1426464,0.000152788710059579,0.0357022474707716,"31",29.6394173277679,0.937041339889067,18.2979198829464,1.33001592256907,0,0,2.24856957530357,0.865474833230721,0.0314232102117085
212,0.00437674327894093,30.9783173625,17.53669719875,0,2.998074051,2,1,0,224.1505318875,0.000173156783470149,0.0403668148670224,"31",29.5170336633572,0.882828069977129,17.080044803,1.86775568260038,0,0,2.09860395136786,0.821117200543838,0.0322837823712899
213,0.0043954089410752,31.0474386371429,17.5352194971429,0,2.99811148314286,2,1,0,210.1463195,0.000191822445604419,0.0446224842651946,"31",29.5723531168452,0.856157753058476,14.3013425480625,3.58170084879719,0,0,1.99976364271131,0.773306669643479,0.0346163550545066
214,0.00440120882183384,31.12695756375,13.305487860875,0,2.998074051,2,1,0,196.091979425,0.000197622326363059,0.0459411459653003,"31",29.7388451253571,0.871576870706665,9.395865403175,5.33732098384806,0,0,2.33637934119286,0.774814681162189,0.0378441968029227
215,0.00441122696163568,30.9109151585714,5.11804271842857,0,2.99811148314286,2,1,0,182.061381342857,0.000207640466164899,0.0482147838416616,"31",29.6681177893214,0.903415410073542,9.53078056076785,4.66758324523192,0,0,2.39736886498572,0.820055582424973,0.0371961096648058
216,0.00442122001848863,30.35747720625,4.622984948875,0,2.998074051,2,1,0,168.2149578125,0.000217633523017849,0.0504775907202317,"31",29.2258974755357,0.830113218229755,14.1288005612321,7.56058980476258,0,0,2.32625737939732,0.78607219698064,0.0377453718907247
217,0.00439279538861056,29.9326821157143,4.48556792314286,0,2.99811148314286,2,1,0,154.5873947,0.000189208893139779,0.0440276978027576,"31",28.96841599625,0.679643544527323,13.5834913238348,7.88758733940263,0,0,2.248329350875,0.865752305920477,0.0436528396639327
218,0.00434448548784389,29.490569765,4.453387550875,0,2.998074051,2,1,0,141.156274475,0.000140898992373109,0.0329692477750365,"31",28.7383295679911,0.684979683786403,14.6909936344152,7.96520746610176,0,0,2.24842001183482,0.865647570859089,0.0507207245637988
219,0.00430457602102803,28.93038334,5.21156860957143,0,2.99811148314286,2,1,0,127.9481353,0.000100989525557249,0.0237405588346773,"31",28.5563364028571,0.898573737174934,16.1487286249688,5.65440484521997,0,0,2.17345274166072,0.960079748930161,0.0569860055461855
220,0.0043131219677309,28.35974310125,13.309631330625,0,2.998074051,0.75,0.375,0,115.0137011875,0.000109535472260119,0.0257239073616491,"31",28.3015221364286,1.31469286990394,17.8826262202991,6.82757679169791,0,0,1.87527980627232,1.43266950596997,0.0627462374550889
221,0.00435595005005335,28.0697921242857,15.2209933542857,0,2.99811148314286,0,0,0,102.281267622857,0.000152363554582569,0.0356046488492519,"31",27.735672865625,1.3605347055063,21.6089824135715,5.71552953554555,0,0,1.872927727875,1.4367569639937,0.0694879746097927
222,0.00439705208786565,28.03153469875,15.25651749125,0,2.998074051,0,0,0,89.61270432375,0.000193465592394869,0.0449962469163552,"31",27.0663935590625,1.69810715519421,19.5751266751339,10.1666637043716,0.000293233464285715,0.00058646692857143,2.55944869912053,0.717158912585697,0.0777044573763231
223,0.00440270076307965,27.8773282728571,5.46177541857143,0.00117293385714286,2.99844927728571,0,0,0,76.9686121528571,0.000199114267608868,0.0462800729412782,"31",26.165692486875,2.18574123739271,16.0464273239241,12.8769049920302,0.796408531651786,1.58896522323008,3.00274098630803,1.22371483629061,0.0849675140072664
224,0.00437983221470591,27.12481717,4.385513563625,3.17985286075,3.013545368875,0,0,0,64.530902485,0.000176245719235129,0.0410723271588536,"31",24.9109677776786,2.48558274110833,15.5495718536518,12.8736139095693,3.76525523845983,6.80859955549648,2.54416135659375,1.28728999445119,0.0900653815041422
225,0.00436348769740741,25.9403114685714,4.40195159428571,13.9477721857143,0.764719239285714,0,0,0,52.5194348871429,0.000159901201936628,0.0373335789195393,"31",22.8721915057738,2.6738685496566,15.2985694123363,12.1968895093956,8.25902782308333,9.15701550289822,-1.67996077335119,7.49064380047365,0.0937802571043088
226,0.00436735773155777,24.16330353125,4.26318678125,17.28330798625,-13.0164841865,0,0,0,41.19943173625,0.000163771236086989,0.038220098866927,"31",21.2033699266369,2.34646624486,14.4400237267411,11.4739016424144,8.62082934866072,9.46066040389677,-9.65447120431548,16.2555461733753,0.0977872464224789
227,0.00437475200947817,22.2034307714286,4.072624731,16.61795585,-26.9757687457143,0,0,0,30.7473524657143,0.000171165514007389,0.0399117453306763,"31",18.7946900281378,2.80068431926134,16.3342551968648,11.6127934417942,7.46196623920919,9.33831950822962,-17.8079208479592,25.5734149750903,0.109033774513846
228,0.00437481516671143,20.40136487,4.131556906875,18.93153245875,-31.50995164,0,0,0,21.2517474275,0.000171228671240649,0.0399261819834953,"31",17.1201531018112,2.92092331422829,15.5800486150459,10.9351346252207,7.9280666787755,10.0111104667184,-15.3359804037551,22.4141950821917,0.107515068246069
229,0.00435366376416526,18.50022118,4.15078128914286,21.5759322428571,-23.93219693,0,0,0,12.6803837611429,0.000150077268694479,0.0350796460335427,"31",14.173602133775,3.16671198058814,15.9497761910464,10.2702447258108,8.64933627160714,11.2823367229626,5.61750968259103,54.6970598110495,0.106277968853404
230,0.00431952338774658,16.12083614875,4.259610787625,23.25179136,26.512908397125,0,0,0,5.188745671125,0.000115936892275799,0.0272069802268264,"31",11.7826213006169,3.26657516132867,16.0151151001932,9.73673248023755,7.71737351693182,10.8898823418593,30.150509732961,105.590966837102,0.112884722037197
231,0.00429322501362949,13.5730821614286,4.07266027128571,23.21933666,129.621528788571,0,0,0,-1.33600819557143,8.9638518158709e-05,0.0211001130547324,"31",6.71696632123482,4.48179293924831,10.2385692686277,7.79502317178674,7.38535715978036,9.38014876622807,142.004127143344,216.933738547993,0.116023703146071
232,0.00430009746136215,11.611889995,3.594345758,15.80859322875,241.4673423375,0,0,0,-6.969536518625,9.65109658913688e-05,0.0226995989480852,"31",6.23928491259732,4.34583575322934,8.84279096701429,6.81315222726756,7.88401959485982,9.61471004002426,160.259486775969,213.767065355773,0.113002576961726
233,0.00434464970741318,10.7008973728571,3.12907895371429,8.43222051185714,323.270166257143,0,0,0,-11.6467163398571,0.000141063211942399,0.0330070466035366,"31",5.43483901811786,3.55496534515664,7.54523031937679,5.12606606354632,7.25151922554554,9.03627008514977,266.827152945336,263.658738502053,0.11897320105145
234,0.00439966031466338,9.905478326125,3.083252725375,2.84455847925,391.1783941375,0,0,0,-14.6520566425,0.000196073819192599,0.0455892472772881,"31",6.45119596720179,2.17977374230909,6.7030410636375,3.7664541076743,5.97335760304822,7.94845240272994,376.300989573821,261.038793995824,0.134193890233314
235,0.0044565422635626,8.979747424,3.148241566,0.00125735028571429,475.566205714286,0,0,0,-15.3801756185714,0.000252955768091818,0.058435098377049,"31",6.17024580533532,2.11124230899102,7.09801878559723,3.76886791409147,6.63692429779961,8.13151425113793,365.27152111377,274.390880413128,0.131668597171438
236,0.00451417997887992,8.45306097825,16.45446900375,0,471.985000325,0,0,0,-13.62886698625,0.000310593483409139,0.0712854588327243,"31",6.16084611960596,3.48447539191445,6.1250089249762,3.51449010933263,6.9572752910131,8.66020473061824,308.447441649238,266.601150744719,0.130100069492127
237,0.0045721374755223,8.98503514257143,19.0717476985714,0,360.543531242857,0,0,0,-10.2723553477143,0.000368550980051519,0.0840427241810655,"31",5.67973207974821,3.74527170500639,7.2702954142375,5.21169340029097,7.67262773407589,8.8758628947151,251.833806670068,250.529513964933,0.123066827453732
238,0.00463021059887003,10.270197770875,21.6992796225,0,144.66319776375,0,0,0,-6.0322041605,0.000426624103399249,0.0966642621951381,"31",6.49512324985459,4.39505316524908,8.59286500468027,6.73868042185895,8.26138024409269,9.52947737010979,164.126527516994,209.106610142353,0.122239057481502
239,0.00468824197062957,11.5362463514286,23.6488460085714,0,31.2982795931429,0,0,0,-1.30747443742857,0.000484655475158789,0.109119574985132,"31",7.04344802791071,4.61741713011239,9.94495455446854,7.71587121095495,8.13935618360034,9.77377288558992,141.41447960264,211.458118650139,0.121607443739679
240,0.00474607061755296,13.12322210125,25.89104696,0,-5.16264918875,0,0,0,4.0333894435,0.000542484122082179,0.121378946173278,"31",10.8235950720552,3.85340019401735,15.0568927613133,8.99289328915725,7.71737351693182,10.8898823418593,65.6495145297207,142.601560225539,0.116800398387087
241,0.00480350144521133,15.0895280871429,24.4119507642857,0,-29.3361113642857,0,0,0,10.1902839564286,0.000599914949740549,0.133407028369151,"31",13.5025833526766,3.89604934570959,14.9469411558849,10.3794068572645,9.61037363511904,11.5244129140429,-3.05090938225203,68.2456169844653,0.11960232361228
242,0.00486013965108124,17.04894878,26.2242814475,0,-36.931884735,0,0,0,17.33752030125,0.000656553155610458,0.145129080682565,"31",15.2751427726786,2.84108518410333,16.5635853111808,10.3830560083305,7.78546549892856,10.8625886081086,-5.17359952372321,21.8643538709999,0.109422486682482
243,0.00491518909705981,18.9261191414286,26.8010282157143,0,-32.0796156857143,0,0,0,25.4027836885714,0.000711602601589029,0.156392134482019,"31",18.0889087999702,2.43461679219428,14.6403726033423,11.6179700835912,9.49533313693452,10.5265051074467,-14.6244431771428,26.7471030855822,0.105202794696838
244,0.00496506774950522,20.7175961225,25.98776190375,0,-10.354233497625,0,0,0,34.35633564,0.000761481254034439,0.166488850780808,"31",19.7718022055655,2.40515274382083,14.7201910778006,11.7523619712417,8.73119756741072,9.59858901703086,-15.2532668893423,22.7489554737454,0.101735579214704
245,0.00498176094015065,22.4059322528571,28.4105427142857,0,-1.27943634942857,0,0,0,44.0841696628571,0.000778174444679869,0.169845338864146,"31",21.4633406092262,2.60479983733146,14.5093375517113,11.3981188228196,8.69509783041667,9.53948638155251,-7.03032388254167,13.6097511632683,0.103743961178034
246,0.00494030656600099,24.1673001475,27.7005280625,0,3.800798612,0,0,0,54.60993001625,0.000736720070530209,0.161489295227996,"31",23.125245700119,2.91119022898597,15.3621008847798,12.1271901775374,7.53876932966072,8.34623065561766,-0.161112504553571,6.75597655583446,0.0994249249227858
247,0.00488701982017807,25.96698888,28.3947340571429,0,4.498390437,0,0,0,65.9352294171429,0.000683433324707289,0.150644582253547,"31",25.3537376561429,2.36934948847739,13.3167601956464,12.2157558431771,3.64817476291786,5.90222924996105,2.63803815905,1.13441655380978,0.0949646869386711
248,0.00483110474509437,27.6366459,26.94597932625,0,2.742215726625,0,0,0,78.06846438125,0.000627518249623589,0.139137075719444,"31",26.5080196440714,2.04182222056676,13.9294969428536,12.1147836473388,0.637361412092857,1.42129792502344,3.00188264450357,1.05976987321379,0.0888362581138652
249,0.00477416469733142,29.1247418714286,26.0963257871429,0,-0.00351164814285714,0,0,0,90.8891561257143,0.000570578201860639,0.127280934897335,"31",27.0269290247917,1.48441828347383,20.054629551756,8.70782452487901,0.000195488976190477,0.000478848242005758,2.45581764549702,0.747713777178764,0.0783602475963522
250,0.00471670850357654,30.19666991875,10.447197343875,0,0.005877949375,0,0,0,104.34701841125,0.000513122008105759,0.115173114416332,"31",27.7004291430357,1.09133004079458,21.3713809604762,5.7112998481863,0,0,1.99814635603572,1.22511650360149,0.0707773054093421
251,0.00465905205119569,29.841305,10.1665954951429,0,1.198588407,2.57142857142857,0.857142857142857,0,117.937523185714,0.000455465555724909,0.102873914234872,"31",28.6457225025,1.06870216743225,16.543152541125,5.72960751684862,0,0,1.87526576921875,1.43266136541444,0.0650681132669151
252,0.00460143314508523,29.49303485,13.838012279875,0,1.498438771625,3,1,0,131.320876625,0.000397846649614448,0.0904297178012419,"31",28.8010209167857,0.860733710755464,14.5110384508214,8.57772652661077,0,0,2.17346677871429,0.960086083595386,0.0596969907922118
253,0.00454414979876525,29.2184532114286,11.18228121,0,1.49809484385714,3,1,0,144.596813214286,0.000340563303294469,0.0779025569764356,"31",29.0060386928125,0.786604068881177,14.155459638,7.71198034610353,0,0,2.24840597478125,0.865642165670461,0.052476465076539
254,0.00448786968590553,28.8613263425,15.192781285,0,1.809788241875,3,1,0,157.703458225,0.000284283190434748,0.0654400417809002,"31",29.2511027667857,0.914785630478133,13.4999565157857,7.72553691452265,0,0,2.24834338792857,0.865757712077933,0.0440811840719738
255,0.00443480850335107,28.7120690885714,14.9625522285714,0,2.99256602371429,3,1,0,170.7065951,0.000231222007880289,0.0535463466949704,"31",29.4724979196875,1.10452114564103,11.5575856249063,4.7521247927708,0,0,2.32624334234375,0.786068097901089,0.037613215118435
256,0.00440758356272423,28.65931125375,17.69639521,0,2.68761840475,3,1,0,183.6638176875,0.000203997067253449,0.0473885048268103,"31",29.6120239578571,1.11301197066274,8.9123449475357,4.90535441158985,0,0,2.62196118289286,0.748608191901452,0.0359718125340441
257,0.00443361105413773,28.72830461,19.2324507071429,0,1.50556209942857,3,1,0,196.626409414286,0.000230024558666949,0.0532762987600819,"31",29.9701971984226,0.963773668197477,10.047469146125,5.03359919487622,0,0,2.44666179282738,0.743803433002764,0.0369445357848807
258,0.00444169145889414,28.8967268075,18.4144504,0,1.498741455625,3,1,0,209.6321473125,0.000238104963423359,0.0550971734390151,"31",29.7074783787143,0.882788961014371,13.478720977675,3.31065391612325,0,0,2.09996808012857,0.819876232768115,0.0366644368929575
259,0.00440558783624004,29.1203482071429,18.5585484528571,0,1.49905574157143,3,1,0,222.734231057143,0.000202001340769259,0.0469356085009203,"31",29.5707208065,0.860554864989791,15.675216425,2.8572041294449,0,0,2.09860395136786,0.821117200543838,0.033748964984253
260,0.00435962121848151,29.35984104,18.88238160875,0,1.4990370255,3,1,0,235.9344710875,0.000156034723010729,0.0364470878467484,"31",29.4706527891429,0.872957115471951,17.3647744224286,2.20971725193956,0,0,2.09866680855714,0.821059810615511,0.0304147276198167
261,0.00434851563361033,29.6547816157143,18.6919677,0,1.49905574157143,3,1,0,249.261508114286,0.000144929138139549,0.0338964640277775,"31",29.4545839921429,0.865857399776566,18.3925035346071,1.2077203434434,0,0,2.09866306534286,0.821063227687014,0.0300235731249112
262,0.00438987543664886,29.953502225,18.27005488125,0,1.4990370255,3,1,0,262.724733375,0.000186288941178079,0.0433627629416229,"31",29.5406020260714,0.813713574862779,19.0539691594643,2.02936465521316,0,0,2.09866680855714,0.821059810615511,0.0322889828077192
263,0.00443651653391527,30.1997859314286,17.7927901828571,0,1.49905574157143,3,1,0,276.320069828571,0.000232930038444489,0.0539314144361756,"31",29.8834166401786,0.748010231951844,18.5388045971428,1.10954268129736,0,0,2.24856489628571,0.865480236061431,0.0351026158503853
264,0.00445479102887118,30.131294825,17.0266717625,0,1.499151356375,3,1,0,289.9515816375,0.000251204533400399,0.0580420629877993,"31",30.1285352235715,0.798731151114311,16.76253237375,5.33218294538917,0,0,2.24857425432143,0.865469430332555,0.0371290990645252
265,0.00442288173357709,30.0744031971429,18.9812261228571,0,1.90271085957143,3,1,0,303.548517614286,0.000219295238106309,0.0508533699948313,"31",30.3578711463839,0.732094960023859,15.2806915178036,6.51418215558568,0,0,2.24859347900447,0.865447232839358,0.0380666678466222
266,0.00438256418411317,30.15756593375,17.71567403875,0,2.996145072375,3,1,0,317.148004375,0.000178977688642389,0.0416958938885656,"31",30.5472359325893,0.535178343443943,16.0052138334107,8.13271343102261,0,0,2.34948803382143,0.766859641182052,0.0396064723975993
267,0.004378415102732,30.3072485171429,16.53108779,0,3.00270178242857,3,1,0,330.806393542857,0.000174828607261219,0.0407487208703907,"31",30.6685071926339,0.494776516438398,19.2537530139286,2.81825470192577,0,0,2.62284190800447,0.749203817758448,0.0418705831839452
268,0.0044021873226825,30.4022799225,15.8028764575,0,1.98622640525,3,1,0,344.52289295,0.000198600827211719,0.0461634467261423,"31",30.7258335674553,0.584342399992101,15.8791512485446,3.82457117538462,0,0,2.62448576453572,0.750289828037172,0.0416970789142638
269,0.00442251790333695,30.4319162142857,15.08101741,0,1.49985174214286,3,1,0,358.263658514286,0.000218931407866169,0.0507711057112372,"31",30.5865561194643,0.439533441890829,14.3024992208839,6.80340927879705,0,0,2.37036224122322,0.751633598436961,0.0373132433771733
270,0.00440579198110468,30.43281341875,14.9565171475,0,1.4990370255,3,1,0,372.008697575,0.000202205485633899,0.0469819451392848,"31",30.5173438971786,0.439547089938784,12.6862396397143,6.92255819435186,0,0,2.09882600867143,0.82091454729185,0.0284268834860158
271,0.00435875152836536,30.3925296328571,14.9232491128571,0,1.49905574157143,3,1,0,385.743403242857,0.000155165032894579,0.0362475804101345,"31",30.2386664255,0.319770429422695,13.7147448624357,4.88352804282624,0,0,2.09866306534286,0.821063227687014,0.0166009027882347
272,0.00430700788056417,30.3175839,15.0338533475,0,1.4990370255,3,1,0,399.4509105125,0.000103421385093389,0.0243053468160976,"31",30.0101758996786,0.296267853414624,15.4233927245714,2.57133767971883,0,0,2.09866680855714,0.821059810615511,0.00523908471067052
273,0.00426344994358311,30.2574839457143,19.6793574428571,0,1.49905574157143,3,1,0,413.134176442857,5.98634481123288e-05,0.014140589716809,"31",29.8731065308928,0.267230485602233,17.1840493334643,1.98811207298598,0,0,2.09866306534286,0.821063227687014,-0.00405720284868129
274,0.00426160235094004,30.30341797,18.12262884125,0,1.4990370255,3,1,0,426.8058153375,5.80158554692586e-05,0.0137071395595969,"31",29.8799453876429,0.216306197281488,16.6902180473214,3.07945384611861,0,0,2.09866680855714,0.821059810615511,-0.010656809614884
275,0.00429514070898122,30.4073082385714,18.2646081814286,0,1.49905574157143,3,1,0,440.5267218,9.15542135104391e-05,0.0215462271119957,"31",29.9898707890625,0.315401049771377,11.0643374447723,7.05982915166806,0,0,2.24856489628571,0.865480236061431,-0.0146154356480557
276,0.00434073231091018,30.47360376375,17.42017018375,0,1.4990370255,3,1,0,454.2741722375,0.000137145815439399,0.0321049799655535,"31",30.0140883261607,0.611993781478599,12.06484182975,6.54942132512804,0,0,2.24833347294643,0.865191496239544,-0.0167827535722933
277,0.00437904495273463,30.5303968242857,17.4136644828571,0,1.49905574157143,3,1,0,468.062048328571,0.000175458457263849,0.0408925639448308,"31",29.9390120790178,0.883341022105456,16.2338544380893,3.22072181259039,0,0,2.362047108,1.01360549545031,-0.0183627009260157
278,0.00439639271593991,30.57344381875,17.71588916625,0,1.4990370255,3,1,0,481.861243325,0.000192806220469128,0.0448462779504508,"31",29.8642857020089,0.897235391757751,18.2630346371429,0.694766601540472,0,0,2.62381436554018,1.4360493020602,-0.0197173465776277
279,0.00438664097461831,30.59658747,11.5311178311429,0,1.49905574157143,3,1,0,495.684049485714,0.000183054479147529,0.0426256909755471,"31",29.8581868541518,0.848978931286038,17.9690150819643,1.57967212902303,0,0,2.62345420714286,1.43546137635207,-0.0259798199525677
280,0.00435778286277019,30.31129533875,9.672563310375,0,1.4990370255,3,1,0,509.449503975,0.000154196367299408,0.0360253210732315,"31",29.8569870096429,0.886919526638704,16.1452708349732,3.20419995083845,0,0,2.53489566760268,1.2842188485967,-0.0286703128435429
281,0.00432020339263779,29.8893139071429,10.8561899971429,0,1.50015645642857,3,1,0,523.054606814286,0.000116616897167009,0.0273643937409709,"31",29.7551892016072,0.789496428447073,15.4988115508973,4.13541388671443,0,0,2.24964629888839,0.866728954625624,-0.0298652827328405
282,0.00430520950272838,29.53268042,13.18559025125,0,0.771220917625,3,1,0,536.4707259875,0.000101623007257599,0.0238877127179027,"31",29.6278433897321,0.664848002474501,16.1427275262947,3.81456094450811,0,0,2.44286014679018,1.13435890535338,-0.0289463041486954
283,0.00431331041639548,29.3087996114286,14.1331531585714,0,0.00302362957142857,3,1,0,549.762479314286,0.000109723920924698,0.0257675983457899,"31",29.5390709362053,0.59808299385998,16.5619549573661,2.53099371884637,0,0,2.44091408700447,1.65387669444294,-0.0281130533999597
284,0.00429604804985592,29.17109806125,13.9706764925,0,1.145285652875,3,1,0,562.964968775,9.24615543851388e-05,0.0217574530278544,"31",29.5131660949107,0.572851819580613,16.4649780414286,1.64875999484622,0,0,2.24933016178571,1.93409700004007,-0.0218583043117095
285,0.00426974438897431,29.0713198314286,14.3021187542857,0,1.49955724314286,3,1,0,576.126484114286,6.61578935035288e-05,0.0156158746195079,"31",29.5523272090625,0.617666964736827,14.6694265224018,3.86740268778016,0,0,2.53488630959821,1.53502196762264,-0.0215973700502851
286,0.00425795828290933,29.0102610775,14.31905185625,0,1.4990370255,3,1,0,589.24457355,5.43717874385485e-05,0.0128516803818277,"31",29.5459907651339,0.629479444153039,16.6798589775,1.76500669032442,0,0,2.62346356517857,1.43510241160882,-0.0204000480076047
287,0.00425735136110576,28.9336374928571,14.2506736071429,0,1.49905574157143,3,1,0,602.3382838,5.3764865634979e-05,0.0127091320035033,"31",29.5012311669197,0.58181074577406,16.8538386249107,2.04421811044982,0,0,2.62317458928572,1.43496159494475,-0.0183032125907619
288,0.00425652045396687,28.848977895,15.59271829125,0,1.4990370255,3,1,0,615.382768525,5.29339584960887e-05,0.0125139429896075,"31",29.4369769711607,0.525176786008855,16.9281026415625,2.18122765064373,0,0,2.54822135614286,1.30656622471131,-0.0163479050619457
289,0.00424500654330047,28.7883079742857,16.7854298557143,0,1.49905574157143,3,1,0,628.408712942857,4.14200478296885e-05,0.00980527254983077,"31",29.3700931834375,0.473344017953489,17.2368180346428,1.34927442382404,0,0,2.25003438366072,0.867180331818589,-0.0161217614613784
290,0.00422522853055724,28.78669647875,16.56808582875,0,1.4990370255,3,1,0,641.407462125,2.16420350864586e-05,0.00513526090348027,"31",29.3068828884821,0.424369811131858,17.4369832862054,0.765819621149851,0,0,2.24857425432143,0.865469430332555,-0.016895977217498
291,0.0042139230599302,28.7874537842857,18.5908811714286,0,1.49905574157143,3,1,0,654.423064771429,1.0336564459419e-05,0.00245596855969055,"31",29.2558356773661,0.360296929035422,17.7847206392857,1.52458066595279,0,0,2.24856489628571,0.865480236061431,-0.0172362062921989
292,0.00423842993245114,28.86220848,18.71101997,0,1.4990370255,3,1,0,667.434955225,3.48434369803587e-05,0.00825481312679965,"31",29.2312776025446,0.336385064751245,17.6758012071875,0.902403756602546,0,0,2.24857425432143,0.865469430332555,-0.0177495865130163
293,0.0042792607515173,29.0019492114286,19.2695038757143,0,1.49905574157143,3,1,0,680.511180357143,7.56742560465186e-05,0.017842184253106,"31",29.2443214636607,0.343292286200009,16.4702912192857,2.55991475931655,0,0,2.24856489628571,0.865480236061431,-0.0196661187159427
294,0.00429497867943556,29.18386235625,19.1037847475,0,1.4990370255,3,1,0,693.6454459,9.13921839647792e-05,0.021508502481038,"31",29.2176630393304,0.402831902906595,16.7407651891072,2.80948632223969,0,0,2.24857425432143,0.865469430332555,-0.0215894511008793
295,0.00428394641166026,29.3684253128571,18.8093214471429,0,1.49905574157143,3,1,0,706.878787557143,8.03599161894788e-05,0.0189365547177882,"31",29.2094334753572,0.517443169368969,16.6779489339732,3.08911354172374,0,0,2.24856489628571,0.865480236061431,-0.0221103828400985
296,0.00427090098751411,29.51817889375,18.93967754125,0,1.4990370255,3,1,0,720.176420225,6.73144920433286e-05,0.015886720315307,"31",29.2163854423661,0.673695641312778,16.9546047942411,2.9958979800491,0,0,2.24857425432143,0.865469430332555,-0.0215930192655584
297,0.00424920266896698,29.6897314242857,18.6556316,0,1.49905574157143,3,1,0,733.561663714286,4.56161734961984e-05,0.0107932693848944,"31",29.2175112383036,0.852450320036714,16.0958893364286,3.1160428652209,0,0,2.24856489628571,0.865480236061431,-0.0212276172693522
298,0.0042027507660127,29.840831175,16.33571425125,0,1.4990370255,3,1,0,747.0048403875,-8.3572945808099e-07,-0.000198833193328696,"31",29.2559094016964,1.05869909853623,15.3836467064732,2.53026621430527,0,0,2.24857425432143,0.865469430332555,-0.0254372225945497
299,0.00415097657012956,30.00063128,15.5972912957143,0,1.49905574157143,3,1,0,760.529175328571,-5.26099253412215e-05,-0.0125944634290498,"31",29.3297381408482,1.30105231060893,14.7084410715625,2.48814195407541,0,0,2.24856489628571,0.865480236061431,-0.0243912469966391
300,0.0041141931060987,30.12871954,16.03706833875,0,1.4990370255,3,1,0,774.10265825,-8.93933893720816e-05,-0.0214953589779041,"31",29.4663571700893,1.52960536975536,15.0546623984464,4.25000197636039,0,0,2.24857425432143,0.865469430332555,-0.0223947876036127
301,0.00409653028551287,30.2216567028571,17.0668377071429,0,1.49905574157143,3,1,0,787.739854314286,-0.000107056209957911,-0.0257977441780417,"31",29.6339598935268,1.64933193143322,15.4643044162947,3.24150350101606,0,0,2.24856489628571,0.865480236061431,-0.020555773197661
302,0.00407672197731214,30.3285574725,20.04064451625,0,1.4990370255,3,1,0,801.405511375,-0.000126864518158641,-0.0306448590990698,"31",29.7737246710268,1.63981036473544,16.2543657328214,1.79344698631835,0,0,2.24857425432143,0.865469430332555,-0.0179860167481252
303,0.00406876504302181,30.3697517928571,18.9714662285714,0,1.49905574157143,3,1,0,815.124364014286,-0.000134821452448971,-0.032598563427868,"31",29.6181607869643,1.45410824074165,17.5868088398929,2.33172168485609,0,0,2.09866306534286,0.821063227687014,-0.014039663688864
304,0.00407977734463201,30.3859959575,18.31784987125,0,1.4990370255,3,1,0,828.839743,-0.000123809150838771,-0.0298956731389506,"31",30.0704277814286,1.46540560933442,16.9826554387202,1.99882392330843,0,0,2.24856801563095,0.821056393544009,-0.0119761520901482
305,0.00410179027114497,30.40200891,18.5090807671429,0,1.49905574157143,3,1,0,842.579092371429,-0.000101796224325811,-0.0245145578988097,"31",29.8266483517857,1.24578313501608,16.8941382422143,1.71153063006749,0,0,2.09867055177143,0.821073478794866,-0.00767049515647411
306,0.00413844690220165,30.40016450125,16.05381202625,0,1.4990370255,3,1,0,856.30198835,-6.51395932691314e-05,-0.0156175149620417,"31",30.1585254371875,1.18202443620915,16.3283420111607,1.98483609364628,0,0,2.24856021726786,0.865464027366931,-0.00512693526215272
307,0.00416673231962486,30.3669437785714,17.2104714371429,0,1.49905574157143,3,1,0,870.035724928571,-3.68541758459214e-05,-0.0088059759573218,"31",30.1894157306696,1.07694807477091,16.1207348558482,1.37570814463012,0,0,2.24857893333929,0.865485638824686,-0.00181943866352255
308,0.00418692200442069,30.33256550875,20.21757543125,0,1.4990370255,3,1,0,883.73212875,-1.66644910500908e-05,-0.00397222946975084,"31",30.1808188390179,0.9412961090083,16.4630459224107,1.4891718572436,0,0,2.24856021726786,0.865464027366931,0.00182887040138503
309,0.00421214513149753,30.2989401871429,18.1985353014286,0,1.49905574157143,3,1,0,897.436809871429,8.55863602674915e-06,0.00203396190689276,"31",30.1349422907589,0.856616954804743,17.4096226510268,2.70739823292833,0,0,2.24857893333929,0.865485638824686,0.00249746244493814
310,0.00424327197234032,30.297590245,16.37815868375,0,1.4990370255,3,1,0,911.1100227875,3.96854768695389e-05,0.00939657461650345,"31",30.0024184869286,0.704923952854257,16.4904225346429,1.98629427434452,0,0,2.39847047044286,0.821058102106425,0.00750205933716103
311,0.00427578117895503,30.3155657285714,16.4428654657143,0,1.49905574157143,3,1,0,924.809078757143,7.21946834842486e-05,0.0170287288192048,"31",29.9542254776786,0.66718722573877,16.3842002877857,1.68371248713958,0,0,2.39847795687143,0.82106493624943,0.008179378297053
312,0.0042931310100626,30.2999827575,17.67301620375,0,1.4990370255,3,1,0,938.485566275,8.95445145918184e-05,0.0210782170223647,"31",29.8875998156786,0.666460706945808,16.7178091583571,1.20572552673794,0,0,2.39847047044286,0.821058102106425,0.00828806472219698
313,0.00430122840768921,30.29041469,18.4621846928571,0,1.49905574157143,3,1,0,952.177294985714,9.76419122184291e-05,0.0229625691748847,"31",29.7732699516786,0.700555217776317,17.1558372946786,1.29585339055967,0,0,2.39847795687143,0.82106493624943,0.00960363016566568
314,0.00432624501737353,30.2890763275,17.682946125,0,1.4990370255,3,1,0,965.849673,0.000122658521902749,0.0287618751790717,"31",29.6572873943571,0.734850862590689,17.6507128541071,1.16256951371313,0,0,2.39847047044286,0.821058102106425,0.0116072674953457
315,0.00436047886638326,30.2906139114286,17.3397842142857,0,1.49905574157143,3,1,0,979.545099928571,0.000156892370912479,0.0366437938195006,"31",29.5860269576429,0.764277794290252,17.8717266730357,1.84868911469492,0,0,2.39847795687143,0.82106493624943,0.0110899098166476
316,0.00437052339281394,30.32182193125,17.21962860125,0,1.4990370255,3,1,0,993.2285238125,0.000166936897343158,0.0389446821559778,"31",29.5834303921875,0.888384326077192,17.179069924375,1.57179024997586,0,0,2.24856957530357,0.865474833230721,0.00613389611565868
317,0.00433668891067692,30.3308521314286,17.1627499871429,0,1.49905574157143,3,1,0,1006.93648457143,0.000133102415206139,0.0311730440068265,"31",29.5992887750893,0.869008299659301,17.5832327867411,1.87719467010153,0,0,2.24856957530357,0.865474833230721,0.00106525468492986
318,0.00428604711427501,30.31801292875,18.12463156,0,1.4990370255,3,1,0,1020.626124875,8.24606188042287e-05,0.0194268007375644,"31",29.6518627274554,0.822274628961859,16.0739102308571,2.93223395032725,0,0,2.24856957530357,0.865474833230721,-0.00601273898298587
319,0.00424056442291454,30.32198399,19.2417127642857,0,1.49905574157143,3,1,0,1034.32908014286,3.69779274437586e-05,0.00875829039513665,"31",29.6896432494643,0.784125211436414,16.3470594609866,3.03044530296377,0,0,2.24856957530357,0.865474833230721,-0.0115965331879891
320,0.00422006390092724,30.32868948,19.41117846625,0,1.4990370255,3,1,0,1048.017395875,1.64774054564592e-05,0.00391218184649933,"31",29.6105780279018,0.747027319384754,18.0267516089286,1.77696933449771,0,0,2.24856957530357,0.865474833230721,-0.0146915489077454
321,0.00420559362890768,30.3684481285714,19.4872869585714,0,1.49905574157143,3,1,0,1061.74064742857,2.00713343689873e-06,0.000477367210023338,"31",29.5647588869643,0.750330443566593,18.1472312858036,1.73323040022766,0,0,2.24856957530357,0.865474833230721,-0.0165963539518698
322,0.00419655521008645,30.38133570375,19.23046404,0,1.4990370255,3,1,0,1075.446506625,-7.03128538433097e-06,-0.00167408767745147,"31",29.5709128195536,0.802944825615716,18.436580965625,1.32441700070965,0,0,2.24856957530357,0.865474833230721,-0.0179339732668104
323,0.0041909040252764,30.4052312385714,19.2276375028571,0,1.49905574157143,3,1,0,1089.19102414286,-1.26824701943808e-05,-0.00302161983751503,"31",29.5328535867857,0.775138775900643,17.7079382765357,2.33897574528769,0,0,2.09904886119286,0.821591772485755,-0.0197549921119093
324,0.00417042228018445,30.42690760375,19.17505393375,0,1.4990370255,3,1,0,1102.91698625,-3.31642152863309e-05,-0.0079207912896182,"31",29.5641655001429,0.781343161694612,18.5666920161071,0.817655950285863,0,0,2.34988115457857,1.24683322272314,-0.0215926673747645
325,0.00414237455491862,30.4459638985714,19.0751045628571,0,1.49905574157143,3,1,0,1116.67833185714,-6.12119405521616e-05,-0.0146689006399052,"31",29.5860508865714,0.776785410423717,18.3869263160357,1.19916123477489,0,0,2.39719115134286,1.34003608604987,-0.0208216267443254
326,0.00411622913145446,30.52482498,18.71011785875,0,1.4990370255,3,1,0,1130.436377625,-8.73573640163211e-05,-0.0210006029887086,"31",29.5827891531428,0.845774930828054,18.6432667027857,0.498149859838509,0,0,2.66658593337857,1.59969758450147,-0.0139503537244217
327,0.00408509660567326,30.6591225214286,18.5017696328571,0,1.49905574157143,3,1,0,1144.26628157143,-0.000118489889797522,-0.0285927107917354,"31",29.5350986024553,1.08774329262802,18.5963291555803,0.637520557765237,0,0,2.99810042529018,1.73096931533815,-0.00883624264570889
328,0.00405634190344906,30.74592560875,18.56281639875,0,1.4990370255,3,1,0,1158.1235265,-0.000147244592021721,-0.0356565290718134,"31",29.5828207397768,1.14096485746665,16.7478766624821,1.60848605392949,0,0,2.99833822762947,1.73122233343048,-0.00301953311573308
329,0.00404551149702426,30.8523477628571,18.2914812671429,0,1.49905574157143,3,1,0,1172.04945871429,-0.000158074998446521,-0.0383300932733261,"31",29.3875550078929,1.00239819635671,14.4592329258429,5.81199843012821,0,0,2.87477197062857,1.36451223648333,0.00150953005705725
330,0.00405763429425321,30.9519506725,17.382430928125,0,1.4990370255,3,1,0,1185.99671625,-0.000145952201217571,-0.0353379698964513,"31",29.3620094731786,0.92806338084217,14.6839199409643,5.4496608970327,0,0,2.69790816468214,1.25408313447853,0.0058040495902083
331,0.00409117246939021,30.8539105014286,4.738875147,0,1.49905574157143,3,1,0,1199.98774228571,-0.000112414026080571,-0.0271064914339973,"31",29.3952771091786,0.898432005393285,15.0679925365143,3.88849337812587,0,0,2.997892655675,1.49905112654695,0.00411008704448158
332,0.00412410437514411,30.39234911375,4.21224613925,0,1.4990370255,3,1,0,1213.81274775,-7.9482120326671e-05,-0.0190892128999867,"31",29.0939067755357,1.03093060704827,14.1143439045786,6.69276992439601,0,0,3.12102888014643,1.52403632501551,0.00740277670862769
333,0.00416176134765059,29.8647811257143,4.16605797357143,0,1.49905574157143,3,1,0,1227.44140928571,-4.18251478201915e-05,-0.00999970261277294,"31",28.7769255878571,1.13851828357389,14.3471160851714,7.37196958021605,0,0,3.29827736975,1.64247438724734,0.010792809124947
334,0.00420069620120058,29.352245435,4.200220814875,0,1.4990370255,0.75,0.25,0,1240.80878225,-2.89029427020127e-06,-0.000687814634439121,"31",28.6689663222322,1.30635837936359,13.3031278949107,6.44397558562879,0,0,2.99809744625446,1.73094426360223,0.0148958475889384
335,0.00422008292377727,28.6983740571429,4.18471408742857,0,1.49905574157143,0,0,0,1253.94013314286,1.64964283064888e-05,0.00391668955234259,"31",28.3674025778125,0.932700059247287,14.0340431549152,8.30596554506318,0,0,2.9981619806875,1.73104039561233,0.019266464069642
336,0.00419746423397644,28.07845847,13.994181158875,0,1.500910064125,0,0,0,1266.745118625,-6.12226149434084e-06,-0.00145749921755023,"31",28.0257992523661,0.543559630206997,13.7970488402812,8.2744816549154,0,0,2.99698431536161,1.72965986181935,0.0150539210807358
337,0.0041581091169211,27.6055999628571,4.49671403414286,0.00742608614285714,0.939331263428571,0,0,0,1279.33688271429,-4.54773785496815e-05,-0.0108776563962705,"31",27.3542941288839,0.522546959719966,19.9734437621295,5.88636075851662,0,0,2.54192969685714,1.41542258366403,0.0358043757829531
338,0.00415295890090083,26.87724800875,4.500233546125,9.401665125625,-0.00401651175,0,0,0,1291.644274,-5.06275945699516e-05,-0.0121170197475333,"31",26.48529512875,1.08021245091354,17.0663618993839,10.8727927608028,0.00217318132142857,0.00355247622070993,1.89966917521429,1.72487433112658,0.0410577367167183
339,0.00418714859430741,25.2334030957143,4.73041187128571,17.7410678385714,0.000337794142857143,0,0,0,1303.47704285714,-1.64379011633716e-05,-0.00391811244776274,"31",25.3895218979018,1.5808100074173,15.6515327470937,12.833699596762,3.34560317165625,4.45216860829324,1.52641874662054,1.81851463018296,0.0456545831555839
340,0.00423865593196568,23.1604698175,4.14665465075,16.79136764375,0.00684271325,0,0,0,1314.375191375,3.50694364948988e-05,0.00830813322119983,"31",23.7904612244643,1.60619772259705,15.6999079007143,12.6205333217901,8.31599509571427,9.64508863243463,1.86709873696429,2.24779833854624,0.0608835112540303
341,0.00429420640593107,21.0930123671429,4.04992685471429,17.4075898228571,-10.8611940581429,0,0,0,1324.39522728571,9.06199104602889e-05,0.0213286778571851,"31",21.9040751987053,1.37380529068351,15.2461271862232,12.5780223344129,8.60726021125,9.94481154379839,-3.60647158363839,2.65498055927251,0.0616399780534214
342,0.00434945315438384,19.1307540425,3.865243999875,17.56274960875,-39.312681875,0,0,0,1333.423960375,0.000145866658913059,0.0341120363708001,"31",20.6404798301531,1.4221768265182,16.9126415381633,11.8210520915682,7.5712760042602,9.44436682042857,-14.7168305029158,11.9777243295424,0.0715926990310131
343,0.00439551086089829,17.2464824357143,3.75534006,19.87717052,-49.1888486671429,0,0,0,1341.578821,0.000191924365427509,0.044645671786653,"31",18.7756911501276,1.4127686263606,16.8881760098342,11.9878466880486,7.76531111242347,9.69242155907942,-35.2087508851276,13.041653880284,0.0748234420988142
344,0.00441846869606652,14.97617148875,3.774531450375,21.26721327875,-27.802506975875,0,0,0,1348.5894055,0.000214882200595738,0.0498550976579653,"31",16.9053860826275,1.37048286232413,16.6194911913265,11.7894055228491,8.47250896015306,10.5792662455817,-40.2155727341735,10.2882684867835,0.0766461556388615
345,0.0044412656003645,12.5322192657143,4.13407241671429,22.1140784057143,65.5200288128571,0,0,0,1354.52753685714,0.000237679104893719,0.0550012912868141,"31",15.2540389973661,1.36173503651917,14.5210798270603,11.2225859671984,10.4606418335714,11.1980904666476,-13.6033388776317,37.5789008703226,0.0782412210200712
346,0.00448737335915071,9.846169917,4.203135803,20.9557722775,237.497921775,0,0,0,1359.448291625,0.000283786863679929,0.065329442715945,"31",13.6386144654365,1.76150684749309,12.842117805625,10.3306770912994,12.1405212484127,11.5404740420712,42.9940669519861,71.8060333575379,0.0795474012811521
347,0.00454305182430574,8.49289281757143,3.95192052614286,2.89777324742857,406.265067957143,0,0,0,1363.51670742857,0.000339465328834959,0.0776609040482334,"31",12.3754742148344,1.75455250344254,14.600001098086,10.0429872995837,9.96643913496754,11.4654831504314,94.2191143641185,95.1651657669509,0.0746746516751593
348,0.00459996336672352,8.0174232045,9.6324202405,0.007360451,505.6563129,0,0,0,1366.467743,0.000396376871252739,0.090110249263966,"31",10.7928862921533,1.87600680904164,13.3181575539568,9.58558833990285,8.82794077084971,10.6320168875834,216.286966300619,141.302963884551,0.0748476602759903
349,0.00465680162753141,7.55534888871429,15.7758057357143,0,534.0331952,0,0,0,1367.63253242857,0.000453215132060629,0.102390775762038,"31",10.1316509352723,2.00977782826977,13.132071341452,8.80831837473975,6.76764658311049,9.83627862743631,287.642586461402,175.997282507908,0.0749296077769217
350,0.00471287077460289,7.480625181875,19.80968077125,0,517.909154775,0,0,0,1366.6478185,0.000509284279132109,0.114359137675497,"31",10.5793891315646,1.95414215803401,13.0346392990756,9.2342579009525,8.14943459239973,10.4692224839082,238.546146808264,157.301541065815,0.0717951424783951
351,0.00476700427726084,8.60579842828571,22.2886059671429,0,404.177005085714,0,0,0,1363.91585514286,0.000563417781790059,0.125779982281605,"31",11.4063247393173,1.95334798981052,14.3010536426223,9.81820353999684,8.14886840386127,10.4696996999881,169.103938166409,143.292832902184,0.0821237062767924
352,0.0048128334429432,10.40740495425,21.34998694375,0,218.632792425,0,0,0,1359.757005125,0.000609246947472419,0.135347892653882,"31",12.9902085993831,2.13861843859712,13.0392742794205,10.221516495621,11.8382239557468,11.3558619911923,71.6973107583133,92.040816265044,0.0801904008550432
353,0.00481102393764793,12.2350414771429,20.42489201,0,40.4303306928571,0,0,0,1354.81178371429,0.000607437442177149,0.134971846915166,"31",14.6386333608393,1.77581174408408,14.5958946326946,11.1228028451896,10.5799213074286,11.1697306556452,1.89441896668035,46.5448172982298,0.0783815246834443
354,0.00476354583066857,13.702788305,23.05530721375,0,-12.03663765525,0,0,0,1349.133348375,0.000559959335197788,0.125054222145551,"31",16.6642342583928,1.44053437436654,15.0138712237076,11.8219490923599,10.0718469999777,10.788662349527,-38.6639395143862,10.4875060842258,0.0779857085379063
355,0.00470939298687617,15.1157592628571,26.2783572914286,0,-36.6245805542857,0,0,0,1342.81533042857,0.000505806491405389,0.113620931253162,"31",18.4765330585714,1.65745892708007,11.4517402907589,11.5486550508722,12.372391384494,9.61669493367736,-40.6213528545238,11.8073229770461,0.0760808491951542
356,0.00465353115604869,16.91064777625,26.60447819625,0,-31.661165895,0,0,0,1335.63676925,0.000449944660577909,0.101688229113491,"31",19.83165637525,1.1667744198968,13.083176134575,12.375132269787,10.5848016874643,9.66460622856021,-25.5795532695214,12.017039384656,0.0738095363779136
357,0.00459825066835986,18.8545344314286,26.0444465942857,0,-16.6855534471429,0,0,0,1327.61051442857,0.000394664172889079,0.0897378512441591,"31",21.7418626323929,1.24381281384336,13.0068871199214,11.9885764274328,10.3673261335714,9.46908748168666,-5.05741607853929,3.97654258923533,0.0696811502779038
358,0.00455316021293036,20.64236913625,25.800373795,0,-3.84315579225,0,0,0,1318.662950125,0.000349573717459578,0.0798834539452766,"31",23.2722279049107,1.28843033795496,15.5539685955804,12.7918751345567,8.07857004700893,9.3426917104119,1.86872496674107,2.24599922751117,0.0583419680598701
359,0.00450340269672837,22.3185669271429,25.8085380685714,0,0.00128697285714286,0,0,0,1308.97958042857,0.000299816201257589,0.0688951758862846,"31",24.5873529255952,1.41134904159821,15.8494984960893,12.2000254673855,6.20745465730952,8.25054777720147,2.26279991220536,1.87729739692942,0.0538309935656291
360,0.00444659419226937,23.878468515,26.7212451575,0,0.001824155125,0,0,0,1298.5103625,0.000243007696798588,0.0562003634026498,"31",26.0025332714583,1.12706269294472,16.6089365657113,10.9936629346114,2.23061322096131,3.85704155627111,2.12719937813095,1.706993831293,0.0554088993451013
361,0.00438927121812231,25.3649067671429,26.1154810328571,0,0.724109642857143,0,0,0,1287.40552785714,0.000185684722651529,0.0432251143665399,"31",26.9220476664286,0.69312056568901,18.4143028468643,9.88447127343593,0.00173854505714286,0.00322639254976721,2.80846775116071,1.6397257801102,0.0359072701447065
362,0.00433231222552908,26.83706682,26.0756782325,0,2.670767284375,0,0,0,1275.576269125,0.000128725730058299,0.0301633116628208,"31",27.7192312107143,0.438193553713063,17.6831331653714,5.84089336948483,0,0,3.29735545627143,1.64077878764758,0.0290986158555111
363,0.00427666966883835,28.1254635942857,23.6891556557143,0,4.49271470142857,0,0,0,1263.16022771429,7.30831733675684e-05,0.017236503147652,"31",28.1210067197857,0.682129837308229,13.3197212152893,7.28462997459616,0,0,3.29795928635357,1.64216675417304,0.0230760125089943
364,0.00422752628220791,28.97105876375,23.78232483875,0,4.49740664675,0,0,0,1250.22647475,2.39397867371292e-05,0.00567893020509835,"31",28.3317121172857,1.11436419577234,12.8847516042536,5.61270463461748,0,0,3.297903915575,1.64213328956539,0.0179077106831876
365,0.00421777824670486,29.7284410014286,13.5181440328571,0,4.497167225,2.85714285714286,0.714285714285714,0,1236.965958,1.41917512340786e-05,0.00337041911045421,"31",28.5406753618571,1.06351521753001,13.5706733954286,6.71601801920344,0,0,2.69867004590357,1.64264821233108,0.0218933422028855
366,0.00422685934536247,29.5206037075,9.54268605,0,4.499034495875,4,1,0,1223.51690875,2.32728498916887e-05,0.00552115721947199,"31",28.7995173560714,0.966346558043592,13.1357668443143,6.11240735066496,0,0,2.52139909703214,1.43441007408292,0.0189521396226866
367,0.00423335744906098,28.9786493471429,11.4200148742857,0,3.61275461571429,4,1,0,1210.331363,2.97709535901991e-05,0.00705731284778111,"31",29.1890915533572,0.964934772166662,12.6027893425714,5.70517033825486,0,0,2.39828533182857,1.34068755882399,0.0152337023649673
368,0.00426441157710153,28.702653445,14.3693730875,0,2.9971109255,4,1,0,1197.280264125,6.08250816307486e-05,0.0143661171828944,"31",29.5179868096071,0.891602526639969,13.3639828251,4.92732850069102,0,0,2.39847047051786,1.34078052243387,0.0126319004762476
369,0.00428659883523787,28.5949141357143,19.0531701285714,0,2.99811148314286,4,1,0,1184.35845971429,8.3012339767089e-05,0.0195555173447826,"31",29.6666050230357,0.860848022913817,11.8463023927,6.24207642783688,0,0,2.39809327315357,1.34058039322261,0.00705418302244233
370,0.00425854193509695,28.74753601875,18.30734317125,0,2.996150632125,4,1,0,1171.388142875,5.49554396261686e-05,0.0129887442366705,"31",29.5475597551786,1.08123050165964,13.4972053644911,6.23451047079191,0,0,2.84442730525446,1.57365377383524,0.00255309498247664
371,0.00420823230027626,28.9646012557143,17.5247202857143,0,3.88252409314286,4,1,0,1158.36732142857,4.64580480547851e-06,0.00110458993000151,"31",29.8154417135714,1.11665267282457,17.1108646097357,1.61221021846441,0,0,2.69847798720357,1.64238512376596,0.000244166479874952
372,0.00415733591009905,29.19262957625,17.6975642575,0,4.498074202375,4,1,0,1145.212286625,-4.62505853717314e-05,-0.0110636252297294,"31",29.75990338625,1.06774297332164,18.5774172510357,0.553726147881337,0,0,2.69829148854643,1.64213826176079,-0.00686059583110623
373,0.00412655821812776,29.4032111985714,19.3763560985714,0,4.49721657328571,4,1,0,1131.99591914286,-7.70282773430216e-05,-0.0184943896433634,"31",29.5671532242857,0.997117269389862,18.4822192521428,0.457856882830181,0,0,2.95846848133036,1.68643816088453,-0.0132453287979931
374,0.00412868366357025,29.64777105,17.80081020125,0,4.33861393325,4,1,0,1118.64286775,-7.49028319005311e-05,-0.0179794573207444,"31",29.6064979901339,0.90192109961399,18.3031608905357,1.35659505518609,0,0,2.62172968280357,1.4346237375996,-0.018227293712185
375,0.00412754717703373,29.9228227857143,18.9442877542857,0,2.99182921814286,4,1,0,1105.20046128571,-7.6039318437051e-05,-0.0182547612791994,"31",29.6301248486607,0.894963015947922,18.3348712309822,0.736531839700034,0,0,2.56258750783036,1.3308509166283,-0.0210407725328976
376,0.00411914555018608,30.15650675375,18.09026215875,0,2.99803087125,4,1,0,1091.610403,-8.44409452847011e-05,-0.0202923367845704,"31",29.6369608264732,0.86545664128316,17.6156533124554,2.68988101843785,0,0,2.24905182011607,0.86603202572629,-0.0216142556979531
377,0.00411817205679637,30.2631994085714,13.6758014757143,0,2.99811148314286,4,1,0,1077.96867985714,-8.54144386744108e-05,-0.0205286985268405,"31",29.6141011490625,0.771187795594719,18.1960007949107,1.23430293130849,0,0,2.24856957530357,0.865474833230721,-0.0200587452405355
378,0.00412476636819106,30.1485560825,16.5008841825,0,2.998074051,4,1,0,1064.302584875,-7.88201272797209e-05,-0.0189287077707592,"31",29.4558497232857,0.712990085866594,18.2889565991071,1.54192237029048,0,0,2.09866680855714,0.821059810615511,-0.020081779787722
379,0.00412933519803751,30.0700915685714,15.6353386514286,0,2.99811148314286,4,1,0,1050.71131885714,-7.42512974332716e-05,-0.0178216629480863,"31",29.4459888551786,0.747764744441001,18.2903327363929,1.64961407553617,0,0,2.09866306534286,0.821063227687014,-0.0196173482629593
380,0.00412766356412894,30.0544430775,15.48623649125,0,2.998074051,4,1,0,1037.1122845,-7.59229313418413e-05,-0.0182265640360164,"31",29.4811602560714,0.825705959663924,17.1542054353964,3.08346956802245,0,0,2.09866680855714,0.821059810615511,-0.0178507468499562
381,0.00414633582112212,30.1223152814286,15.6200342857143,0,2.99811148314286,4,1,0,1023.52756985714,-5.72506743486611e-05,-0.0137130785084061,"31",29.4324591417143,0.858179762501552,16.8986595258286,2.97532378212894,0,0,2.09866306534286,0.821063227687014,-0.0149792232679585
382,0.00419152092252843,30.18627164125,15.48318180125,0,2.998074051,4,1,0,1009.88610625,-1.2065572942351e-05,-0.00287443158536416,"31",29.6015463251339,0.871519108814854,17.5690131332143,1.88107845620877,0,0,2.24857425432143,0.865469430332555,-0.00387470611935443
383,0.00423930290479645,30.2479216842857,16.7466998842857,0,2.99811148314286,4,1,0,996.242083985714,3.57164093256687e-05,0.00846075788692868,"31",29.5912323971428,0.896762730121788,17.1490310211161,1.56884037324918,0,0,2.24856489628571,0.865480236061431,0.00399844602726613
384,0.0042589339289296,30.28796996625,17.9266038375,0,2.998074051,4,1,0,982.5528297625,5.5347433458819e-05,0.0130807888353246,"31",29.6299379369643,0.875713201650383,17.5961971557589,2.08472619667785,0,0,2.24857425432143,0.865469430332555,0.0110501436538263
385,0.0042556360525248,30.35828705,19.9002074185714,0,2.99811148314286,4,1,0,968.8635514,5.20495570540186e-05,0.0123061457237092,"31",29.6888128213839,0.844218349078332,17.4919127825447,1.24193492288547,0,0,2.24856489628571,0.865480236061431,0.0146594539840999
386,0.00426125738530666,30.4351039825,17.92467396,0,2.998074051,4,1,0,955.1215678125,5.76708898358787e-05,0.0136261888843192,"31",29.7826671480804,0.806338587934358,17.3739279959821,1.62878666802691,0,0,2.24857425432143,0.865469430332555,0.0149394467819188
387,0.00428254967728465,30.5486030471429,18.4971347028571,0,2.99811148314286,4,1,0,941.357171371429,7.89631818138691e-05,0.0186104623829815,"31",29.8948118277678,0.766246739146289,16.9681729965179,1.45475002017756,0,0,2.24856489628571,0.865480236061431,0.00731339013345749
388,0.00431058536645103,30.65430572625,18.2238900075,0,2.998074051,4,1,0,927.5168676625,0.000106998870980249,0.0251356217912093,"31",29.9869010704911,0.76946831460979,16.7904826441518,1.65808884168852,0,0,2.24857425432143,0.865469430332555,0.00780131830428794
389,0.00431595999582409,30.7973371557143,18.8967828214286,0,2.99811148314286,4,1,0,913.6489914,0.000112373500353309,0.0263816895316946,"31",30.0723041659375,0.79339684214036,16.3552854857589,1.92919714279345,0,0,2.24856489628571,0.865480236061431,0.00852582464454748
390,0.00428816114652538,31.01962608375,19.06937016,0,2.998074051,4,1,0,899.6670944125,8.45746510545987e-05,0.0199199150122809,"31",30.1463215779018,0.8400395054569,17.082149475625,1.88653865286711,0,0,2.24857425432143,0.865469430332555,0.00740508961773963
391,0.00425507076988954,31.2509696571429,19.1394525185714,0,2.99811148314286,4,1,0,885.615649914286,5.14842744187586e-05,0.0121733053769315,"31",30.0662560889643,0.847170186747902,16.6721468736071,2.44028691581276,0,0,2.39846672722857,0.821063227687014,0.00399920217941071
392,0.00424357662013955,31.43198709625,16.71908075,0,2.998074051,4,1,0,871.4373902,3.99901246687685e-05,0.00946836752970626,"31",30.05974819825,0.969645957952045,15.9877604931072,1.58826406380911,0,0,2.39848170008572,0.821059810615511,-0.000391014239908789
393,0.00425709217874739,31.6189583628571,17.1492756742857,0,2.99811148314286,4,1,0,857.211598057143,5.35056832766086e-05,0.0126482513713979,"31",30.20685325,1.02935135561326,16.2734360141786,1.72329744429213,0,0,2.09865557891429,0.821052976365847,-0.00407787729216382
394,0.00427054798976573,31.71993253375,15.49287254875,0,2.998074051,4,1,0,842.887238025,6.69614942949487e-05,0.0158040650793501,"31",29.9225417781547,1.13875097844839,17.1632953297024,1.66677620111335,0,0,1.99873475007143,0.774113888799815,-0.00598608888224055
395,0.00424613608848285,31.7410973785714,16.1139999285714,0,2.99811148314286,4,1,0,828.559309942857,4.25495930120685e-05,0.0100713251204727,"31",29.736293862,1.35901653006531,17.15638654075,2.18351840543973,0,0,2.09865932212857,0.821049559294343,-0.00997183598009171
396,0.00421503580823908,31.80498305875,16.28903096,0,2.998074051,4,1,0,814.189645,1.14493127682984e-05,0.00271999838979031,"31",29.8990868711607,1.53672496037067,16.9297254544732,2.92061387761742,0,0,2.24857425432143,0.865491041655398,-0.0131219061140629
397,0.0042286946982977,31.8359806957143,14.7000001898571,0,2.99811148314286,4,1,0,799.8236624,2.51082028269187e-05,0.00595527493929637,"31",29.7312547927232,1.56927884546208,15.3414427456696,3.21468635695173,0,0,2.24856489628571,0.865458624468763,-0.0161672654670624
398,0.00423489140553044,31.6661011825,11.04830824125,0,2.998074051,4,1,0,785.4529639625,3.13049100596589e-05,0.00741959706411688,"31",29.5426199696875,1.50289478405903,14.9893106130893,4.1235110744485,0,0,2.24857425432143,0.865491041655398,-0.018186593574264
399,0.00419838938610426,31.3007414871429,9.14833302842857,0,2.99811148314286,4,1,0,771.2306763,-5.19710936652124e-06,-0.00123711612099164,"31",29.3557210842411,1.35921166823685,15.5228535457143,3.40076740411325,0,0,2.24856489628571,0.865458624468763,-0.0180631402080174
400,0.00414785169437495,30.85819714375,11.0210976175,0,2.998074051,4,1,0,757.179461725,-5.57348010958312e-05,-0.0133475518717532,"31",29.2407060327679,1.16685853511489,15.4146997575446,1.11421428043037,0,0,2.24857425432143,0.865491041655398,-0.0207163019141232
401,0.00410516614715,30.5020687114286,13.8461323614286,0,2.99811148314286,4,1,0,743.3288539,-9.84203483207812e-05,-0.0236918714018666,"31",29.1970126654018,0.969020041125197,15.4584509876786,2.47344484934218,0,0,2.24856489628571,0.865458624468763,-0.022234005552806
402,0.00409496003244689,30.26648176625,14.14534948625,0,2.998074051,4,1,0,729.5926709,-0.000108626463023891,-0.0261811305914836,"31",29.1751343610268,0.784420694629046,16.7246322984375,2.83207087585802,0,0,2.24857425432143,0.865491041655398,-0.0227372469540671
403,0.0041111268201752,30.0969742571429,16.6603213342857,0,2.99811148314286,4,1,0,715.9638289,-9.24596752955812e-05,-0.0222409314342862,"31",29.1786670858929,0.609085281870912,16.6101297041072,3.11775334412482,0,0,2.24856489628571,0.865458624468763,-0.0240421412923315
404,0.00414714356152315,29.94610083125,15.28242097375,0,2.998074051,4,1,0,702.3950705,-5.64429339476313e-05,-0.0135182892416008,"31",29.1415222314643,0.405273993953529,16.0571708535714,3.04429684323655,0,0,2.09867055177143,0.821073478794866,-0.0248116671319313
405,0.0041937189011281,29.82068481,15.4758676142857,0,2.99811148314286,4,1,0,688.909100385714,-9.86759434268118e-06,-0.00235018215569749,"31",29.1922459209643,0.295722411863335,16.0278042504286,2.84818493021441,0,0,2.09865932212857,0.821049559294343,-0.0236157735976576
406,0.00422220069000064,29.69707898625,15.1156956,0,2.998074051,4,1,0,675.4556195875,1.86141945298585e-05,0.00441839414188383,"31",29.2363105823809,0.236470543567556,17.1462988224107,1.94122419903528,0,0,2.24857113497619,0.821066644758517,-0.021279247668821
407,0.00421325457243709,29.5887720342857,16.78103486,0,2.99811148314286,4,1,0,662.073593114286,9.6680769663092e-06,0.00229731817689149,"31",29.2621641011012,0.282892298805406,18.0821611161905,1.13534836785729,0,0,2.24856801563095,0.821056393544009,-0.0198841625468103
408,0.00417210864550969,29.5630392925,19.7362353975,0,2.998074051,4,1,0,648.7097602625,-3.14778499610913e-05,-0.00751650982568375,"31",29.3165878327679,0.347860015366384,17.3941917414583,0.835953817196417,0,0,2.24857113497619,0.821066644758517,-0.02005383896762
409,0.00411996380012286,29.6482117114286,17.9509740285714,0,2.99811148314286,4,1,0,635.347169228571,-8.36226953479209e-05,-0.0200937109659733,"31",29.368452446875,0.419401440578512,17.5252521605952,0.856630583219129,0,0,2.24954767388095,0.822132339232287,-0.0200458132278061
410,0.00406884288051981,29.7247904625,18.24770049,0,3.0039520005,4,1,0,621.9266369625,-0.000134743614950971,-0.0325794331141891,"31",29.3196398231071,0.454583079001283,17.0696090562857,1.37406254677234,0,0,2.33838823322857,1.22495478622122,-0.0200145838695873
411,0.00404038800866296,29.80059149,18.5964318842857,0,4.19669989042857,4,1,0,608.488748314286,-0.000163198486807821,-0.0395973583232188,"31",29.3661277186786,0.516064477960303,16.6719335196429,1.81724250869525,0,0,2.39834707652857,1.34053910067123,-0.0213181960871345
412,0.00404511731104919,29.88614278125,18.11496653625,0,4.496512823,4,1,0,594.993349875,-0.000158469184421591,-0.038427535876365,"31",29.5069366454464,0.613100336117114,16.8773183622768,1.98920662706409,0,0,2.62334286880357,1.43524149023956,-0.0204051600648786
413,0.00403167814156531,29.9579886642857,17.96075786,0,4.497167225,4,1,0,581.486418428571,-0.000171908353905471,-0.0417553857972166,"31",29.5482880931696,0.666562834042113,16.8887078338839,1.83247819936948,0,0,2.62344484912947,1.43508286364909,-0.0237178904537312
414,0.00400950186740963,30.030271765,18.2904793125,0,4.497111076875,4,1,0,567.9282639625,-0.000194084628061151,-0.047271076231068,"31",29.5534244142411,0.665402396708752,14.676354778875,3.83740502000228,0,0,2.53490502564732,1.53504168258049,-0.0261322968512653
415,0.00399317420979373,30.1080596971429,17.8610460614286,0,4.497167225,4,1,0,554.353818271429,-0.000210412285677052,-0.0513516312119791,"31",29.5139606650446,0.626820733134069,16.9074546277678,2.08323542319089,0,0,2.24885540695536,1.93337107187786,-0.027574374916663
416,0.00398979425663588,30.18078821125,18.80005108375,0,4.49528692175,4,1,0,540.7248312875,-0.000213792238834901,-0.0521984222996181,"31",29.5573098832143,0.646055637447853,16.7877087078125,2.75060163584759,0,0,2.26067534240625,1.37033458299827,-0.0295494829090994
417,0.00401212882165137,30.2802142757143,18.9483154471429,0,3.77431322728571,4,1,0,527.074741085714,-0.000191457673819411,-0.0466161085887062,"31",29.6449957424643,0.619389536844403,15.8039910668214,3.10504376192523,0,0,2.39952395767143,0.821518063300639,-0.0325510545463966
418,0.00406144470498054,30.40357350375,18.359706965,0,3.000013526125,4,1,0,513.3586010375,-0.000142141790490241,-0.0343993385779031,"31",29.75020883375,0.71134720785868,15.6316627989679,3.55635454357904,0,0,2.62801231455357,1.13149508994156,-0.0339913098626298
419,0.00411658315484586,30.5084613785714,17.9210306657143,0,2.99811148314286,4,1,0,499.604755528571,-8.70033406249211e-05,-0.0209145999630822,"31",29.8152184955714,0.748889894078927,16.4353401083,3.13483752402373,0,0,2.92743904975357,1.4168349230832,-0.0317961435047107
420,0.00417214747869811,30.4641557125,20.2592543775,0,2.998074051,4,1,0,485.828288625,-3.14390167726712e-05,-0.00750720206069833,"31",29.8301823310714,0.792794041681857,18.0158183649643,0.878471180362818,0,0,2.99858149453214,1.49965271461512,-0.0277237794926549
421,0.00422273803952806,30.5851708157143,18.0257319,0,2.99811148314286,4,1,0,472.053254,1.91515440572786e-05,0.00454565368339832,"31",29.9532103441518,0.89517509807159,16.232228012866,3.21992458993391,0,0,2.36205178701786,1.01360018369625,-0.0289946179789588
422,0.00424501556660092,30.79241764375,11.434768517,0,2.998074051,4,1,0,458.17418015,4.14290711301391e-05,0.00980739817450438,"31",30.0306622074554,0.626908533840823,11.8537323303304,6.29150032882712,0,0,2.24832879392857,0.865196899137121,-0.0259082752210462
423,0.0042663177926677,30.6313790014286,4.40681237814286,0,2.99811148314286,4,1,0,444.286181057143,6.27312971969189e-05,0.0148130228273198,"31",30.0158433562054,0.351983597720756,11.099832279817,7.10734232238101,0,0,2.24856957530357,0.865474833230721,-0.0221520081496283
424,0.0043140991996978,30.2193683325,5.64816261575,0,2.998074051,4,1,0,430.536013275,0.000110512704227019,0.0259504535297514,"31",29.9335324434375,0.247721292668058,15.533351690625,2.32853363010475,0,0,2.24856957530357,0.865474833230721,-0.0168992711736127
425,0.0043701507335914,29.8204864,15.254558518,0,2.99811148314286,4,1,0,416.981823971429,0.000166564238120619,0.0388594120248991,"31",29.8631346918303,0.279897657308714,18.6998014481696,1.43924074061985,0,0,2.24856957530357,0.865474833230721,-0.00926131324765578
426,0.00442723659161517,29.62542096,18.69098460875,0,2.998074051,4,1,0,403.55582865,0.000223650096144389,0.0518375056032223,"31",29.9480562132589,0.290892154673236,16.4132154171875,1.59345779613956,0,0,2.24856957530357,0.865474833230721,0.000595966331090292
427,0.00448423643276513,29.6229772914286,18.69982835,0,2.99811148314286,4,1,0,390.184527571429,0.000280649937294349,0.064630142029392,"31",30.1317456554018,0.257673516961684,15.5537814753125,3.01010518052583,0,0,2.24856957530357,0.865474833230721,0.0123298141268054
428,0.0045404227982323,29.77590644625,18.2631511525,0,2.998074051,4,1,0,376.76712955,0.000336836302761519,0.0770820449225766,"31",30.3516760691518,0.272364704465821,14.7396261257679,5.90812571577832,0,0,2.24856957530357,0.865474833230721,0.0246028729679679
429,0.00459439016662975,29.9770942228571,19.2069147142857,0,2.99811148314286,4,1,0,363.276823971429,0.000390803671158969,0.0888979398536529,"31",30.5939651924107,0.435624129144808,14.1220344590089,6.75977864632612,0,0,2.24876857544643,0.86524511155318,0.0348920811919002
430,0.00463638012235717,30.14884787875,19.47427667875,0,2.998074051,4,1,0,349.682467475,0.000432793626886389,0.097995825107791,"31",30.7495914187946,0.563200348041844,15.6970984154196,3.80044987162561,0,0,2.37036692024107,0.751626366308565,0.0419155989215101
431,0.0046236607637748,30.2456529928571,19.3452948514286,0,2.99811148314286,4,1,0,336.044614314286,0.000420074268304019,0.0952486738882001,"31",30.7059278384821,0.446563562217667,18.9576064517411,3.08350917718227,0,0,2.62448108551786,0.750299186033648,0.0451436352441994
432,0.00457569768594661,30.33174192875,18.76798051125,0,2.998074051,4,1,0,322.351187725,0.000372111190475829,0.0848210964327256,"31",30.5680266167411,0.511791129260726,15.6888258123839,8.00191024487535,0,0,2.62284658702232,0.749194459729763,0.0452411174722182
433,0.00452563369577954,30.2464990114286,4.45177432828571,0,2.99811148314286,4,1,0,308.654932885714,0.000322047200308759,0.073819520526377,"31",30.5318696010357,0.765611323609137,16.0529872968143,5.88649671167876,0,0,2.47920149404286,0.724704918318729,0.0407481587639533
434,0.00449126451250432,29.836599815,9.046134189,0,2.998074051,4,1,0,295.0737343,0.000287678017033539,0.0661962008069077,"31",30.3772768504286,0.911228589595453,15.5345093998714,5.13917549479342,0,0,2.39850082304643,0.821033626119079,0.039717071757017
435,0.00446091035913573,29.4582466171429,17.3506530771429,0,2.99811148314286,4,1,0,281.684008071429,0.000257323863664949,0.0594147718352298,"31",30.0230636728572,0.901497578722723,16.2914527366518,4.65214917317385,0,0,2.24856021726786,0.865464027366931,0.0390554642141321
436,0.00444429139712395,29.32368917375,17.682283695,0,2.998074051,4,1,0,268.4090738125,0.000240704901653169,0.0556823508555402,"31",29.8001948169643,0.841159165992109,19.0053502595982,2.3674982495711,0,0,2.24857893333929,0.865485638824686,0.037317845636025
437,0.00445561256907009,29.3231203185714,17.2199148157143,0,2.99811148314286,4,1,0,255.169348885714,0.000252026073599309,0.0582264632057621,"31",29.6842295364286,0.869123831940337,18.1014952459375,0.918432509687751,0,0,2.24856021726786,0.865464027366931,0.0351120344605788
438,0.00446320411517575,29.3653954125,16.847710745,0,2.998074051,4,1,0,241.9055427625,0.000259617619704969,0.0599288297948695,"31",29.6255797635714,0.910717708680423,18.2870519361161,1.33846028845893,0,0,2.24857893333929,0.865485638824686,0.033643221698905
439,0.00443377471629907,29.4277490185714,16.9081005514286,0,2.99811148314286,4,1,0,228.629263814286,0.000230188220828289,0.0533132120425091,"31",29.6548300586607,0.903699855868935,16.7468128291518,1.97742088565013,0,0,2.24856021726786,0.865464027366931,0.034268187742261
440,0.00438477322252938,29.4855671975,16.93597992875,0,2.998074051,4,1,0,215.3172147375,0.000181186727058599,0.0421998184691095,"31",29.7120221533036,0.929388601738034,14.8853974345,3.59174240081288,0,0,2.24850504087054,0.865570971974088,0.0363170601133594
441,0.00434156024331441,29.5151392457143,12.057513278,0,2.99811148314286,4,1,0,201.991630957143,0.000137973747843629,0.0322956974246802,"31",29.702949188125,1.04221286059977,12.9928505452232,4.66486044987247,0,0,2.25018680673214,0.863589912101256,0.036948637260706
442,0.0043391210293747,29.1783280275,8.169717133375,0,2.998074051,4,1,0,188.71182175,0.000135534533903919,0.0317337106701645,"31",29.5988344991518,1.12745049012479,9.59580569289285,6.07929716930439,0,0,2.54572427815179,0.712965014361295,0.0353952918276329
443,0.00437608629615571,28.6576469485714,10.8373593685714,0,2.99811148314286,4,1,0,175.652674642857,0.000172499800684929,0.040216695921873,"31",29.4351836062053,1.13417411390736,11.5000283607991,4.69446372047278,0,0,2.62193778780357,0.748605011163871,0.0352520318661805
444,0.00442733658211772,28.2252570625,13.9149954825,0,2.998074051,4,1,0,162.8076296875,0.000223750086646939,0.05186009065579,"31",29.1618210495536,0.936210983436975,14.5025815345357,7.58341987532184,0,0,2.32626673743304,0.786082860925835,0.040336036170781
445,0.0044787612659134,27.9689513585714,15.4101193757143,0,2.99811148314286,4,1,0,150.122932628571,0.000275174770442619,0.0634084151932033,"31",28.9373932831696,0.740572702954645,13.4915268705312,7.8612915146883,0,0,2.24831999283928,0.865741500057796,0.0482891471815876
446,0.00451289976913882,27.84486050625,15.0422615625,0,2.998074051,4,1,0,137.5159448875,0.000309313273668039,0.0710018212096939,"31",28.7139533792857,0.727772136528343,15.4288926470045,8.14332306096631,0,0,2.24842936987054,0.865658376452624,0.0554114766649393
447,0.0045002374891519,27.7473557514286,17.9938576128571,0,2.99811148314286,4,1,0,124.963949885714,0.000296650993681119,0.068192080788922,"31",28.5568812728125,0.89792010260925,16.473002078942,5.82996090712426,0,0,2.173443383625,0.960069031629259,0.0572361909105511
448,0.00449109377652549,27.74953523125,19.29095142875,0,2.998074051,1,0.25,0,112.42619145,0.000287507281054709,0.0661581849608339,"31",28.3446257482589,1.29321383233047,17.6379716773973,6.77764116791136,0,0,1.87528916430804,1.43267928467944,0.0616785672718524
449,0.00447151199367654,27.9219496785714,18.3123332571429,0,2.99811148314286,0,0,0,99.8607842,0.000267925498205759,0.0617885152304121,"31",27.8071905150447,1.3809559470683,21.7392002667857,5.62052943173575,0,0,1.87291836983929,1.43674719252969,0.0668842289215355
450,0.00442356970518062,28.20802027625,18.83320467,0,2.998074051,0,0,0,87.16325418875,0.000219983209709839,0.0510089061652668,"31",27.100189165,1.7294570612987,16.2384048819911,12.4297009768017,0.00173854992857143,0.00275127760187002,2.55944572008482,0.717156483241299,0.0729894566427226
451,0.00437153488949454,28.3432027,5.48631749742857,0.00578126585714286,2.99806213485714,0,0,0,74.2775691528571,0.000167948394023759,0.0391760914258112,"31",25.99823705375,1.97920883254988,15.7865215218795,13.1682918323478,1.07327540721875,1.49923387510527,3.0073932549375,1.22372649268855,0.0780586937354008
452,0.0043232303797705,27.6733809675,4.44669428925,1.113248768125,3.016671209375,0,0,0,61.570279805,0.000119643884299719,0.028064806855971,"31",23.7886423539643,2.56856439463226,17.6883799594143,12.1562148647624,5.58986159834286,7.65425682917918,2.78989095472143,1.24646348146229,0.0848986669501279
453,0.0043050233298488,26.4634160628571,4.39144960171429,14.001535806,3.79570784985714,0,0,0,49.3144497614286,0.000101436834378019,0.023844468155553,"31",21.9145548490476,2.0971811916287,18.8979547960089,11.5011363893841,5.92543852208333,9.18494390941768,-4.03828433126488,7.64772702348744,0.0853029123990103
454,0.00434209070680067,24.4219863025,4.020762759625,18.26932314625,-8.3483703735,0,0,0,37.807436885,0.000138504211329889,0.0324178726428572,"31",19.8245074143155,2.42509004188416,18.3628919106131,11.1876129901181,5.57594215761905,8.63849193376824,-11.7273138656131,21.319950921472,0.0953599524994449
455,0.00439536064713021,22.6034794357143,3.84730383142857,16.8376970957143,-28.7613681171429,0,0,0,27.2248078142857,0.000191774151659429,0.0446114968440341,"31",18.2085102773214,2.24490475619511,16.3776091193954,11.5588476519782,8.1388569745153,10.2576614229917,-17.1180392497959,25.2922732438286,0.100937016381406
456,0.00445178613135407,21.24585671375,3.8664292685,16.46453412,-34.166714515,0,0,0,17.42709422,0.000248199635883289,0.057367303759964,"31",15.4722323290476,2.72257103387272,17.636995992994,10.2323880394358,6.92041377682539,10.4871913636401,-8.70229788053175,23.0295274107364,0.106446937182475
457,0.00450930909965134,19.8965887171429,3.84758626642857,17.4560003885714,-12.6742194487143,0,0,0,8.37025413114286,0.000305722604180558,0.0702058587908052,"31",12.4329843586468,3.17612653065771,16.9304626398929,9.67500563421651,7.67081803638889,11.507852118629,14.4310258635773,83.8421140556565,0.113232114864932
458,0.00456740787130255,18.11225198625,4.073999362625,22.5662343075,16.183288341125,0,0,0,0.068720853625,0.000363821375831769,0.0830077482913554,"31",7.42061961283588,4.68584332012305,11.8359569388903,8.41046701270028,7.43113825576361,9.80038255237822,123.941176233878,193.37193853879,0.115629026188291
459,0.0046258096279794,15.5872622028571,3.65852567842857,23.29694449,46.7656483714286,0,0,0,-7.35638783457143,0.000422223132508619,0.0957133197772686,"31",5.69804316773512,3.95583189621154,8.46658066486508,6.4606977001896,7.46574707817758,9.24676471547799,178.798210842743,217.02184639426,0.116845794693887
460,0.00468438441433155,13.06925037875,3.487008125,22.83100900625,122.2530464575,0,0,0,-13.76007484875,0.000480797918860769,0.10829642120196,"31",6.00123976355357,2.86591779046563,6.01285511873077,3.52400320995224,6.27099178496291,7.87167306788866,321.327489628214,282.531669328931,0.132427346145588
461,0.0047430318745794,10.4773689521429,3.86400714071429,21.6802087914286,230.366247014286,0,0,0,-19.0918969542857,0.000539445379108619,0.120738476114933,"31",5.96540236006845,1.54219304920477,8.50353290844048,3.9446455288182,3.17994552664286,5.59878551957532,523.469284188988,122.444040195092,0.138826172162391
462,0.00480167680347663,8.540988293375,3.637031247375,13.75289397375,401.1454908625,0,0,0,-23.00384246375,0.000598090308005849,0.13302709961168,"31",5.90841169289286,1.06482876314817,8.3137751265,4.3918368855394,1.77542121394048,3.06642001410457,602.879451749405,39.5054696837982,0.141644165582656
465,0.00497670725625395,4.90018840342857,12.540184172,0,628.147003742857,0,0,0,-24.2238656671429,0.000773120760783169,0.168830386739107,"31",6.412523337625,0.861945060620492,6.20057060375,3.43258828415854,2.66313182091072,3.75202381061706,590.245675752678,46.515486606745,0.142467990466185
466,0.00503416582236219,4.5514286435,11.795873131625,0,590.5021956375,0,0,0,-22.44949988375,0.000830579326891409,0.180309744329136,"31",6.56655584301339,1.57750491364369,7.14458915671875,4.28098168031464,4.76978940389286,6.49103878922798,552.445961527678,105.899020299551,0.141922135452688
467,0.00509034844979767,4.97476214485714,10.6469676921429,0.000515544285714286,340.529663385714,0,0,0,-20.3885416271429,0.000886761954326889,0.191408193401974,"31",6.16353040311071,1.6366242209106,8.0748459517,4.2511165160974,3.81583152311429,6.01251749385766,560.057208349643,93.2770457627594,0.138370397209516
468,0.0051419345010919,4.96784980675,4.557429527875,4.101117594625,75.33684019,0,0,0,-18.25532642,0.000938348005621118,0.201491278005781,"31",6.60996901607909,2.21138630406315,7.84074351305103,4.00523225733201,5.82284027875511,8.66119207193997,481.597421735459,157.373936448739,0.139409646228438
469,0.00516119209396725,4.29457932871429,4.43953495114286,14.8713191342857,-159.075102314286,0,0,0,-16.2379191971429,0.000957605598496469,0.205229485966178,"31",6.40470411491295,2.12807298395352,7.43032926490402,3.88557670835605,5.60762494323884,8.04177731348818,430.814849042277,204.595781915456,0.134041529068043
470,0.00513364774100023,3.068094446625,4.26341726575,17.8935939675,-230.9269132375,0,0,0,-14.6011958725,0.000930061245529449,0.199878374419082,"31",6.76522163619481,2.31538453384007,6.37396939652273,3.73613820324806,5.68892131906656,7.59934536882719,377.653480897792,247.683766796111,0.137358341767458
471,0.0051463287433081,1.57490744285714,4.15854890128571,20.3106056057143,-120.16021695,0,0,0,-13.4671379714286,0.000942742247837319,0.202345502337644,"31",6.30410954827121,3.41475056184494,6.77060017989956,4.26577157244659,6.52244558532478,8.54543345175216,318.668539066473,260.785918571376,0.132657226477319
472,0.00517230059969422,0.520575541,3.90633083,20.36064954,-18.0625987915,0,0,0,-12.767865155,0.000968714104223439,0.207379486962042,"31",5.8133843158373,3.5128350613652,7.13521546914881,4.61178073913348,6.92609638727282,8.82872762426169,291.733453830615,265.88004635976,0.128743399370241
1,0.00387211546651027,6.32281428571429e-05,0,59.05762799,19.4942441614286,0,0,0,-26.3105470114286,0.000533555560497454,0.148261437593131,"32",6.97540297108036,4.66577819151589,3.22875915988393,2.40466209084645,14.9626927892366,28.92030526187,336.2058372575,214.683930514306,0.150114640482073
2,0.00382980757092375,0.003469517,0,62.3453995025,19.4874813325,0,0,0,-26.30969294625,0.000491247664910934,0.137275007364182,"32",4.65071510783929,5.10212790103137,2.15250610658929,2.49988187441625,30.9572089611577,33.4941468535402,230.63421963881,233.243206736655,0.151082532145833
3,0.00378258042348823,0.00261553457142857,0,66.83485462,19.4877246414286,0,0,0,-26.3100403942857,0.000444020517475414,0.124866876785754,"32",5.58033502249286,5.10472207913414,2.58300732790714,2.53412252483426,23.7816798293893,31.8772756740866,272.863518638286,233.726633390578,0.150178544029968
4,0.00373810574379326,0.135733534875,0.30471643125,20.419457817625,19.4843215925,0,0,0,-26.29856920375,0.000399545837780444,0.113039446155528,"32",3.98682288057653,4.9777867730557,1.84500523421939,2.42275435415703,35.4412361813495,32.7967538330454,200.470399880765,227.385839629697,0.15159392195256
5,0.00372299436658366,0.977721910142857,10.1478134747143,0.164872718142857,17.3404131471429,0,0,0,-26.0846816585714,0.000384434460570844,0.108988730512088,"32",3.50543671236384,4.80546110398001,1.65246913384821,2.30819534827241,33.5635138858839,30.8248727699147,177.847140094732,220.028370200627,0.153076786406292
6,0.00375927348033682,2.870117544375,13.416907082875,0.08830195575,14.81908771375,0,0,0,-25.22918161,0.000420713574324004,0.118686163919493,"32",3.22457951211706,4.57338236664133,2.59639628283333,3.56100845384895,29.8525537561349,30.9086106025899,160.013059322778,212.657972256688,0.154840308642061
7,0.00380420597856163,5.34268341985714,19.5964075271429,0.117992848714286,12.9228033671429,0,0,0,-23.4341021657143,0.000465646072548814,0.130567739292269,"32",4.26279970184524,4.64635452440093,3.57567198261458,4.51521085174058,23.2562495386637,29.0369191986648,179.355299514658,202.573552324991,0.152859505484086
8,0.00384358297745174,8.682178895625,20.892701495,0.008367828875,10.70166047125,0,0,0,-20.25604105625,0.000505023071438924,0.140865446526798,"32",4.71191781784821,4.49733109846186,4.64009545150128,5.98917069733278,19.9681412925128,27.9873296283977,165.800633967628,191.566111511945,0.148117462933279
9,0.00384034495847637,11.5333702185714,23.0955718414286,3.65592857142857e-05,12.8085831171429,0,0,0,-15.6842471428571,0.000501785052463555,0.140022643442292,"32",5.61726245627101,4.55488844322476,5.05052186672794,6.93997405323799,19.7815357176292,25.9139963853845,150.207683026481,179.620875467004,0.143057254425284
10,0.00379582102850561,14.11140952625,21.7387835325,1.02e-05,20.222682835,0,0,0,-9.883704968875,0.000457261122492795,0.128361180491967,"32",9.20683147167729,2.60257816543643,6.48350569573725,8.8795053480142,15.5357628880191,18.0522996554791,183.538870271332,192.065943048661,0.125691243040754
11,0.00374518321607598,16.4846413285714,22.8252041842857,0.000219194285714286,25.4868016157143,0,0,0,-2.975594826,0.000406623310063164,0.114930987225703,"32",10.0943726904643,4.11387686464549,7.13530853960459,9.51819074536298,20.9760641697934,19.6688851553145,168.718615737804,194.246292107521,0.107890319989197
12,0.00369280874468636,18.45008190875,21.2134219675,0.015654186625,16.193327832,0,0,0,4.937854730125,0.000354248838673544,0.100847794906772,"32",12.2681594569237,5.65537974531932,9.14177162100649,10.5952745109202,22.6377877405974,21.7078117379363,94.1520415684821,126.450056845803,0.0939443259649589
13,0.00363970826412733,20.17819057,24.0492838285714,6.50254285714286e-05,1.02159011657143,0,0,0,13.61735591,0.000301148358114514,0.0863639805951637,"32",17.8060775005102,3.23395169082937,9.10790152520409,11.4035092300651,24.5032231945893,23.0745031462649,20.7588895674668,42.2608031610036,0.0797266959033867
14,0.00358621323590594,22.3642235575,22.71986642875,0,-5.02142107525,0,0,0,23.20677532875,0.000247653329893125,0.0715572866439542,"32",21.4869308211607,2.61561305185946,11.4521020406845,12.5626052847796,19.3481764290595,21.2880589964452,-20.6197830664137,18.8272007452497,0.0719886721241231
15,0.00353252131032783,24.2545720014286,22.5255118142857,0,-6.00826433142857,0,0,0,33.7321020771429,0.000193961404315015,0.0564723184159046,"32",23.579483695625,2.58786961331033,11.2640459986309,12.3404830269581,17.0796361672619,18.7634793811566,-17.8143718970536,14.219181453822,0.0647820055989408
16,0.00347874836252066,25.79722635625,21.89068901,0,-3.972281349625,0,0,0,45.0451639,0.000140188456507844,0.0411330137962187,"32",24.7083370521429,2.20761036541357,13.7439761528929,12.5647574970083,12.7870339505,17.5115961122167,-8.30434187612143,5.29402440377349,0.0666604654364209
17,0.00342500748581984,27.2539866714286,21.2960180271429,0,-3.01677131214286,0,0,0,57.0196385357143,8.64475798070244e-05,0.0255641084511566,"32",26.2311554710714,1.86458798150297,14.1828460942857,12.9963550745414,7.71697164051786,11.0244307853666,-1.07700008845714,2.36941986404427,0.0631156045364809
18,0.00337145950391622,28.4612851875,18.846564085,0,-1.397619059125,0,0,0,69.6284052175,3.28995979034046e-05,0.00980618938682198,"32",28.0772570632143,0.65652133806001,11.5627776796429,13.4348517467915,1.80504069530804,2.98536621626776,1.15907557412053,2.81849189264234,0.0593022467390236
19,0.00331843741471479,29.14886199,16.9468961557143,0,0.548825452428571,0,0,0,82.6500766257143,-2.01224912980257e-05,-0.00604553404820773,"32",28.9656510633482,0.389806774590161,7.7264583125,9.3421324900462,0.00300578640178571,0.00350362538164909,1.82147177066072,2.41153967615582,0.0543997759045925
20,0.003267827581046,29.7523338625,17.37799548125,0,2.948679562125,0,0,0,95.95617496375,-7.07323249668156e-05,-0.0214141316690544,"32",29.3906116025,0.25405631352291,6.97010359860715,8.41034221001822,0,0,2.38602084196429,1.73181987952344,0.047780641587585
21,0.0032324664799546,30.3216806542857,16.2811068328571,0,2.11353606214286,0.142857142857143,0.142857142857143,0,109.523680628571,-0.000106093426058215,-0.0322940852492026,"32",29.734204771875,0.315703147957929,8.23027725780357,8.29167676813482,0,0,2.98573478691072,1.2242078793984,0.0385742108060287
22,0.00320347566264523,30.72505040125,11.24720459575,0,1.498188230875,1,1,0,123.3287186375,-0.000135084243367586,-0.0413031819283356,"32",30.0702092319196,0.320582514039006,8.862943416875,6.91662959309531,0,0,2.77695826992857,1.30143189545357,0.0280398848030274
23,0.00316064023284084,30.6846429014286,9.75051423571429,0,1.74199657385714,1,1,0,137.210882342857,-0.000177919673171976,-0.0547649340528169,"32",30.3368493302232,0.363377303900992,7.58639332515625,5.32873754171644,0,0,2.62311195409822,1.43544362331247,0.018165577204798
24,0.00313420550517618,30.55114996125,11.528537256625,0,2.9963039615,1,1,0,151.0409955625,-0.000204354400836635,-0.0631638316017558,"32",30.4722020563839,0.370737311083057,7.83060763692857,4.17102623576951,0,0,2.68407339785714,1.3757036047328,0.0101859125361276
25,0.0031269056821112,30.5351888985714,6.77764899971429,0,2.99572534842857,1,1,0,164.841866857143,-0.000211654223901615,-0.0654956305176491,"32",30.4835996787053,0.340880214994626,10.9896669888839,1.75429400675643,0,0,2.99749132328571,1.22371463634084,0.0031097017995168
26,0.0031032119388032,30.35479138625,0.961933719625,0,1.8527883985,1,1,0,178.60678555,-0.000235347967209616,-0.0731018614821144,"32",30.4746508780804,0.332872203794851,8.33964869731695,2.61759514492848,0,0,2.92238875785714,1.10466469376597,-0.00310843678275621
27,0.0030640222299499,30.0036757385714,0.156358190714286,0,1.49855424,1,1,0,192.244134128571,-0.000274537676062916,-0.0858110384040431,"32",30.3257640977232,0.249057447161252,6.61055333331697,4.72243882674592,0,0,2.33847222691071,0.778572950117945,-0.006403509504303
28,0.00305134516799073,29.61418979625,0.13792629025,0,1.4990370255,1,1,0,205.7067189625,-0.000287214738022086,-0.0899570132502268,"32",30.1487568219643,0.180253732099864,7.36790114098661,5.10963678006566,0,0,2.24844887892857,0.865614225578627,-0.00635580730218859
29,0.00308090343414555,29.1139820171429,2.74648803428571,0,1.49905574157143,1,1,0,218.984493685714,-0.000257656471867266,-0.0803166688911796,"32",30.043442265,0.286984253061054,6.93697754088393,5.41278707284397,0,0,2.24856489628571,0.865480236061431,-0.00431943998348361
30,0.00312180417412423,28.63777228375,8.598230332875,0,1.4990370255,1,1,0,232.0190373125,-0.000216755731888586,-0.0671284504355159,"32",29.9612841799107,0.612146405204699,6.68199150106249,5.32586068432302,0,0,2.24857425432143,0.865469430332555,-0.00894786505745366
31,0.00313631897462317,28.3327450914286,10.5614833158571,0,1.49905574157143,1,1,0,244.885178771429,-0.000202240931389646,-0.0624897350516438,"32",29.8965534371428,0.941190434324661,8.11378158327232,4.46872047916886,0,0,2.24856489628571,0.865480236061431,-0.0103205991193442
32,0.00310179066500866,28.18404877625,11.8905303275,0,1.4990370255,1,1,0,257.6465673,-0.000236769241004156,-0.0735599672604144,"32",29.8383305128125,1.09802828126721,9.86555111391517,1.36910255981788,0,0,2.24857425432143,0.865469430332555,-0.0115887018164833
33,0.00306678032172185,28.1959168785714,13.53944806,0,1.49905574157143,1,1,0,270.381219971429,-0.000271779584290966,-0.0849112893598365,"32",29.9862446986429,1.05046918922075,8.13895919084286,2.7377638454705,0,0,2.09866306534286,0.821063227687014,-0.00863646605555355
34,0.00305436210650812,28.343585555,12.69047148625,0,1.4990370255,1,1,0,283.1475827,-0.000284197799504695,-0.088968777644272,"32",30.021931751,1.03272279662795,6.05505216857857,5.18186527466106,0,0,2.09866680855714,0.821059810615511,-0.0046332564740203
35,0.00305921747502805,28.5323759614286,12.2128127071429,0,1.49905574157143,1,1,0,295.998021457143,-0.000279342430984766,-0.0873803892648723,"32",29.9998763489286,0.931448850666311,6.80679779731786,5.0838404285263,0,0,2.39847795687143,0.82106493624943,-0.000645121138510873
36,0.00305791109066784,28.72021494,11.73753053,0,1.4990370255,1,1,0,308.925954025,-0.000280648815344976,-0.0878075126523665,"32",29.8516071291072,0.890906371457016,8.43428754725448,5.5537155479036,0,0,2.24856021726786,0.865464027366931,0.00315733558866935
37,0.00302902557053937,28.8803141871429,11.7021740128571,0,1.49905574157143,1,1,0,321.9412763,-0.000309534335473446,-0.0972985711670917,"32",29.8520489075,0.859995191994849,7.46701514825,4.73927372108975,0,0,2.24857893333929,0.865485638824686,0.00184758868916194
38,0.00299322506816517,29.03075118875,11.77000570625,0,1.4990370255,1,1,0,335.0215902375,-0.000345334837847646,-0.109188120462235,"32",29.8660227633482,0.982983094223864,7.56703603077677,5.71626033849356,0,0,2.24856021726786,0.865464027366931,-0.00472450012297214
39,0.0029722873499195,29.1671242342857,11.9847964457143,0,1.49905574157143,1,1,0,348.173522128571,-0.000366272556093315,-0.116207736566189,"32",29.8660277482589,1.08445322338918,10.2446262087053,1.82049014939782,0,0,2.24857893333929,0.865485638824686,-0.0020680935132698
40,0.00296301769164249,29.28550882875,12.2979150925,0,1.4990370255,1,1,0,361.3729438375,-0.000375542214370326,-0.119331304920805,"32",29.9756617929464,1.12567745356048,8.10000712174108,5.30484150040672,0,0,2.24856021726786,0.865464027366931,0.0015338738507392
41,0.00295600408189474,29.4088882185714,12.47801108,0,1.49905574157143,1,1,0,374.639002057143,-0.000382555824118076,-0.121701160299481,"32",30.1009879918304,1.18009376852268,7.67147772441071,5.32637485880636,0,0,2.24857893333929,0.865485638824686,0.00546945256263784
42,0.00295664693421944,29.55970735125,12.106156815,0,1.4990370255,1,1,0,387.9591355125,-0.000381912971793376,-0.121483710528224,"32",30.1847455330803,1.16464610729532,8.151759950125,5.5755588577598,0,0,2.24856021726786,0.865464027366931,0.00794481326723933
43,0.0029618682497602,29.6743090142857,12.0329981771429,0,1.49905574157143,1,1,0,401.342663814286,-0.000376691656252616,-0.119719309641665,"32",30.2878864385268,1.19528830781386,8.02954255089285,5.4778781967266,0,0,2.24857893333929,0.865485638824686,0.00689411785009622
44,0.00295325677575214,29.79213266375,12.04212053375,0,1.4990370255,1,1,0,414.7709729,-0.000385303130260676,-0.122630991056234,"32",30.5678191741071,1.19564346250525,6.65044264227858,5.85506052793208,0,0,2.39847047044286,0.821058102106425,0.00334849366079295
45,0.00293859703336592,29.9053166971429,12.09193236,0,1.49905574157143,1,1,0,428.256718357143,-0.000399962872646896,-0.127607276149389,"32",30.3146332849107,1.20706081549277,8.49156896628572,5.2872097344809,0,0,2.24856957530357,0.865474833230721,0.00664968654712439
46,0.00294127881458878,29.9956716875,12.14475369875,0,1.4990370255,1,1,0,441.78443065,-0.000397281091424036,-0.126695086372957,"32",30.0387018755714,1.17323840389313,11.0213015109286,0.736759719899853,0,0,2.09866680855714,0.821059810615511,-0.00176413589160687
47,0.0029705148038074,30.0572551185714,11.2165365228571,0,1.49905574157143,1,1,0,455.3537961,-0.000368045102205416,-0.116804272025105,"32",30.0000822108571,1.11224121516026,11.21252249825,0.777479473427815,0,0,2.09866306534286,0.821063227687014,-0.00654395287746241
48,0.00301613298897024,30.16747754,11.72416851625,0,1.4990370255,1,1,0,468.9558309875,-0.000322426917042576,-0.101564001283722,"32",29.9439964666071,1.03501789684238,10.9835258855714,0.508240809321633,0,0,2.09866680855714,0.821059810615511,-0.00410198939590038
49,0.0030628018568752,30.2652208842857,11.7322027471429,0,1.49905574157143,1,1,0,482.612554814286,-0.000275758049137615,-0.086209408924792,"32",29.9017332556071,0.972502818744779,11.0736051411357,0.842597375989174,0,0,2.09866306534286,0.821063227687014,-0.0033965823606635
50,0.00309485739858434,30.42202902,11.35353366875,0,1.4990370255,1,1,0,496.31847335,-0.000243702507428476,-0.0757977154825484,"32",30.0618930907143,0.89738703195344,11.4348750240536,1.09658126414952,0,0,2.24857425432143,0.865469430332555,-0.00654002295486124
51,0.00307450508022408,30.5673155942857,11.2816091528571,0,1.49905574157143,1,1,0,510.097864671429,-0.000264054825788736,-0.0823956067888361,"32",30.0003065903125,0.866438118695425,11.3412932555804,1.17244129547834,0,0,2.24856489628571,0.865480236061431,-0.0119975169643598
52,0.0030301171212975,30.71884945375,11.4524376875,0,1.4990370255,1,1,0,523.9350269875,-0.000308442784715316,-0.0969382724286643,"32",29.9366925892411,0.866721385337028,11.1718292536428,0.923625878211394,0,0,2.24857425432143,0.865469430332555,-0.0150342084042678
53,0.00298941629848061,30.8920503557143,11.3872584657143,0,1.49905574157143,1,1,0,537.858374628571,-0.000349143607532206,-0.110461394201503,"32",29.8871234000893,0.91111528687442,11.3111879242098,1.06011077625249,0,0,2.24856489628571,0.865480236061431,-0.0166199257183085
54,0.00297459932738462,31.041417655,6.2142334625,0,1.4990370255,1,1,0,551.8518405375,-0.000363960578628196,-0.115430194423787,"32",29.8612088962054,0.974808204781443,11.5375560392768,1.52302974172299,0,0,2.24857425432143,0.865469430332555,-0.0187610471313356
55,0.00295961799060123,30.8116951242857,4.18154640828571,0,1.49905574157143,1,1,0,565.839865485714,-0.000378941915411586,-0.120479341532291,"32",29.8418163919197,1.01761628364409,9.90911663003573,2.75291464742605,0,0,2.24856489628571,0.865480236061431,-0.0146003722103026
56,0.00294327158193266,30.4885545725,7.11859317875,0,1.4990370255,1,1,0,579.6806917625,-0.000395288324080156,-0.126017798485846,"32",29.7341106475447,0.906836811860932,8.76052203040179,3.20905898870545,0,0,2.24857425432143,0.865469430332555,-0.0167774099820226
57,0.00294754146353546,30.2953187171429,10.2758734974286,0,1.49905574157143,1,1,0,593.411504128571,-0.000391018442477355,-0.124568123484226,"32",29.5985145722322,0.751307882365667,9.45393818395089,1.86078998135483,0,0,2.24856489628571,0.865480236061431,-0.0182502432117757
58,0.00298186461687215,30.2691615125,9.53371615625,0,1.4990370255,1,1,0,607.0815343625,-0.000356695289140666,-0.112990729360439,"32",29.4998788532143,0.653424496908967,10.3037135134955,1.1136220623544,0,0,2.24857425432143,0.865469430332555,-0.0222181238194984
59,0.00302953223076225,30.3219924585714,9.157633157,0,1.49905574157143,1,1,0,620.771274871429,-0.000309027675250565,-0.0971313167729093,"32",29.4314855177679,0.631578384110384,10.0410253650848,1.0901775623477,0,0,2.24856489628571,0.865480236061431,-0.0293666597176
60,0.00307838873714979,30.38723100625,8.91356236425,0,1.4990370255,1,1,0,634.4779681125,-0.000260171168863026,-0.0811332228015615,"32",29.3839818416964,0.66828514206885,10.1446936602366,1.55235527538751,0,0,2.24857425432143,0.865469430332555,-0.0332671733447163
61,0.00312108626543108,30.4385526328571,8.67644208914286,0,1.49905574157143,1,1,0,648.2256388,-0.000217473640581736,-0.0673584428341538,"32",29.3483721768303,0.726799230551035,10.1240549053482,1.64316842309,0,0,2.24856489628571,0.865480236061431,-0.0359604185265428
62,0.0031283744338762,30.49096634125,9.002204563375,0,1.4990370255,1,1,0,661.980728975,-0.000210185472136616,-0.0650260266892682,"32",29.3922535990357,0.66630453815401,8.61499208885358,3.42373208102735,0,0,2.39847421365714,0.821052976472506,-0.0413041296284692
63,0.00311562329458699,30.5527232142857,8.90378202571429,0,1.49905574157143,1,1,0,675.7773473,-0.000222936611425826,-0.0691103192085523,"32",29.4824375569047,0.666299976931962,7.02892651561904,4.31735967743507,0,0,2.49840032325595,0.774103482374392,-0.0348180767163089
64,0.00310898477426396,30.57948089375,8.63135155375,0,1.4990370255,1,1,0,689.5793096625,-0.000229575131748855,-0.0712433121787823,"32",29.4568105016071,0.815785433239078,7.20179444118623,4.91054506100057,0,0,2.35476651331123,0.800399551195192,-0.02613137672058
65,0.00311963003017743,30.6351999642857,8.46507834442857,0,1.49905574157143,1,1,0,703.415962085714,-0.000218929875835386,-0.0678251313245237,"32",29.5629959464286,0.947147136568274,7.29113934113011,5.10783895713944,0,0,2.5438444942398,1.09124487574448,-0.0198567440169569
66,0.00314701367926141,30.66495439875,8.74394177525,0,1.4990370255,1,1,0,717.255416875,-0.000191546226751406,-0.0590855814870661,"32",30.0229380549643,1.12868420964769,5.97730927586429,5.57071746774636,0,0,2.987030860175,1.06029961728929,-0.0155439590605083
67,0.00317043901562052,30.6861907714286,7.97440740914286,0,1.49905574157143,1,1,0,731.123860885714,-0.000168120890392296,-0.0516694775248574,"32",30.1635418991429,1.28006350807608,7.46271051508215,6.1887474484451,0,0,2.99805646161786,1.05997924794996,-0.014562710455207
68,0.00316627034854988,30.71167094875,8.409313113625,0,1.4990370255,1,1,0,744.9844812375,-0.000172289557462936,-0.0529851974990159,"32",30.2326041693929,1.2996080127702,8.75753471473572,4.0910738041494,0,0,2.99809651034286,1.05999248054108,-0.0167193947073429
69,0.00313410166237734,30.6902575242857,6.29377438971429,0,1.49905574157143,1,1,0,758.867029642857,-0.000204458243635476,-0.0631969642459485,"32",29.963559205625,1.26277420756143,10.6203545409866,1.66826754589023,0,0,2.99808340912947,1.22395860630101,-0.00869767421416059
70,0.0030883137603473,30.5806195475,6.148087529375,0,1.4990370255,1,1,0,772.6997967875,-0.000250246145665516,-0.0779143123873185,"32",29.9374468977232,1.19023851133108,9.92367848404464,2.5835107450373,0,0,2.99810212517857,1.22397388787289,-0.00663062446024343
71,0.00304453594353547,30.44530447,5.97920556985714,0,1.49905574157143,1,1,0,786.488100571429,-0.000294023962477346,-0.0921910552006242,"32",29.8809811033482,1.14291441867355,9.9154531862366,2.65476956736367,0,0,2.99808340912947,1.22395860630101,-0.00251196824592865
72,0.00301021723509218,30.33454416875,6.067489390625,0,1.4990370255,1,1,0,800.2090090125,-0.000328342670920636,-0.103527297594751,"32",29.8176424055804,1.10496090617538,10.0294265535357,2.81477307479873,0,0,2.99810212517857,1.22397388787289,0.00396560899435103
73,0.00299004751846823,30.2155374914286,6.40373544428571,0,1.49905574157143,1,1,0,813.892786657143,-0.000348512387544585,-0.110250264913602,"32",29.7858206441072,1.04286023749777,10.2980686409598,2.82102159080927,0,0,2.99808340912947,1.22395860630101,0.0127588906330327
74,0.00298344223908927,30.1165567475,6.08893877825,0,1.4990370255,1,1,0,827.5121594375,-0.000355117666923546,-0.112461796905126,"32",29.783276259375,0.975700750898439,10.0183239520714,3.13309360358392,0,0,2.99810212517857,1.22397388787289,0.0210284066000904
75,0.0030026239502045,30.02015768,5.93829380228571,0,1.49905574157143,1,1,0,841.104152114286,-0.000335935955808316,-0.106052988341486,"32",29.8401526738839,0.94202396677523,9.00290645579017,2.65835622702989,0,0,2.99808340912947,1.22395860630101,0.0240662277401708
76,0.00304534645351331,29.90650870625,5.91141303175,0,1.4990370255,1,1,0,854.632845325,-0.000293213452499506,-0.0919248727349657,"32",29.9582055957589,0.98011267023974,7.83798749804464,2.81947146880086,0,0,2.99810212517857,1.22397388787289,0.0199820843341662
77,0.00308488495785462,29.8107882714286,5.67040560357143,0,1.49905574157143,1,1,0,868.130252842857,-0.000253674948158196,-0.0790251798292125,"32",30.0750032043304,1.04862315647973,7.75664970913393,3.35179930303402,0,0,2.99808340912947,1.22395860630101,0.0141986625467841
78,0.00310078856217407,29.70417818375,5.555721531,0,1.4990370255,1,1,0,881.5634037,-0.000237771343838746,-0.0738830918104743,"32",30.1162179470536,1.03055231678994,8.81226255557143,2.7806648695654,0,0,2.99810212517857,1.22397388787289,0.000303285599276837
79,0.0031192056509614,29.59015282,6.29929312,0,1.49905574157143,1,1,0,894.970372014286,-0.000219354255051415,-0.067961175684327,"32",30.1405263648661,1.028329787518,8.68596048402678,2.62621779958718,0,0,2.99808340912947,1.22395860630101,-0.000301480142333332
80,0.00314999223438608,29.38140215125,4.513775684875,0,1.4990370255,1,1,0,908.2934726,-0.000188567671626736,-0.0581395587921367,"32",30.1525217910268,1.04677340604436,8.93550823275892,2.24457366893725,0,0,2.99822750057143,1.22417863487025,0.000689574562494855
81,0.00318056614958297,28.9377961785714,7.041147673,0,1.49905574157143,1,1,0,921.481802114286,-0.000157993756429846,-0.0484803312516604,"32",30.1090355958036,1.10862805207948,8.31125766270982,2.68884540519428,0,0,2.94480181594197,1.13861414139135,0.00136425378723617
82,0.0032146589817313,28.59869156375,7.536056296125,0,1.499151356375,1,1,0,934.4701973875,-0.000123900924281516,-0.0378182659284851,"32",30.0104815826786,1.24301903171816,9.39884002196428,1.8489570746863,0,0,2.623421265,0.74957703403891,0.00101733226236451
83,0.00325380041990912,28.2915891757143,9.29706894842857,0,1.90271085957143,1,1,0,947.325922471429,-8.47594861036957e-05,-0.0257158742203574,"32",29.9172614298661,1.36972186655678,9.49187718904017,1.92803501971344,0,0,2.78234264025447,0.906468186087923,-0.000901015577237718
84,0.00327681345659864,28.15555353625,8.243665769375,0,2.996145072375,1,1,0,960.0682634375,-6.17464494141757e-05,-0.0186681045384685,"32",29.7973848396429,1.46741317734456,10.0481961735714,1.42754681163241,0,0,3.098471127,1.06460350699577,-0.00424827580521082
85,0.00328649070331896,28.0510005471429,8.09945603485714,0,2.99811148314286,1,1,0,972.777903985714,-5.20692026938557e-05,-0.0157192077016282,"32",29.7433307053125,1.56724819703162,10.221990215875,1.38788371254057,0,0,3.372277170375,0.749692775979222,-0.00811149543432501
86,0.00330158511862774,27.9207511325,7.978848795,0,2.997959720375,1,1,0,985.4062222625,-3.69747873850755e-05,-0.011136855685308,"32",29.7313864653572,1.65955162865972,8.43644382560715,3.05223912224995,0,0,3.37450200807143,0.75278104985714,-0.0115259963693112
87,0.00331867323516064,27.78004385,9.04506792685714,0,2.59445636571429,1,1,0,998.001525,-1.98866708521757e-05,-0.00597447287376518,"32",29.7240414515625,1.79337921259343,7.8309419926875,5.34849407288309,0,0,3.67088030503125,1.34568872955846,-0.0138987395479797
88,0.00333096594977373,27.67163096,9.699040772,0,1.5009660045,1,1,0,1010.511185875,-7.59395623908549e-06,-0.00227721114130919,"32",29.7420924514286,1.94212768758196,8.49730906867858,5.8951090610099,0,0,3.41213298321429,1.11352529019979,-0.0102286969465968
89,0.00333162139289101,27.58639677,9.79534738614286,0,1.49905574157143,1,1,0,1023.00626171429,-6.93851312180563e-06,-0.00208045781831068,"32",29.8365259109375,2.0451403249233,7.70610960134375,5.22291439060169,0,0,2.99808803625,1.22240643917092,-0.0137279697752703
90,0.00331122380892727,27.5227910675,9.4031166055,0,1.498878136375,1,1,0,1035.443378125,-2.73360970855455e-05,-0.00822169604905287,"32",29.9999479932143,2.08841408969179,5.21741474392857,5.41191590993096,0,0,2.99811148321429,1.22397388772979,-0.0155239533222609
91,0.00329058059422522,27.4444277542857,10.6479281125714,0,1.50149122485714,1,1,0,1047.86976742857,-4.79793117875958e-05,-0.0144755260919771,"32",30.5266147034286,2.04295731827664,6.31984413096071,4.41639539973823,0,0,2.99805724610714,1.06003542355465,-0.0092950736104962
92,0.00329447361956556,27.41681819,13.68025453375,0,2.626450534625,1,1,0,1060.24945975,-4.40862864472557e-05,-0.0132931438216852,"32",30.1873237845536,2.10164552650403,6.54731946241071,4.43759528736514,0,0,2.99870163796429,1.22297982054455,-0.00885390442297081
93,0.00332147962334676,27.5743226957143,14.7005011128571,0,1.49327497771429,1,1,0,1072.67071342857,-1.70802826660555e-05,-0.00512919466150485,"32",30.3077595201339,2.12930989566265,5.66311046139732,6.53876802286408,0,0,3.27994614444643,0.830142264396877,-0.00542502767677316
94,0.00333622788727524,27.89260230625,13.83945578,0,1.49899384575,1,1,0,1085.190319875,-2.33201873757558e-06,-0.00069875442779832,"32",30.4227044233482,2.05314424474072,6.8545647095357,6.22500060455185,0,0,2.99664757617857,1.22633498087775,-0.00443966697583282
95,0.00332303692975571,28.2166786285714,14.0799351714286,0,1.49905574157143,1,1,0,1097.87449585714,-1.55229762571056e-05,-0.00466044531664433,"32",30.4769559841964,1.84533457785398,9.79707199019643,3.31022894110423,0,0,2.99793240875893,1.22373201556516,-0.00554668170613256
96,0.00328968459624325,28.513074375,13.56890111625,0,1.4990370255,1,1,0,1110.6801755,-4.88753097695658e-05,-0.0147478549219979,"32",30.5306864842857,1.63002952091329,9.46814790618751,4.04219432457302,0,0,2.9229759335,1.10471729203143,-0.00667690895979462
97,0.00324982696010912,28.7735166342857,13.7366938585714,0,1.49905574157143,1,1,0,1123.63302385714,-8.87329459036954e-05,-0.0269377954467824,"32",30.6059655704286,1.25295375086055,7.43283247843214,5.28822508981521,0,0,2.93937455614286,0.957421446077677,-0.00670593822918796
98,0.00321439988356283,28.929906385,12.0675056375,0,1.4990370255,1,1,0,1136.66156875,-0.000124160022449986,-0.0378988681335599,"32",30.5806087035714,1.28472130199134,8.5891548757991,5.99081350789868,0,0,2.54710115698661,0.71417797876914,-0.00794886060154676
99,0.00318048613219281,29.0000711057143,11.6138704257143,0,1.49905574157143,1,1,0,1149.76494242857,-0.000158073773820006,-0.04850548978962,"32",30.64048611125,1.22408976828965,7.77974984733928,5.33083474506258,0,0,2.25020552280357,0.8636115234562,-0.00687435899072248
100,0.00314628951228286,29.02985432625,11.3172274,0,1.4990370255,1,1,0,1162.859943875,-0.000192270393729956,-0.0593157203939931,"32",30.6960484842857,1.22509858825844,8.07650914798661,3.71218531635998,0,0,2.25019148575,0.863584485727167,-0.00241440080419402
101,0.00311927861501621,29.07650551,11.3094206185714,0,1.49905574157143,1,1,0,1175.99895071429,-0.000219281290996606,-0.0679377840881115,"32",30.6415838994286,0.990297139024348,9.35802318933929,2.55622348365271,0,0,2.39841509968214,0.821151013623255,-0.00274116885469529
102,0.00310832730307977,29.1256510575,11.183190705,0,1.4990370255,1,1,0,1189.137400125,-0.000230232602933045,-0.071454809094913,"32",30.6370362616786,0.934505993678856,8.73744888117857,3.41933792570597,0,0,2.39880089555714,0.821351632913026,-0.000412360646111942
103,0.0031090088754102,29.1664830742857,11.3026754928571,0,1.49905574157143,1,1,0,1202.32309542857,-0.000229551030602616,-0.0712355601137844,"32",30.5578266705357,1.0238826455123,8.49218564788839,2.45218073271884,0,0,2.52218178627679,1.26318625899619,0.0131065350333096
104,0.0031189023460602,29.20740214,11.001578467125,0,1.4990370255,1,1,0,1215.500209875,-0.000219657559952616,-0.0680584182751449,"32",30.5590870882589,1.02281630973659,8.54537199630802,3.48970888585928,0,0,2.43207577100893,1.11683991983536,0.0235733041261343
105,0.00315157638983146,29.16361356,10.039105642,0,1.49905574157143,1,1,0,1228.70209171429,-0.000186983516181355,-0.0576367774934017,"32",30.5707608397322,1.06284611964832,8.2856695445625,5.51010964193787,0,0,2.54379060372768,1.3013848173138,0.0252742108386126
106,0.0032007124725807,29.10967859,9.776290157125,0,1.4990370255,0.25,0.25,0,1241.849438875,-0.000137847433432116,-0.0421661141506124,"32",30.5033411878571,1.06639147952721,9.94706243742411,0.921644966723918,0,0,2.99399501020536,1.72622532973607,0.0399736186894685
107,0.00325273995702956,29.0455765457143,10.0978161754286,0,1.49905574157143,0,0,0,1254.99933014286,-8.58199489832557e-05,-0.0260418424907183,"32",30.3365066420982,0.940292931191273,9.67925215239732,3.34267090701612,0,0,2.90966258210268,1.63524362972704,0.0545769379046674
108,0.00330561657037357,28.921441845,7.008271601375,0,1.4990370255,0,0,0,1268.086483,-3.29433356392457e-05,-0.00991653509760493,"32",30.0301840074554,0.803627479721097,10.1172125427054,7.15734512715351,0.00030944675,0.0006188935,2.62384289202679,1.4353748616322,0.0693207560228842
109,0.00335875178472076,28.4950456342857,3.63026645,0,1.49905574157143,0,0,0,1281.088953,2.01918787079442e-05,0.00602986398647243,"32",29.5821201599554,0.722521866167356,9.71406492503125,7.72728337839522,1.27722467784375,2.5544493556875,2.6181054290625,1.43124855685115,0.083971995818542
110,0.0034115767486448,27.66958419625,0.31226706725,0.0004736695,1.4990370255,0,0,0,1293.771134,7.30168426319846e-05,0.0216350252716593,"32",28.9609059945089,0.917122537299264,9.4218010540625,9.37756438221779,5.1467346425,10.293469285,3.35129458266964,2.22943880116623,0.109951085236887
111,0.00346054816831928,26.6774393157143,0.013118046,1.61154588914286,1.50507766428571,0,0,0,1306.06282342857,0.000121988262306464,0.0358874574696504,"32",27.748998890625,1.16637819280743,10.9490000520804,12.6439054568979,8.6046803889375,17.2090449996569,3.6088264121875,2.63034071668182,0.123477229933295
112,0.00349714201716922,25.56601815625,0.00034576625,23.03741479125,-2.187771407875,0,0,0,1317.863244625,0.000158582111156404,0.0464065188965321,"32",26.3310598883929,1.6567912797756,10.9153934712714,15.001614108006,14.6262706287929,19.3267923668049,2.19231278071428,3.21844733059647,0.135757605320151
113,0.00354519931234458,23.4440751614286,0,33.0707294928571,-17.0740928185714,0,0,0,1328.99279442857,0.000206639406331764,0.0600548320227388,"32",24.1305707211072,1.75181182027365,10.5960577146786,14.727648573403,19.8225419712143,19.1150098807333,-7.993655264475,9.15172633797935,0.158478469482456
114,0.00359813227684635,20.94453667,0,35.19491922,-31.3476137575,0,0,0,1338.945874375,0.000259572370833534,0.0748753485391411,"32",21.6426961535714,1.72836695035651,10.3611400313929,14.2422877024143,21.7878683438214,20.0018818029476,-30.8781622127143,9.96664034488231,0.171997150098985
115,0.00365153924975763,18.2699014342857,0,38.7613561514286,-14.5514001782857,0,0,0,1347.73262671429,0.000312979343744814,0.0896092402483628,"32",18.861388936352,1.99144638085637,13.9726894093112,13.2012852452862,16.2452213950536,20.3524495549114,-37.2161528225944,14.6573310221141,0.177495153719697
116,0.00370495553442849,14.8356997825,0,44.48563823625,52.429513026875,0,0,0,1355.06437375,0.000366395628415674,0.104131706064639,"32",16.2692766128827,1.85603907909074,13.0686066235969,12.2886273499867,17.4869325761352,21.8261209619526,-13.070172824727,39.233375274616,0.180264942572266
117,0.00375818222004845,10.7684626465714,0,37.6598761185714,265.104190671429,0,0,0,1360.81011842857,0.000419622314035634,0.118395836896497,"32",14.3986876276448,2.17494107875733,11.7720478868254,11.1967547238469,18.2314197528552,21.5955072549188,54.580813980754,81.2854784619333,0.181397141505746
118,0.00381100388328504,9.2399617215,0.424881284875,15.090259761,480.450070075,0,0,0,1365.018884375,0.000472443977272224,0.132353088999994,"32",12.2140574756911,1.92633472919618,9.74662245383215,10.287870362805,17.6576630350125,20.1980360042994,192.532264907488,141.614308326966,0.181779336702691
119,0.00386311899050263,8.76984417942857,5.68896153314286,0.672049226857143,581.9307216,0,0,0,1367.40547885714,0.000524559084489814,0.145935333612313,"32",11.2691261891107,2.09548329902734,9.88383633193214,9.10106042681145,12.9006346230143,17.9717712418501,296.158155076182,190.938648223402,0.145935333612313
120,0.00391373042843195,8.787105523625,12.939940061375,0.45823936675,570.1191093875,0,0,0,1366.77152875,0.000575170522419135,0.158951440378518,"32",11.6151943585412,2.03489576104329,9.32951807717857,9.69988475144878,14.8262614165192,18.619521786143,257.367196331721,173.863390095768,0.174277983736217
121,0.00396028352727749,9.98490309714286,16.4172105185714,0.735049271714286,395.412953228571,0,0,0,1363.56255214286,0.000621723621264674,0.170776067652964,"32",12.7887570485482,2.04124613166339,10.311688071975,10.8355680389126,17.5861271903839,20.2657838601378,149.087753209488,139.075824988482,0.180207441124159
122,0.00397901508685543,11.63707339125,20.36698632125,0.17752842075,159.58750728375,0,0,0,1358.81616425,0.000640455180842614,0.175494770090824,"32",15.0998345573671,2.19047091466972,9.50904940668651,11.300200310371,22.8368663634663,21.6835918725989,33.7318343077817,74.7901274064369,0.180860562286208
123,0.0039446974503417,13.62148914,21.7383955914286,0.00531805642857143,21.1116767224286,0,0,0,1353.395896,0.000606137544328885,0.166832706680266,"32",17.370604528058,2.00093052638754,11.526257357433,12.3693583896001,19.6997661495647,21.1554215738496,-23.055044900913,34.5490753352405,0.179369460179466
124,0.00389610046405693,15.79448954875,22.15940982625,2.9e-06,-18.500394218375,0,0,0,1346.980292125,0.000557540558044114,0.154436619478275,"32",19.3725388342857,1.60135161437682,12.6082360064881,13.9100740691665,18.9527578108958,20.8683567762322,-40.3354459232976,13.2692468462304,0.176281546654359
125,0.00384489039933519,17.7568524042857,22.4682080857143,0,-40.4898589542857,0,0,0,1339.58906171429,0.000506330493322374,0.141205545737127,"32",21.5263362396429,1.57195407995416,8.63428335949405,13.4226082037122,24.0223768231845,18.7087784046245,-30.9564041368452,8.91649407578668,0.176411777442614
126,0.00379253602155168,19.714212335,24.13906645125,0,-37.2372147025,0,0,0,1331.18247725,0.000453976115538865,0.127495378566495,"32",23.5796622519643,1.31836419019565,10.5960577146786,14.727648573403,19.0163759960714,18.2704332423671,-10.9806530075607,9.20032851517071,0.166360091219575
127,0.00373960813163088,21.8532818171429,22.9150899071429,0,-9.05214055185714,0,0,0,1321.83669657143,0.000401048225618064,0.113441276940359,"32",25.494744940625,1.10414578199774,13.6410487691518,15.828347550017,15.0347435399554,18.2854599303638,1.44156869900893,4.37477874349271,0.15026664342085
128,0.00368633852501806,23.91208381625,25.3693637175,0,6.694391399625,0,0,0,1311.476644625,0.000347778619005244,0.0990941448129066,"32",27.5009626704911,1.28804239434332,10.8742127967678,12.7283946321472,9.00744844384822,16.9575583721815,3.61033657188393,2.62872689549476,0.128914594449616
129,0.00363289203664088,26.1281371,24.3507369685714,0,6.937556133,0,0,0,1300.19011528571,0.000294332130628064,0.0844894848129201,"32",28.73030765725,0.976630105834563,10.7004402012,9.99237957020448,4.1174824479,9.20670586265106,3.58028641389643,1.99750153141698,0.107486285253047
130,0.00357937917988061,27.93129560375,20.61881302625,0,5.97425944725,0,0,0,1287.907476875,0.000240819273867795,0.0696498217729058,"32",29.3657658217857,0.825108420429762,8.3483944425,7.77798150394964,1.27722467784375,2.5544493556875,2.98044628183928,1.71073757352607,0.0936855719634327
131,0.00352591622106526,29.0592828585714,16.32518658,0,4.49088496,0,0,0,1275.01755628571,0.000187356315052444,0.0546007736231662,"32",29.8659018224107,0.806167550827312,9.50072935566518,7.48734011513056,0.00030944675,0.0006188935,2.61965584239286,1.43394125587722,0.083952615161939
132,0.00347266918141622,29.75909826125,15.46489356625,0,4.49706789725,0,0,0,1261.69922625,0.000134109275403404,0.0393839655076116,"32",30.1957035133929,0.893388380314532,10.036617222375,3.80851955633227,0,0,2.62387538201786,1.43544442699561,0.0693869875796037
133,0.00341992682089989,30.1087420471429,9.54251513371429,0,4.49721657328571,0,0,0,1248.17351685714,8.13669148870743e-05,0.0240796045897964,"32",30.3769098497768,0.984603027561858,10.6998573683393,2.21772202809222,0,0,2.90517285111161,1.62943487133053,0.0549425749668742
134,0.00336862365997362,30.12616589,10.614793609125,0,4.47923893325,1.75,0.875,0,1234.551424375,3.00637539608043e-05,0.00896470302624319,"32",30.7118191155714,0.996107303582348,10.2034103089643,1.55504873434705,0,0,2.39730132727143,1.34055076796457,0.0420715340365627
135,0.00332402607309147,30.2461738014286,12.65365167,0,2.99072850328571,2,1,0,1220.93205742857,-1.45338329213458e-05,-0.00436282716171643,"32",30.7919280918214,0.984103962641639,7.953967281525,4.39266332738344,0,0,2.48181268258929,1.3555377059181,0.0276829903196128
136,0.00332120502233637,30.44676269875,10.654511305375,0,3.72557375975,2,1,0,1207.206134,-1.73548836764456e-05,-0.005211872379002,"32",30.6122441253572,1.02055556823804,8.11390847257142,3.23975308550856,0,0,2.52390098428571,1.26403882939402,0.0154105395008475
137,0.0033208846935361,30.6593908471429,8.92865721042857,0,4.09287461285714,2,1,0,1193.41416985714,-1.76752124767155e-05,-0.00530832659885583,"32",30.6149848946875,1.03773047081607,9.48824866246875,3.33782837729516,0,0,2.248963890625,0.865941431132223,0.00706947986897087
138,0.00329343694178935,30.88802374375,12.91290926875,0,3.00000303025,2,1,0,1179.49881125,-4.51229642234657e-05,-0.0136078650807674,"32",30.643598325,1.10412544550152,9.38844604607143,2.95220405578895,0,0,2.24858361235714,0.865480235926519,0.00237383510457128
139,0.00327591243622099,31.1854861228571,12.0171864171429,0,2.99811148314286,2,1,0,1165.49821057143,-6.26474697918255e-05,-0.0189431108093139,"32",30.6810885246875,1.18631336212656,8.03089960853125,3.62735298257009,0,0,2.24848164578125,0.865554762282029,-0.000228274778782536
140,0.00325819985571465,31.42089503875,2.852402324,0,2.998074051,2,1,0,1151.33013475,-8.03600502981656e-05,-0.0243646960405242,"32",30.3124031101429,1.28918156157342,8.54657396301428,4.92477871901658,0,0,2.09997556655714,0.81988648382186,-0.00224867779084498
141,0.00324219953525828,31.2357786985714,0.0572255354285714,0,2.99811148314286,2,1,0,1137.18838742857,-9.63603707545358e-05,-0.0292875788713758,"32",30.2504682398571,1.33523228194579,9.28482502813928,5.41637975672875,0,0,2.33748833068929,0.776031780122976,-0.00462108198687863
142,0.00323111659342777,30.94656352,0.091792399625,0,3.0039520005,2,1,0,1123.129571,-0.000107443312585046,-0.0327117750937864,"32",30.5208160830357,1.42998411449414,9.26809249813392,3.85130763957249,0,0,2.92323019505357,1.10474891472199,-0.0093065219156478
143,0.00322941332388913,30.6535208085714,4.22605470357143,0,4.19669989042857,2,1,0,1109.23288728571,-0.000109146582123686,-0.0332390598667613,"32",30.4784919087054,1.62812670661758,9.84464543916965,3.41222939407418,0,0,2.99792916664286,1.22370674066802,-0.00933312405049129
144,0.00323573558650643,30.44474250625,5.7320448355,0,4.496512823,2,1,0,1095.42105875,-0.000102824319506386,-0.0312832613152834,"32",30.4394825779911,1.84772719637732,8.36504908114286,5.88927891352369,0,0,2.99809600925893,1.22399915672349,-0.00812033966704764
145,0.00321898414346819,30.2948488814286,0.00395319928571429,0,4.497167225,2,1,0,1081.71004714286,-0.000119575762544626,-0.0364737206467982,"32",30.3627576545536,2.06160483305987,6.85433380174552,6.2253394310767,0,0,2.99663353914732,1.22631208040043,-0.00764307234292936
146,0.00317597763528966,30.05506180625,0.003029568125,0,4.497111076875,2,1,0,1068.064861875,-0.000162582270723156,-0.0499240450373968,"32",30.2360582839286,2.14542339336203,5.78241307800893,6.40403933612862,0,0,3.27996018147768,0.830169706111533,-0.00987492941283552
147,0.00312957034930919,29.7682568614286,0.480240034571429,0,4.497167225,2,1,0,1054.56549285714,-0.000208989556703626,-0.0646438196066672,"32",30.1167812898214,2.1250061089885,7.26516999214285,3.18425391314644,0,0,2.99868760093304,1.2229568886754,-0.0159589116650674
148,0.00309950670077724,29.4860868825,3.3516421535,0,4.497111076875,2,1,0,1041.163455875,-0.000239053205235575,-0.0742965757880532,"32",29.9840465675893,2.11301409809598,5.11935704876786,5.30379339088173,0,0,2.99806708191518,1.22404639582135,-0.0201575476542991
149,0.0031081116969733,29.0831669457143,1.08682982714286,0,4.497167225,2,1,0,1027.94859928571,-0.000230448209039516,-0.0715241755278875,"32",29.8152173634375,2.0754350251933,7.73018625487946,5.23537089816757,0,0,2.99761047051786,1.22318641776871,-0.0206794544184211
150,0.00312921640119166,28.7061122725,9.523371999625,0,4.4952380385,2,1,0,1014.886992125,-0.000209343504821156,-0.06475692398958,"32",29.7149892289286,1.97904165351639,8.66080227996429,5.92436021083323,0,0,3.13876039291072,1.46114676344166,-0.0182308485740128
151,0.00315752953862602,28.61889217,12.7685128,0,5.05785260085714,2,1,0,1001.97124041429,-0.000181030367386795,-0.0557496161617861,"32",29.6888646309375,1.84128108172053,8.09749677565179,5.38476821214449,0,0,3.57000446636607,1.42569247679351,-0.0147792136228924
152,0.00319153295631916,28.795102075,11.0860350175,0,5.68941339775,2,1,0,988.9941385125,-0.000147026949693656,-0.0450381948260086,"32",29.6988241116964,1.70419062622267,8.40629201564287,3.05726930950507,0,0,3.37446406737947,0.752806347051202,-0.0116506837861088
153,0.00322392105692285,29.0607120042857,10.8724951714286,0,4.50367358285714,2,1,0,975.940022528571,-0.000114638849089966,-0.0349412088018797,"32",29.7338543315179,1.63326266166725,10.238499586308,1.46654311502575,0,0,3.37277813110268,0.749358250889304,-0.00861231304657137
154,0.00324342094733865,29.28976492125,11.3633460525,0,4.496815507125,2,1,0,962.7470155875,-9.51389586741655e-05,-0.0289109265339711,"32",29.7856671727232,1.55495650687535,9.75959242367412,1.67417113767937,0,0,3.37182032216518,0.748754136411901,-0.0035297356493181
155,0.00324218235281747,29.4193654885714,8.60575400442857,0,4.49495068214286,2,1,0,949.494107614286,-9.63775531953458e-05,-0.0292928785099775,"32",29.8404858328571,1.47298108067467,9.93213035211607,1.48204595146682,0,0,2.88323251605357,0.71914552249572,0.00692435664349418
156,0.00322878727767333,29.34900482875,8.284300387,0,3.6340336705,2,1,0,936.207645925,-0.000109772628339486,-0.0334329362224199,"32",29.7281235788929,1.24797934534969,9.02628327679643,1.80498596666975,0,0,2.398567283275,0.82109430819904,0.0112259191891202
157,0.00322954368583823,29.2225571071429,8.83885036785714,0,2.99844378428571,2,1,0,922.991963742857,-0.000109016220174586,-0.0331986936141648,"32",29.8747877123571,1.09368755725245,8.05723566476786,2.39688403702973,0,0,2.65565260106786,1.17913865365522,0.0140385647936395
158,0.00326092677753587,29.09994720625,8.475249682875,0,4.283984704125,2,1,0,909.813200925,-7.76331284769458e-05,-0.0235281048681131,"32",29.9982978630714,0.969910316715511,8.05116172318214,2.77289144422713,0,0,2.69838940555714,1.25438208439995,0.0157337921370497
159,0.00330872386064597,29.0207408514286,7.98548618671429,0,4.49766872657143,2,1,0,896.697217885714,-2.98360453668458e-05,-0.00897697341660741,"32",30.1120200239286,1.04588834864929,8.87185338127678,2.34169598931188,0,0,2.99808808814732,1.22395096546107,0.0170234647267335
160,0.00335887683177554,28.90346776,7.74279896925,0,4.497111076875,2,1,0,883.605278525,2.03169257627245e-05,0.00606709350843904,"32",30.0895654251339,1.04239504427952,8.78359153742857,2.82411033656419,0,0,2.99809744616072,1.22398152864128,0.0190452807592714
161,0.00340842471733357,28.7904469342857,7.55957656085714,0,4.497167225,2,1,0,870.586043314286,6.98648113207543e-05,0.0207106760735103,"32",30.2369692625,1.00363188029367,8.15409582224286,3.11554245952587,0,0,2.99809276714643,1.05997262912741,0.0101321403437257
162,0.00345358309915752,28.67779834125,7.535255540375,0,4.497111076875,2,1,0,857.5950715375,0.000115023193144704,0.0338727224156381,"32",29.9962406429911,1.06408837175707,7.60476719083482,3.05403730001096,0,0,2.998088088125,1.22398152864128,0.017395166159725
163,0.00346843794669428,28.5693690957143,7.55673174271429,0,4.497167225,2,1,0,844.674219714286,0.000129878040681464,0.0381647838854189,"32",29.8829850766518,1.00945800402894,7.88075362190624,2.87297575278329,0,0,2.99809744618304,1.22395096546107,0.0237747565117797
164,0.00343085910342114,28.45207631375,7.612844242625,0,4.497111076875,2,1,0,831.7825153875,9.22991974083242e-05,0.0272711483345587,"32",29.77065779875,0.974777214361664,9.28943466934821,2.68012984011982,0,0,2.998088088125,1.22398152864128,0.0202604782551384
165,0.0033828458715576,28.34193047,8.40662598114286,0,4.497167225,2,1,0,818.961581985714,4.42859655447846e-05,0.0131777805298281,"32",29.7215180181697,0.985848107851009,10.6915475954018,2.90952062045513,0,0,2.99809744618304,1.22395096546107,0.0143468912832114
166,0.00333307931822196,28.28933707125,11.68724399875,0,4.497111076875,2,1,0,806.1569467,-5.48058779085547e-06,-0.00164295120739144,"32",29.7398553222321,1.02411777036174,10.3899293991295,2.89197595753084,0,0,2.998088088125,1.22398152864128,0.00468868727741816
167,0.00328375089714038,28.3267279314286,12.1762351171429,0,4.497167225,2,1,0,793.385406714286,-5.48090088724356e-05,-0.0165532124218792,"32",29.7725875041072,0.911963573422319,10.2998483861143,2.49597620391975,0,0,2.99809276714643,1.05997262912741,-0.0011801960912452
168,0.00323908979403238,28.4989950925,11.823386385,0,4.497111076875,2,1,0,780.5421175125,-9.94701119804357e-05,-0.0302471846567611,"32",29.7798709143572,0.982960848931703,10.2767522315964,2.43691531788377,0,0,2.99809276712857,1.05999909761789,-0.0087179085660057
169,0.00322778733302596,28.6865217571429,11.7215522042857,0,4.497167225,2,1,0,767.641267828571,-0.000110772572986856,-0.0337426808423409,"32",29.770222079,1.08671553253597,10.3585436985929,2.43592983912152,0,0,2.99809276714643,1.05997262912741,-0.0129334578909126
170,0.00326478396553142,28.87739038125,11.9015168525,0,4.497111076875,2,1,0,754.6328451875,-7.37759404813958e-05,-0.0223459536884496,"32",29.735974664,1.21314003925184,10.8103225347179,1.65116208518369,0,0,2.99809276712857,1.05999909761789,-0.0137591080953023
171,0.00330524903957789,29.03655895,10.7639694771429,0,4.497167225,2,1,0,741.5598002,-3.33108664349255e-05,-0.0100277250102803,"32",29.6773794541786,1.29648389960236,9.84898671488572,4.88034930882499,0,0,2.99806020483214,1.0599726309095,-0.0123697443085596
172,0.00331620896024144,29.069498485,12.78320735,0,4.497111076875,2,1,0,728.3864293375,-2.23509457713757e-05,-0.00671729690157985,"32",29.5948304507143,1.21642315985381,8.77119604545716,5.25199932686746,0,0,2.98699455464643,1.06030576061255,-0.0113628294706897
173,0.00329663626319402,29.1037955471429,11.6616974471429,0,4.49721657328571,2,1,0,715.164451857143,-4.19236428187957e-05,-0.0126369133297297,"32",29.5107190155357,1.08683897480649,7.89424768953929,4.56984361110179,0,0,2.65210297439643,1.19865105052806,-0.00991168593467627
174,0.0032561933644707,29.09783556625,11.74521209125,0,4.33861393325,2,1,0,702.0099089125,-8.23665415421158e-05,-0.0249807138883824,"32",29.4254370803214,0.967242890564106,7.85855265933215,4.52578298609553,0,0,2.09403720865714,0.822451133168905,-0.0154530951815519
175,0.00320967974800606,29.1060361328571,11.6142201571429,0,2.99182921814286,2,1,0,688.877525857143,-0.000128880158006756,-0.0393683817541692,"32",29.7074103439286,0.827946482088703,5.85260130020714,5.25985257729638,0,0,2.39846557770714,0.821045093318096,-0.0289208559958981
176,0.00317020532858524,29.13103163625,10.49906257625,0,2.99803087125,2,1,0,675.71185015,-0.000168354577427576,-0.0517431883388788,"32",29.5527187410357,0.719651817028939,6.33489930349285,4.43699672601191,0,0,2.39847421365714,0.82107006183002,-0.0363567232274516
177,0.00317259193522176,29.1635345285714,10.1275298885714,0,2.99811148314286,2,1,0,662.555533471429,-0.000165967970791056,-0.0509906475986863,"32",29.5753723894047,0.745898343186957,8.67952750127381,3.06635647093781,0,0,2.24856801563095,0.821056393544009,-0.0389319399223893
178,0.00321451814115266,29.19847168375,9.9494541875,0,2.998074051,2,1,0,649.3623317875,-0.000124041764860156,-0.0378620788680228,"32",29.4908412690774,0.735774047639348,10.2303919752083,1.7016238812384,0,0,2.24857113497619,0.821066644758517,-0.0395172215833014
179,0.00326376412477475,29.2153362685714,9.72822633014286,0,2.99811148314286,2,1,0,636.179875514286,-7.47957812380655e-05,-0.0226583786624603,"32",29.3387023656429,0.620737549582747,10.5744987853893,1.77299638847929,0,0,2.39847047044286,0.821058102106425,-0.0354314382832077
180,0.00331443853326925,29.2283890025,9.639790869375,0,2.998074051,2,1,0,622.966769325,-2.41213727435658e-05,-0.00725131019744385,"32",29.4052313414286,0.5741128764029,10.4483800242179,1.50670724765964,0,0,2.39847795687143,0.82106493624943,-0.029999707640476
181,0.00336504028342079,29.2355697285714,9.60120178571429,0,2.99811148314286,2,1,0,609.773695885714,2.64803774079744e-05,0.00790038594277043,"32",29.4875969076429,0.556877558735088,10.4283742888107,1.23484472198314,0,0,2.39847047044286,0.821058102106425,-0.0235299300809464
182,0.00341398317948862,29.2356564,9.653203135125,0,2.998074051,2,1,0,596.553981875,7.54232734758043e-05,0.0223401486310175,"32",29.5805339341429,0.590723399635868,10.5708310306107,1.14709775424216,0,0,2.39847795687143,0.82106493624943,-0.0162144138904202
183,0.00345468566396364,29.2325969514286,9.59499201342857,0,2.99811148314286,2,1,0,583.352253014286,0.000116125757950824,0.0341919238889359,"32",29.7021982721786,0.68860771231153,9.92993784641429,1.88770447065553,0,0,2.39847047044286,0.821058102106425,-0.00990369721098956
184,0.00344716538998495,29.24563535875,9.76789003375,0,2.998074051,2,1,0,570.1414526875,0.000108605483972134,0.0320127181430871,"32",29.7389954483482,0.901170707621087,9.38727340514288,3.67892363085871,0,0,2.24857893333929,0.865485638824686,-0.00502988273320621
185,0.003404107700821,29.2527911914286,12.2651391771429,0,2.99811148314286,2,1,0,556.941121928571,6.55477948081845e-05,0.0194433009775254,"32",29.8580780347768,1.00267289985374,10.1518892155268,3.01757648107874,0,0,2.24856021726786,0.865464027366931,-0.00135906590830412
186,0.00335623561209299,29.30131287625,13.14173475125,0,2.998074051,2,1,0,543.7118459375,1.76757060801743e-05,0.00528044406297834,"32",29.9017676362053,0.94253677072345,11.3488360117098,1.10210779743561,0,0,2.24857893333929,0.865485638824686,4.16384332193154e-05
187,0.00330967930319829,29.4451837128571,12.1337965157143,0,2.99811148314286,2,1,0,530.455156357143,-2.88806028145255e-05,-0.00868825044025456,"32",29.941054363125,0.871942697537787,11.2316760318571,0.949401991498927,0,0,2.24856021726786,0.865464027366931,-0.000688325587717831
188,0.00328400176040379,29.62768946125,11.76025177,0,2.998074051,2,1,0,517.109913325,-5.45581456090254e-05,-0.0164768200030494,"32",29.9877267667411,0.833285216870741,11.1499178729911,0.974134335117608,0,0,2.24857893333929,0.865485638824686,-0.000308209962752226
189,0.0032946769319877,29.79160383,11.7718992585714,0,2.99811148314286,2,1,0,503.701885014286,-4.38829740251156e-05,-0.0132314325542184,"32",30.0479075542857,0.837335094662055,11.4665012048571,1.20391560474921,0,0,2.24856021726786,0.865464027366931,0.00354445411998601
190,0.00330069039056123,29.93580674,12.1923742075,0,2.998074051,2,1,0,490.2017814375,-3.78695154515858e-05,-0.011407891949589,"32",30.1017729984822,0.882756873595347,11.3709900195893,0.873601085391961,0,0,2.24857893333929,0.865485638824686,0.00595444483015603
191,0.00328942260242618,30.0701580157143,11.6732759485714,0,2.99811148314286,2,1,0,476.655011085714,-4.91373035866357e-05,-0.0148274991051167,"32",30.1568491749554,0.944470062625876,11.1828170813393,0.693595913880506,0,0,2.24856021726786,0.865464027366931,0.00718428300737677
192,0.00327592850880296,30.15204409,11.11462193375,0,2.998074051,2,1,0,463.04822865,-6.26313972098558e-05,-0.0189382045298068,"32",30.2141904586161,1.0280071865228,11.1365914370982,0.341910709918636,0,0,2.24857893333929,0.865485638824686,0.00520285312016997
193,0.00327622597145486,30.28605933,10.9707176871429,0,2.99811148314286,2,1,0,449.407371642857,-6.23339345579557e-05,-0.0188474061080299,"32",30.2925715923214,1.11722600790767,11.3345470335268,0.846440945276924,0,0,2.24856021726786,0.865464027366931,0.00328506545980901
194,0.00330753065587352,30.46026376375,11.03017776125,0,2.998074051,2,1,0,435.679463125,-3.10292501392957e-05,-0.00933766230677602,"32",30.3460382517411,1.19517597154314,11.2114171694197,0.703334941192155,0,0,2.24857893333929,0.865485638824686,0.00244606158247112
195,0.00335579937511747,30.6627270771429,11.0533534071429,0,2.99811148314286,2,1,0,421.884914528571,1.72394691046545e-05,0.00515045756440813,"32",30.3751747053125,1.23606409499718,8.501676215125,5.29377392003879,0,0,2.24856021726786,0.865464027366931,0.00437661964728668
196,0.00340688059011849,30.90489275875,11.0937824025,0,2.998074051,2,1,0,407.9711952875,6.83206841056742e-05,0.0202575409235708,"32",30.3159197929018,1.17411112266657,8.068175852625,5.47832187194334,0,0,2.24857893333929,0.865485638824686,0.00974009481995915
197,0.00345843110549111,31.1387221485714,10.7530977728571,0,2.99811148314286,2,1,0,393.966817214286,0.000119871199478294,0.0352754993326876,"32",30.2272167995089,1.1262095289325,8.01361032192857,5.46724006110065,0,0,2.24856021726786,0.865464027366931,0.0141380866915096
198,0.00350961880875934,31.32553896375,10.68912493875,0,2.998074051,2,1,0,379.855532775,0.000171058902746524,0.0499678804817743,"32",30.1301437024553,1.15521889310512,7.60459151101786,5.32316788897147,0,0,2.24857893333929,0.865485638824686,0.0146348737546041
199,0.00355936774796692,31.51426164,8.45681577628571,0,2.99811148314286,2,1,0,365.668185114286,0.000220807841954104,0.0640433802020812,"32",29.9933520040179,1.11279094703549,8.16315661676786,5.37645864512651,0,0,2.24856021726786,0.865464027366931,0.0132162209001844
200,0.00360298426538069,31.4527911925,10.207971742,0,2.998074051,2,1,0,351.4293148,0.000264424359367875,0.0762229143243562,"32",29.7265260314643,0.989564361123849,10.2282233891071,1.63788818631559,0,0,2.09867429498572,0.821070061723363,0.0117610548957183
201,0.00360868338569015,31.3768608457143,7.835232499,0,2.99811148314286,2,1,0,337.252865157143,0.000270123479677334,0.0778034423280172,"32",29.7486024601429,0.880319533420435,8.37303603507142,5.26884908115225,0,0,2.09865557891429,0.821052976365847,0.00996946774290623
202,0.00356769114746449,31.2011869875,0.063197532375,0,2.998074051,2,1,0,323.0995401125,0.000229131241451674,0.0663790990926367,"32",29.6577019634286,0.862291987113525,8.31404692117142,4.52027108415535,0,0,2.09867429498572,0.821070061723363,0.0117622046747873
203,0.00351912329758684,30.7913511,3.15850564328571,0,2.99811148314286,2,1,0,309.103557314286,0.000180563391574024,0.0526723457207421,"32",29.6253286912857,0.922656642062237,9.09493614380358,5.03141134582347,0,0,2.09865557891429,0.821052976365847,0.0122538204127729
204,0.00346922919163143,30.4370792225,9.434409512625,0,2.998074051,2,1,0,295.2792589875,0.000130669285618614,0.0383928850329642,"32",29.8905756305357,1.03785915948913,6.14989486849107,5.61994379725307,0,0,2.24857893333929,0.865485638824686,0.00290378851344141
205,0.00342114060359798,30.2599484685714,2.85399772942857,0,2.99811148314286,2,1,0,281.572345185714,8.25806975851642e-05,0.0244344564279739,"32",29.8505236724553,1.14614013990269,8.29016544284375,3.82920683531529,0,0,2.24856021726786,0.865464027366931,-0.000201984249113723
206,0.00339209564630785,29.96677196625,6.033441536625,0,2.998074051,2,1,0,267.9612938625,5.35357402950344e-05,0.015908366528266,"32",29.7884764765625,1.15165297940204,10.2840271399821,1.59783913500619,0,0,2.24857893333929,0.865485638824686,-0.0053714516092426
207,0.00337840514412655,29.7525847142857,11.4162093457143,0,2.99811148314286,2,1,0,254.491371642857,3.98452381137342e-05,0.0118641987894277,"32",29.8153931447321,1.07317941681443,10.241295848933,1.70062205733997,0,0,2.24856021726786,0.865464027366931,-0.00881344973965752
208,0.00334217262322406,29.80637451375,12.427894615,0,2.998074051,2,1,0,241.0402356375,3.61271721124445e-06,0.00108153333169181,"32",29.9154751230803,0.928100493300766,8.19117352332589,4.55899811239778,0,0,2.24857893333929,0.865485638824686,-0.00906752972356483
209,0.00330080935974088,29.9867663557143,12.6899007385714,0,2.99811148314286,2,1,0,227.542077257143,-3.77505462719357e-05,-0.0113718488743615,"32",30.0053316758482,0.620963076803577,6.40644060563393,5.33561781556061,0,0,2.24856021726786,0.865464027366931,-0.00238344854020944
210,0.00328566600393387,30.1936930875,13.29941947875,0,2.998074051,2,1,0,213.9493470125,-5.28939020789454e-05,-0.0159701753522965,"32",30.0997023826339,0.335845447165468,6.88896387684821,5.08869265483303,0,0,2.24857893333929,0.865485638824686,-0.00506452539244071
211,0.00329076729033939,30.38768985,12.20291573,0,2.99811148314286,2,1,0,200.275771042857,-4.77926156734255e-05,-0.0144187911763272,"32",30.2467207077678,0.283482424755124,6.63762834789732,5.1292945516063,0,0,2.24990432925,0.867308958314509,-0.00673913885639914
212,0.00330466800108938,30.5733820325,12.39935911875,0,3.0039520005,2,1,0,186.5072796375,-3.38919049234355e-05,-0.0102035331085828,"32",30.4266243033482,0.339274773171921,6.6497405610491,4.54628767882733,0,0,2.63666387841071,1.22106098274784,-0.00462490711203429
213,0.00332560673434609,30.7446402128571,12.0256350628571,0,4.19669989042857,2,1,0,172.6663745,-1.29531716667255e-05,-0.00388741407271631,"32",30.4666532193304,0.362305695548345,9.78557600236607,2.65996281730175,0,0,2.99733731198214,1.22371485002553,0.00124326548581388
214,0.00335007457428568,30.8716008225,11.694123890375,0,4.496512823,2,1,0,158.7447092875,1.15146682728644e-05,0.0034430583215963,"32",30.4222803956697,0.372279672001142,8.38406593497768,4.51922645577442,0,0,2.99765960280357,1.22397422139034,0.00876867582086884
215,0.00338614175974897,30.8823773914286,1.98473798528571,0,4.497167225,2,1,0,144.789775914286,4.75818537361544e-05,0.0141516007032338,"32",30.3133875087947,0.358494610511495,7.27120509714732,5.03976949659101,0,0,2.68405468180804,1.37568431219263,0.0167674870046612
216,0.00341829943300068,30.53944458625,0.001660311875,0,4.497111076875,2,1,0,130.9121464,7.97395269878645e-05,0.0236036367519645,"32",30.159790841384,0.458749235684642,7.66973966647322,5.41060956988225,0,0,2.62313067014732,1.43546317214662,0.0259869975388802
217,0.0034282684436052,30.1489772614286,0,0,4.497167225,1.14285714285714,0.571428571428571,0,117.207997271429,8.97085375923842e-05,0.0265157578433248,"32",29.9080882538839,0.457051354958969,9.18632114415177,7.12036305878388,0,0,2.77693955387947,1.30141328296439,0.0367846145227046
218,0.00342951315353376,29.78575569125,0,0,4.497111076875,0,0,0,103.66622230375,9.09532475209442e-05,0.026878764418643,"32",29.626286745625,0.364328782611011,7.71434565791965,7.95432437899996,0,0,2.98599372742411,1.22461887820373,0.0462630745482525
219,0.00344164846152004,29.38346678,0,0,4.49812812285714,0,0,0,90.2961608571429,0.000103088555507224,0.0304110114913705,"32",29.2395829221875,0.366543983166417,7.25392330567857,8.60514845095139,0.0013563534375,0.002712706875,2.30783331601339,1.60780525634801,0.052428600739093
220,0.00346567394798526,28.8659830575,0,0.00542541375,4.186359860625,0,0,0,77.136129085,0.000127114041972444,0.0373675660678616,"32",28.5162424690179,0.597540302095538,10.9504141941072,12.8880221518249,0.249748598178571,0.495108477466444,1.64104517075446,2.08504991809327,0.0562519709410596
221,0.00348885791418216,28.3642623214286,0,0.992396660857143,3.00686861914286,0,0,0,64.2097960214286,0.000150298008169344,0.0440348880021091,"32",27.3971712219196,1.30957914049631,11.5807061117857,13.4587073079889,5.2688148093125,7.02831143130928,0.170824746776785,2.54420095650763,0.0583968744392037
222,0.00352096131629304,27.87362906125,0,14.847493116875,1.6639471145,0,0,0,51.50889625625,0.000182401410280224,0.0531945038471155,"32",26.1236540204911,1.93935075718972,11.4718560128571,13.2744320212725,14.0250134689286,16.5730918028428,-3.21089564976339,2.91020546072679,0.0598719843698902
223,0.00356717574226218,26.8870552028571,0,32.36268879,-6.44885810514286,0,0,0,39.10021474,0.000228615836249364,0.0662346240248537,"32",24.5349231519196,2.12777769310911,11.1807864307589,12.9111539995649,16.73145757875,19.3813843135563,-12.7292659599821,6.13898600437934,0.0624025882622806
224,0.00361878741147091,25.09911275125,0,35.3533493525,-18.83677991875,0,0,0,27.3782247875,0.000280227505458094,0.0805994500511096,"32",21.3983707392857,2.56692187206052,15.2387464454762,11.822648398481,12.8995003878095,20.0826342284594,-19.8465250712262,19.4522140849236,0.0650337029310752
225,0.00367111486528959,22.7427637557143,0,41.8449506128571,-15.3665871788571,0,0,0,16.60919863,0.000332554959276774,0.0949558430845379,"32",19.0105343758036,2.42339674352694,15.0437524647917,11.6917793815489,14.4159418436875,22.5114790377799,-6.26839545094643,24.2617846203552,0.0809313188710128
226,0.00372336524797129,19.01425904625,0,47.78780447,21.059289536375,0,0,0,7.293029830375,0.000384805341958474,0.109088344658375,"32",15.5733619680357,2.88857014561437,10.3512067666964,11.1192404759525,20.1504669567522,21.6901432959484,79.0720015547344,92.4012007695933,0.0934132898925117
227,0.00377502937346904,14.7902515914286,0,43.6204582271429,100.209914465714,0,0,0,-0.269958494857143,0.000436469467456224,0.122868612113488,"32",10.5263714962802,4.61797803952992,7.66307424203571,9.63809070732991,20.6692221495357,20.4371001993725,180.392852209283,196.977495647762,0.105438067333868
228,0.00382511110669774,12.28119754,0,33.187309655,242.2246948,0,0,0,-6.29604741475,0.000486551200684924,0.136047962403849,"32",9.77684777803571,3.91319049528344,6.93415584767857,9.41860837729196,19.4888761393036,19.6381557305957,152.303246751474,190.131321928567,0.110016650717931
229,0.00387013007877303,10.71591756,0.00222500842857143,21.6546067414286,399.5212695,0,0,0,-10.938761151,0.000531570172760214,0.147748566303307,"32",9.06290689175824,2.73806022460144,8.01413552421292,8.93758658483719,11.5899809488585,16.7119989770186,167.486344687151,188.645724989063,0.131160916224803
230,0.00387968576031752,9.8778663595,4.55215440575,0.69346245725,479.446882925,0,0,0,-13.12482159375,0.000541125854304704,0.150214608423255,"32",6.17924328905754,4.90829510589405,5.76015099669544,8.09004538387841,20.8381148664117,25.5931447363669,121.665339538502,161.721116589965,0.135406149365684
231,0.00384076293799168,9.40751389842857,14.0447303787143,0.402155004142857,500.116245157143,0,0,0,-12.3613486128571,0.000502203031978865,0.140131476571699,"32",6.08499330106448,4.87321505858583,5.58842007455655,8.17879917987021,23.1907063699603,25.5291704611533,99.5397971675853,146.617569185997,0.131609444242147
232,0.0037917974610904,10.307901948875,17.2244721325,0.62718167775,383.874681125,0,0,0,-8.98286124225,0.000453237555077585,0.127300619080819,"32",9.51882975853983,3.02233743149171,8.18340562383242,9.91602836059671,15.9374601484052,18.7350596906296,145.572299544346,189.543919048996,0.125524371950053
233,0.00374077766114913,11.9548260457143,19.2323955042857,0.272373451428571,193.999678057143,0,0,0,-4.146777263,0.000402217755136314,0.113753969234288,"32",9.95126089390659,4.24543124662567,6.20476338847528,9.2202269368205,22.5686557635137,19.5098911434038,166.773918636316,202.036050794397,0.108281229938869
234,0.0036889517767507,13.78733146125,19.5386324775,0.006546304,47.884211611125,0,0,0,1.397074763125,0.000350391870737884,0.0998027953647389,"32",11.3017562535867,5.17295011007601,7.11571179617602,9.48375833311334,22.4492222189566,20.7035008518572,169.689799790916,194.475455942141,0.097925315449232
235,0.00363691610223823,15.6476021385714,23.0032562314286,7.11325714285714e-05,-23.466889653,0,0,0,7.59277267957143,0.000298356196225414,0.0855965472885059,"32",15.852502653817,3.12054406217393,10.3512067666964,11.1192404759525,20.786292160346,22.5048844214636,80.0189075180625,91.66896543951,0.0921070353286897
236,0.00358513348206572,17.8774885425,21.99655276125,0,-42.75672149125,0,0,0,14.82404176375,0.000246573576052905,0.0712561566440453,"32",18.5757830688775,3.03137067727993,12.5435135007143,11.8174106299403,18.2717384514872,22.940911210217,6.58912894616071,23.7608702234548,0.0791233063859524
237,0.00353430543665378,20.0286978028571,22.6667756542857,0,-44.9511559057143,0,0,0,23.2050668585714,0.000195745530640965,0.0569772483872315,"32",21.7785774248214,2.81315774275469,9.20916731796428,12.6310388784369,23.2178117148714,21.3112937302304,-15.7535084985536,16.2933927898365,0.0706239972389511
238,0.00348712465614565,21.82930299625,22.19763390875,0,-16.93470664625,0,0,0,32.62730204625,0.000148564750132834,0.0435379664559292,"32",23.1727235796875,2.4735113532979,11.3466605207589,13.1020129396029,17.7263340102678,20.4687680639713,-20.2035529481428,17.4358605434043,0.0696804823143583
239,0.0034619957168145,23.6140502014286,23.9967350414286,0,-2.99256735428571,0,0,0,42.8522908228571,0.000123435810801684,0.0363056703400968,"32",24.9819087648214,2.44930904966878,11.1807864307589,12.9111539995649,15.983792438125,18.4593128892128,-9.63228550658036,5.06089886079104,0.0639009386094823
240,0.0034799458682186,25.674587415,25.02680642,0,-0.654223062875,0,0,0,53.98646136,0.000141385962205784,0.0414771891933938,"32",26.4736490286429,1.85291487883688,9.17748481028572,12.588828586945,14.1895093985179,14.3574309499767,-2.23592709691071,3.33238507123521,0.0539479805803579
241,0.003521773902873,27.90429752,24.9550926914286,0,1.95585874185714,0,0,0,66.0869816971429,0.000183213996860184,0.053425262646134,"32",27.5905894418214,1.21379618670812,9.26456488942858,12.7544169843665,4.41353117962143,6.3800800635801,0.73803352125,2.54231151700924,0.0518519724720874
242,0.00356927604317034,29.20021116125,12.059269165,0,1.4980739,0,0,0,79.07964741625,0.000230716137157524,0.0668232361175543,"32",28.5861905867143,0.540605683763762,8.76033135528572,12.1884433150402,0.200883961292857,0.442479453798952,2.15010810872857,2.13454919006326,0.0583502381491927
243,0.00361546099280099,29.28684216,10.9239903367143,0,1.49905574157143,0,0,0,92.3128319185714,0.000276901086788174,0.0796798192542383,"32",29.3689538528125,0.269098389483526,7.25392330567857,8.60514845095139,0,0,2.38577538157143,1.73198756026742,0.0548749995443955
244,0.00364471106832513,29.31622535375,12.98771673625,0,1.4990370255,0,0,0,105.545132705,0.000306151162312314,0.0877375437080703,"32",29.7268589734375,0.328743112678379,7.71434565791965,7.95432437899996,0,0,2.98573946592857,1.22420030304455,0.0484168867848758
245,0.00361980419892753,29.6014876957143,11.6942058271429,0,1.49905574157143,2.57142857142857,0.857142857142857,0,118.854480514286,0.000281244292914715,0.0808803852080962,"32",29.9988936464286,0.460712348443152,9.18632114415177,7.12036305878388,0,0,2.77695359091072,1.30143802137025,0.0379255985981912
246,0.00357253031560051,29.91925432625,11.35916015,0,1.4990370255,3,1,0,132.3040442,0.000233970409587695,0.0677345665011533,"32",30.2574076725893,0.495733945198026,7.67015474444197,5.40982505881314,0,0,2.62311663311607,1.4354387379073,0.026251815404093
247,0.00352246432853764,30.2115797114286,11.6136926357143,0,1.49905574157143,3,1,0,145.889398414286,0.000183904422524825,0.0536212882842699,"32",30.4271854853214,0.401420834825873,6.213911674775,4.96374902055249,0,0,3.04667719044643,1.44113008224993,0.0170581410381532
248,0.0034735560155931,30.4676334125,12.32671094625,0,1.4990370255,3,1,0,159.59363275,0.000134996109580285,0.0396393082674598,"32",30.5121444810357,0.379897202980438,9.04607752605715,4.18435808130068,0,0,3.29743024684286,1.25415185129621,0.00936041109856579
249,0.00343210484958581,30.6265846571429,6.21149055357143,0,1.49905574157143,3,1,0,173.406062785714,9.35449435729946e-05,0.0276341827758229,"32",30.5222506180357,0.337497283669196,10.2335878144643,2.51199613076304,0,0,3.23720982767143,1.18777213494226,0.00181334099231724
250,0.00339233868267155,30.394402015,5.68101758675,0,1.4990370255,3,1,0,187.19454795,5.37787766587343e-05,0.0159800118106448,"32",30.4559758491786,0.301061613289208,7.79966427258928,4.70246440239633,0,0,2.71012150282857,1.07015071630935,-0.00400505977908446
251,0.00336833304424389,30.1882386542857,8.79855214785714,0,1.49905574157143,3,1,0,200.878098414286,2.97731382310745e-05,0.00887842795159433,"32",30.2749145362143,0.253468289281159,7.75068582431786,5.09182989473645,0,0,2.39954576002857,0.822272102717063,-0.00588584415418492
252,0.00334779581827698,30.15719494625,7.89410305525,0,1.4990370255,3,1,0,214.5054875375,9.23591226416418e-06,0.00276261636168318,"32",30.1185005236071,0.293872376732782,8.17105499722857,5.25736463509091,0,0,2.39847795687143,0.82106493624943,-0.00385278650801229
253,0.00332027539473446,30.1879316942857,9.60582537714286,0,1.49905574157143,3,1,0,228.135876185714,-1.82845112783555e-05,-0.00549181827106437,"32",30.0016186118214,0.53783388819166,7.66313263222142,5.40814084078242,0,0,2.39847047044286,0.821058102106425,-0.00860226037881473
254,0.00331216011643898,30.2926367925,9.5582637405,0,1.4990370255,3,1,0,241.7940292375,-2.63997895738354e-05,-0.0079389682168074,"32",29.8936550012143,0.805238152871617,9.03851774166071,4.37930462098289,0,0,2.39847795687143,0.82106493624943,-0.0100824360290905
255,0.0033235241750047,30.4381760642857,9.06697006971429,0,1.49905574157143,3,1,0,255.512018957143,-1.50357310081156e-05,-0.00451382957731106,"32",29.8028314586429,0.929824997132603,10.4762785482893,1.56370421800838,0,0,2.39847047044286,0.821058102106425,-0.010881214592566
256,0.00334769955013493,30.563130335,4.941455203375,0,1.4990370255,3,1,0,269.29367615,9.13964412211418e-06,0.00273386027004729,"32",29.8241355745,1.00054300010184,9.43391001931072,2.35123648753404,0,0,2.39847795687143,0.82106493624943,-0.00749943342299346
257,0.00338916159498417,30.4143875628571,0.294042878714286,0,1.49905574157143,3,1,0,283.085422942857,5.06016889713543e-05,0.0150430250979579,"32",29.9238177980357,1.16526657084329,7.49530449104464,4.68758558505245,0,0,2.24856957530357,0.865474833230721,-0.00266562831682249
258,0.00343558931032254,30.0985015575,0.30754127675,0,1.4990370255,3,1,0,296.7559930625,9.70294043097244e-05,0.028648922469559,"32",29.6543618475,1.11348623386644,8.67856079286072,4.9865975194014,0,0,2.09866680855714,0.821059810615511,0.00899213087552929
259,0.0034654208908681,29.81247627,3.575713714,0,1.49905574157143,3,1,0,310.3001586,0.000126860984855284,0.0372945452491154,"32",29.6961830667857,1.01004315955136,7.83975536993572,5.66808988036153,0,0,2.09866306534286,0.821063227687014,0.00776287315633193
260,0.00346721754832076,29.487061295,6.173573197875,0,1.4990370255,3,1,0,323.6976676,0.000128657642307945,0.0378128637671837,"32",29.9149494674405,0.995939579871329,6.93890535637202,5.26235370141864,0,0,2.24857425432143,0.821063227687014,0.00569366085058181
261,0.00346184207480122,29.1284842457143,11.5292043588571,0,1.49905574157143,3,1,0,336.937322257143,0.000123282168788404,0.0362612897484391,"32",29.6989684484286,0.929638393846662,8.40762996587142,5.29525400822901,0,0,2.09865557891429,0.821052976365847,0.0125986499434595
262,0.00347357643872623,29.03214611875,9.94782137125,0,1.4990370255,3,1,0,350.0721561625,0.000135016532713415,0.0396451878538002,"32",29.9001210096429,1.05107027520356,10.2983238935714,1.88258946037683,0,0,2.24858361235714,0.865480235926519,0.0145494681915265
263,0.00351324146033693,28.9845223685714,9.88730070457143,0,1.49905574157143,3,1,0,363.178345271429,0.000174681554324114,0.0509995546592252,"32",30.0052579415625,1.09856324207814,8.1782867834375,5.38300914764459,0,0,2.24855553825,0.865469430197641,0.0149633381586885
264,0.00356255830966743,28.97776582125,9.4396598635,0,1.4990370255,3,1,0,376.2664051625,0.000223998403654615,0.0649393630579933,"32",29.9625680371786,1.06783256932375,8.63278439552857,5.08903275997236,0,0,2.09867429498572,0.821070061723363,0.0195995206584288
265,0.0036124242015831,28.9968317542857,9.25891561571429,0,1.49905574157143,3,1,0,389.365192228571,0.000273864295570284,0.0788395205414396,"32",30.0597378967143,1.04663028915552,8.9426393231,5.14223622028825,0,0,2.09865557891429,0.821052976365847,0.0223257603556242
266,0.00365904258071896,28.99436350875,9.4866074605,0,1.4990370255,3,1,0,402.460503375,0.000320482674706144,0.0916619724562189,"32",30.1651709536786,1.07090198207168,8.83023367614286,5.07059104482901,0,0,2.09867429498572,0.821070061723363,0.0209622764602919
267,0.00368186160674401,28.99442731,10.231976753,0,1.49905574157143,3,1,0,415.563250171429,0.000343301700731194,0.097878944730553,"32",30.2349888068571,1.11542501069587,9.05886674902858,4.82094920374259,0,0,2.09865557891429,0.821052976365847,0.017346214184907
268,0.00366460378296576,28.99682865125,10.39041926625,0,1.4990370255,3,1,0,428.6582258,0.000326043876952945,0.0931806703527718,"32",30.4971884030357,1.1491329571388,9.5613619782381,4.42499678929629,0,0,2.24857425432143,0.821063227687014,0.0149037143472021
269,0.0036612491696825,29.0118196842857,10.2840145228571,0,1.49905574157143,3,1,0,441.767919314286,0.000322689263669684,0.092264841589123,"32",30.2954224233929,1.18150252024051,11.2056232579464,0.705164144246639,0,0,2.24856957530357,0.865474833230721,0.00678395297027766
270,0.00367109736143534,29.00432911875,10.78388443125,0,1.4990370255,3,1,0,454.8671797625,0.000332537455422524,0.0949510750791376,"32",30.2490204838839,1.11189280167552,11.319682015,0.854055830689559,0,0,2.24856957530357,0.865474833230721,0.00360554991819759
271,0.00364230183308097,28.9972357385714,10.2273594328571,0,1.49905574157143,3,1,0,467.970580885714,0.000303741927068154,0.0870763028681214,"32",30.1806866486161,1.02706756381906,11.17256749875,0.325832395962727,0,0,2.24856957530357,0.865474833230721,0.0050158398305018
272,0.00359445170353154,28.9631556525,10.0781033655,0,1.4990370255,3,1,0,481.062603225,0.000255891797518725,0.0738519128604569,"32",30.1363776563839,0.945495819406979,11.3224805850446,0.730548109407834,0,0,2.24856957530357,0.865474833230721,0.00432826716144854
273,0.0035456864532084,28.9379872971429,9.81454512442857,0,1.49905574157143,3,1,0,494.146702385714,0.000207126547195585,0.06019223117623,"32",30.0681851795536,0.886906950988872,11.5007645843215,0.967034301335361,0,0,2.24856957530357,0.865474833230721,0.000133202458247883
274,0.00349639270653539,28.89178635125,9.73418827625,0,1.4990370255,3,1,0,507.2050567625,0.000157832800522575,0.0461922322318138,"32",30.0118568267857,0.84682083287321,11.361382467625,1.135842552125,0,0,2.24856957530357,0.865474833230721,0.00540844152823095
275,0.00345151046342595,28.85156401,9.83348128742857,0,1.49905574157143,3,1,0,520.253870257143,0.000112950557413134,0.0332724015901498,"32",29.9467481745536,0.850007535834165,11.1470060008482,0.971669665129264,0,0,2.24856957530357,0.865474833230721,0.00148830226394746
276,0.00344334896296567,28.81834590625,9.777984111125,0,1.4990370255,3,1,0,533.2777265125,0.000104789056952854,0.030904984495562,"32",29.8954279260268,0.898186182701799,11.3250622182857,1.03338240123798,0,0,2.24856957530357,0.865474833230721,0.000200554951452917
277,0.00346775397600481,28.7999817828571,9.52492598585714,0,1.49905574157143,3,1,0,546.295491171429,0.000129194069991994,0.0379675659653884,"32",29.8657999270536,0.968164763488773,11.6008205705938,1.41282964498428,0,0,2.24856957530357,0.865474833230721,-0.000540451081198354
278,0.00345851467500654,28.78345689625,9.430431218,0,1.4990370255,3,1,0,559.299018225,0.000119954768993724,0.0352996630360529,"32",29.8459476135714,1.01190496339164,9.93274032200001,2.74783839773067,0,0,2.24856957530357,0.865474833230721,-0.00367044000672963
279,0.00341557431804221,28.7710735257143,9.42067486242857,0,1.49905574157143,3,1,0,572.3067405,7.70144120293944e-05,0.0228061051842374,"32",29.7372064901786,0.902463799809378,8.76296111929465,3.20973163677541,0,0,2.24856957530357,0.865474833230721,-0.00914572727501659
280,0.00336493678641167,28.7752174425,9.431613203625,0,1.4990370255,3,1,0,585.30523875,2.63768803988543e-05,0.00786962892681675,"32",29.5974785930357,0.752822872248209,9.45120359865179,1.86084176258279,0,0,2.24856957530357,0.865474833230721,-0.0148032106665368
281,0.0033131670559765,28.7666930585714,9.40465532285714,0,1.49905574157143,3,1,0,598.310867685714,-2.53928500363156e-05,-0.00763500148771712,"32",29.4481273496429,0.575871512276647,10.1673607896357,1.01020312954214,0,0,2.39847795687143,0.82106493624943,-0.02049825417058
282,0.00326141789387499,28.7565845,9.360008787125,0,1.4990370255,3,1,0,611.2998687375,-7.71420121378256e-05,-0.0233775098444733,"32",29.3943414059286,0.551040382819381,9.97239022623929,0.953086666331705,0,0,2.39847047044286,0.821058102106425,-0.0270221874169149
283,0.0032106646904148,28.7381622157143,9.32746895457143,0,1.49905574157143,3,1,0,624.301394971429,-0.000127895215598015,-0.0390615625810762,"32",29.3579838759286,0.577712344639592,10.0425032518429,1.36202641801145,0,0,2.39847795687143,0.82106493624943,-0.0325273073563685
284,0.00316446232149906,28.69857551875,9.31664084825,0,1.4990370255,3,1,0,637.268042375,-0.000174097584513756,-0.0535563879558216,"32",29.3322928813571,0.62208020137869,10.0293677194179,1.43808226972029,0,0,2.39847047044286,0.821058102106425,-0.0368506671299574
285,0.00314928893361566,28.6577037242857,9.26040757828572,0,1.49905574157143,3,1,0,650.234795385714,-0.000189270972397155,-0.0583628543499168,"32",29.2927147153274,0.59215840306609,10.4030406124167,1.59019870901033,0,0,2.49841063922619,0.774104224020468,-0.0397011263294435
286,0.0031703871487284,28.6112068925,9.31993941475,0,1.4990370255,3,1,0,663.1643028,-0.000168172757284416,-0.0516858371881384,"32",29.5165384092857,0.69847477345815,8.88638498517347,2.85218894936893,0,0,2.35564565384694,0.801272329106013,-0.0375920835139119
287,0.00318299249121275,28.5852432,9.61045248542857,0,1.49905574157143,3,1,0,676.093490457143,-0.000155567414800066,-0.047717757412693,"32",29.6353355079592,0.730484451196208,7.29676301706122,4.00439136792165,0,0,2.35563681158674,0.801269894003069,-0.0310078275505041
288,0.00319619456303485,28.55458565875,9.535334430125,0,1.4992084865,3,1,0,688.994487175,-0.000142365342977966,-0.0435786437154899,"32",29.60718130875,0.780173992593587,6.81287110969644,5.25980493459717,0,0,2.49735951777976,0.77328656040817,-0.027876103420071
289,0.00321074451669073,28.56338131,9.50800394414286,0,1.48203726214286,3,1,0,701.906916157143,-0.000127815389322086,-0.0390367000405112,"32",29.6409510229018,0.968385262254759,7.44618983812947,5.11631327626715,0,0,2.24703719528571,0.863620971575765,-0.0174183955864651
290,0.00321540765066272,28.54122758,9.752944067875,0,2.942696451875,3,1,0,714.80229585,-0.000123152255350096,-0.0375854008730139,"32",29.7530918744197,1.08780877212898,7.42957359495536,5.13859391390821,0,0,2.57945460502679,1.37131344001371,-0.00851170442322155
291,0.00321500274440589,28.5456582014286,13.6905704171429,0,2.99794867157143,3,1,0,727.705271514286,-0.000123557161606926,-0.037711335679627,"32",29.8571235130357,1.23055383255886,7.54135245253573,5.16667792869741,0,0,2.98425602541518,1.22431521446421,-0.0139976800915834
292,0.00321724268473091,28.66646792875,12.707741885,0,2.998074051,3,1,0,740.619851125,-0.000121317221281906,-0.037014863391498,"32",29.9301073355357,1.34734978969916,9.13429792235716,5.32464822316227,0,0,2.99805674329018,1.22395096754584,-0.0148342562168534
293,0.00321786710346952,28.91045418,11.9180399085714,0,2.99811148314286,3,1,0,753.631484057143,-0.000120692802543296,-0.0368207971698755,"32",29.942354785,1.29550246783044,10.5333931912545,1.76744143710349,0,0,2.998088088125,1.22398152864128,-0.0160652770027596
294,0.00322307084065767,29.18790349375,11.82378259375,0,2.998074051,3,1,0,766.7520946625,-0.000115489065355146,-0.0352049647541879,"32",29.9158017253125,1.19720980147039,9.99223397480356,2.64898473945766,0,0,2.99809744618304,1.22395096546107,-0.0151606085772401
295,0.00323045604166852,29.4201007371429,11.7343844485714,0,2.99811148314286,3,1,0,779.999245185714,-0.000108103864344296,-0.0329162305037647,"32",29.8698134586607,1.11101378578518,9.91234417735268,2.65194019956408,0,0,2.998088088125,1.22398152864128,-0.0111377407597816
296,0.00323155560113929,29.66899806375,11.66825573,0,2.998074051,3,1,0,793.3385230625,-0.000107004304873526,-0.0325759155962313,"32",29.7984848641964,1.05091971970665,9.95774655014286,2.74341122926879,0,0,2.99809744618304,1.22395096546107,-0.00431976804174381
297,0.0032453920564044,29.8902502114286,11.7898038157143,0,2.99811148314286,3,1,0,806.799570557143,-9.31678496084156e-05,-0.0283033858128912,"32",29.4497516720357,1.09882370968436,10.6493923190536,2.5708459188135,0,0,3.297892685875,1.2541977798583,0.00539220266461922
298,0.00328311624540527,30.0846897775,12.37752726,0,2.998074051,3,1,0,820.33667055,-5.54436606075457e-05,-0.0167465014603145,"32",29.4456005085357,1.0533635314686,10.23456327255,2.71903586539452,0,0,3.29791140194643,1.25418659486628,0.0144767924780318
299,0.00332626940804205,30.2525234342857,12.0251961442857,0,2.99811148314286,3,1,0,833.978904885714,-1.22904979707656e-05,-0.00368816993044963,"32",29.7981942596875,0.921038214708436,9.09098923471875,2.79424228230183,0,0,2.99807405109375,1.22395860615791,0.0194815149129806
300,0.00334126367340221,30.43611272875,11.91024414875,0,2.998074051,3,1,0,847.6784706375,2.70376738939438e-06,0.000809532594372442,"32",29.9123082721429,0.954229889167921,7.86672549692857,2.8748563220776,0,0,2.99811148321429,1.22397388772979,0.0174467339477134
301,0.00331252978969628,30.6427337285714,12.5392504242857,0,2.99811148314286,3,1,0,861.4818844,-2.60301163165356e-05,-0.0078273635223205,"32",30.023347954375,1.01591348942652,7.59939814025,3.05416877115151,0,0,2.99807405109375,1.22395860615791,0.0117130564170917
302,0.00327642250805055,30.8830826525,12.034180355,0,2.998074051,3,1,0,875.3779242625,-6.21373979622654e-05,-0.0187874191911774,"32",30.0561307160714,0.976526108772454,8.93853007289285,2.98005602151213,0,0,2.99811148321429,1.22397388772979,0.00732367782909342
303,0.00328141024374967,31.1377408057143,11.6464611728571,0,2.99811148314286,3,1,0,889.397592514286,-5.71496622631456e-05,-0.017266265268062,"32",30.0768618265625,0.950986673795392,8.7828902795625,2.7748567667161,0,0,2.99807405109375,1.22395860615791,0.00682199535271444
304,0.00332335249620905,31.35662950125,11.37345716875,0,2.998074051,3,1,0,903.508558475,-1.52074098037657e-05,-0.0045654865581799,"32",30.0977996171429,0.965402637008629,9.0037592337857,2.34530530338245,0,0,2.99823685860714,1.22417863344929,0.00817571791307486
305,0.0033667895870905,31.5392493857143,10.6940333157143,0,2.99811148314286,3,1,0,917.729970557143,2.82296810776845e-05,0.00842009713297021,"32",30.0633806246875,1.03114984945262,8.48111362596875,2.90251101911928,0,0,2.94479245790625,1.13861355735676,0.00513555135153094
306,0.00338646957334697,31.693407085,10.60549951,0,2.998074051,3,1,0,932.0109195875,4.79096673341546e-05,0.0142484063731461,"32",29.9719421578571,1.1739165983739,9.42097347339286,1.86864173323097,0,0,2.62343062303571,0.749583270677737,0.00533326555307623
307,0.00337124384494786,31.8058769857143,10.4159524642857,0,2.99811148314286,3,1,0,946.363762528571,3.26839389350442e-05,0.00974222128652791,"32",29.8891439546875,1.31821549528,9.53926395046875,1.96037535950893,0,0,2.78233328221875,0.906465216254721,6.65514103773387e-05
308,0.00335095117972394,31.8950419575,10.31494064375,0,2.998074051,3,1,0,960.7440145375,1.23912737111246e-05,0.00370469152501229,"32",29.4690185789643,1.4676845984555,9.68729009273215,1.47637509477953,0,0,3.078005916075,0.923108658079752,-0.00280629293188506
309,0.00333189935725523,31.9616894514286,10.52518786,0,2.99811148314286,3,1,0,975.1828922,-6.66054875758573e-06,-0.00199702914255173,"32",29.7171924580357,1.60301933104044,10.1859377822455,1.45657683407518,0,0,3.37276877306696,0.749364489579779,-0.00795078465616941
310,0.00330259954190963,32.03918293375,12.020598825,0,2.998074051,3,1,0,989.624442825,-3.59603641031858e-05,-0.0108296494785494,"32",29.5180797043571,1.5302097803246,8.94224061601429,2.90626499726568,0,0,3.83745393345357,1.22345254405597,-0.00794096033723108
311,0.00329177669470421,32.1347127585714,12.1748020314286,0,2.99811148314286,3,1,0,1004.1277856,-4.67832113086055e-05,-0.0141120999200721,"32",29.6448121546875,1.87164946360329,8.51811622127678,5.74939223165203,0,0,3.41211426714286,1.11353456883812,-0.00969529890680418
312,0.00329747102271823,32.2436742325,11.60202563375,0,2.998074051,3,1,0,1018.6620035,-4.10888832945858e-05,-0.0123837298532843,"32",29.7367942545536,1.9633576438599,7.84951707987054,5.37066531646408,0,0,2.99810675232143,1.22240643907646,-0.00844961764241094
313,0.00330535924269599,32.32585111,9.98108699028571,0,2.99811148314286,3,1,0,1033.257014,-3.32006633168257e-05,-0.00999438371699224,"32",29.9094810317411,2.01598055431217,5.62105071175893,5.92599313414815,0,0,2.99809276714286,1.22397388792059,-0.0103199383458629
314,0.00331251830980758,32.29396731,8.856980133375,0,2.998074051,3,1,0,1047.84362975,-2.60415962052354e-05,-0.00783082912383115,"32",30.0847765517857,2.06480663923258,5.68556013035714,4.82948822129504,0,0,2.99805304488393,1.22402347423157,-0.00916196047534483
315,0.003312532064526,32.2254480685714,8.30409936271429,0,2.99811148314286,3,1,0,1062.42994285714,-2.60278414868156e-05,-0.00782667678770466,"32",29.6332226656429,2.20177784737615,7.97390647667857,4.99449111494078,0,0,2.92425141729643,1.07213520970158,-0.00484408512413319
316,0.00331266523671253,32.12008870375,8.263071936625,0,2.998074051,3,1,0,1076.94369375,-2.58946693002856e-05,-0.00778647506193852,"32",30.61801999975,1.88264320390399,5.62468420281428,6.06483243170305,0,0,2.996936614375,1.06201763049133,-0.00402558707805254
317,0.00333481060315254,32.0225638457143,9.74806915814286,0,2.99811148314286,3,1,0,1091.44165714286,-3.74930286027543e-06,-0.00112366101575034,"32",30.7114025165,1.71637034534557,7.28518633848571,5.28298753195751,0,0,2.99808413117857,1.06001436393557,-0.00251972079396199
318,0.00337882446247955,31.94301239125,9.97203237825,0,2.998074051,3,1,0,1105.876526375,4.02645564667346e-05,0.0119883083329952,"32",30.7082868735714,1.50593536845848,9.80466734474286,2.95447186973345,0,0,2.99797311637143,1.05976112842686,-0.00157294279633133
319,0.00342170581069096,31.86333121,9.24889856514286,0,2.99907238114286,3,1,0,1120.29981,8.31459046781442e-05,0.0245996529101182,"32",30.6944959244286,1.30634144308089,9.47801463542857,3.34959419862517,0,0,2.93799930021429,0.957310167834473,-0.00441008702058356
320,0.00343397530444541,31.80792357125,8.96858329375,0,2.687322834875,3,1,0,1134.66826325,9.54153984325944e-05,0.0281790219881319,"32",30.5944606132589,1.30254036582832,8.65923369364731,5.9983661972157,0,0,2.62503854355357,0.750659594332929,-0.00323664732180218
321,0.00343865352475231,31.7425552114286,8.68093916385714,0,1.50556209942857,3,1,0,1149.03736857143,0.000100093618739494,0.0295404285210861,"32",30.6568282012054,1.24398190612787,7.85166087981249,5.34895301999163,0,0,2.54564570666518,0.712954579646137,-0.00255952963053714
322,0.00344683840950972,31.6529321525,8.79514403175,0,1.498741455625,3,1,0,1163.33708275,0.000108278503496905,0.03191785876224,"32",30.3628096526786,1.29649161496289,8.72465279838929,3.52642748756238,0,0,2.0999605937,0.819865981500748,0.003907968039117
323,0.00342253043838582,31.5934273528571,8.72544372914286,0,1.49905574157143,3,1,0,1177.63395028571,8.39705323730042e-05,0.0248406228722127,"32",30.3327504851786,1.21397038547909,9.78814237737857,2.69167110239884,0,0,2.09861143779643,0.821127451651579,0.00462051388133542
324,0.00338330605880634,31.53801439,8.619157306125,0,1.4990370255,3,1,0,1191.880053375,4.47461527935244e-05,0.0133138068090428,"32",30.6288381354018,1.05439589904984,9.51482026822321,3.32901497986696,0,0,2.24896856964286,0.865936028304465,0.00769391256297807
325,0.00336587949739285,31.4760082028571,8.626298594,0,1.49905574157143,3,1,0,1206.12148285714,2.73195913800344e-05,0.00814974679650238,"32",30.6277456721429,1.03836442111164,8.11212315060267,3.23937854960682,0,0,2.52389630526786,1.26404388756399,0.014684460230413
326,0.00338413365817433,31.425722915,9.18994373425,0,1.4990370255,3,1,0,1220.32284975,4.55737521615142e-05,0.0135583895115916,"32",30.6334793860268,1.06014505136293,7.64497316834375,5.00907234230532,0,0,2.72750659686161,1.43092276736071,0.0262705302388107
327,0.00342761058211911,31.3450115228571,8.61709027585714,0,1.49905574157143,2.14285714285714,0.714285714285714,0,1234.51420585714,8.90506761062945e-05,0.0263238462105644,"32",30.55352101375,1.07513615574883,10.5999903172411,1.47503584199177,0,0,2.62186272369643,1.43524086604243,0.0404967652539629
328,0.00347544704660877,31.200822535,5.6069478875,0,1.4990370255,0,0,0,1248.63339575,0.000136887140595954,0.0401835679234122,"32",30.32327628925,0.861083698305152,10.4683889214143,1.98912203120459,0,0,3.22358159554643,1.58057399149604,0.0583717938976607
329,0.00351758150499863,30.8883882971429,0.00695073628571429,0.001237787,1.49905574157143,0,0,0,1262.68365828571,0.000179021598985814,0.052234131354127,"32",30.1083824629643,0.797954840702478,11.12227249115,4.09534525056418,0,0,2.99851388506429,1.49904822039483,0.0727206566987139
330,0.00356300547458076,30.45307705,0,5.108898711375,1.4990370255,0,0,0,1276.524865875,0.000224445568567944,0.0650648730989962,"32",29.7045780296429,0.785847581004246,10.8656208005321,7.16657796867428,0.0002475574,0.000553555174733106,2.99390166591429,1.4974779885181,0.0820812835465874
331,0.00361510923944606,29.9616249957143,0,20.58693857,1.49905574157143,0,0,0,1290.19621357143,0.000276549333433244,0.0795825230980078,"32",29.0837690080803,1.10876746950885,9.4218010540625,9.37756438221779,1.27722467784375,2.5544493556875,3.35128990365178,2.2294439843429,0.0960891469824854
332,0.00366863267575784,28.56489852,0,34.41824788625,1.502440035375,0,0,0,1303.446371875,0.000330072769745024,0.0942794738920387,"32",28.0981805095536,1.61489165061604,10.9490000520804,12.6439054568979,5.146853059875,10.2933903425052,3.60798033873661,2.63124449062366,0.121044083596524
333,0.0037224752101385,26.1986175071429,0,37.1015593685714,-2.13910410314286,0,0,0,1315.862734,0.000383915304125685,0.108849274853394,"32",26.3641704837054,1.91118664259694,13.6442418390893,15.8246794079297,9.00744844384822,16.9575583721815,3.27516700167857,2.44827473962726,0.135800760739144
334,0.00377645087561075,23.50704515,0,38.97373569625,-23.5345340125,0,0,0,1327.065394625,0.000437890969597934,0.123245095153625,"32",24.2864521138839,1.98237218523005,13.2450721433482,15.5699387832305,15.0347435399554,18.2854599303638,-4.10843557746875,3.3225361565648,0.153943384792268
335,0.00383046541376496,20.7837495714286,0,36.89487653,-39.5104087314286,0,0,0,1337.02812842857,0.000491905507752145,0.137446761772143,"32",22.1915244342857,1.82065353208305,16.3741106113929,15.0953224383584,14.4088930378214,19.8402635468508,-23.5870257158286,14.4149248259763,0.169522668328121
336,0.00388445780579277,17.94739575875,0,41.62654791625,-28.053309773,0,0,0,1345.593272375,0.000545897899779955,0.151443860796706,"32",19.6670082636607,1.44132366182343,16.6314137483631,12.9948257683028,12.0149998248542,18.621240175456,-41.8660967448809,12.042054442564,0.175039662361476
337,0.00393837469567745,14.4814615314286,0,41.9954089842857,53.1113049505714,0,0,0,1352.68820714286,0.000599814789664635,0.165228571707871,"32",17.7833392418622,1.75529978147991,13.172865551352,12.3772193317188,16.5146743160332,20.6750803079515,-33.9359520225536,16.9577829595232,0.178485654649991
338,0.00399214908078363,11.143495633625,0.000309905,38.43549760875,200.6843101125,0,0,0,1358.318646,0.000653589174770815,0.178790149588269,"32",15.5943769228348,1.72279290417192,10.6976418443973,11.4632211482841,20.8870374578058,22.3213328236285,12.862774832192,43.7382391298799,0.180688027894713
339,0.00404570727864738,9.49436266742857,0.334332957428571,12.2656536007143,372.040687171429,0,0,0,1362.88207,0.000707147372634565,0.192116834415022,"32",13.1548008686726,1.78329908062496,11.4202830847024,10.8747261536279,18.1772909225694,21.4034613116365,124.315204991494,121.885008715637,0.181696115285516
340,0.00409891239170195,9.290665580625,5.205747881375,0.494422753125,466.62362165,0,0,0,1366.211536625,0.000760352485689134,0.205182114501498,"32",11.8089050900342,1.9962667177062,9.67316559349554,10.0482045717957,16.0205813051354,18.9202169387576,239.929160888531,169.304585259477,0.182004016427537
341,0.00415157064463855,9.252260652,14.0338699142857,0.309881563714286,526.479664442857,0,0,0,1367.39819742857,0.000813010738625735,0.21794717721782,"32",11.4131880131901,2.09608432867741,9.58740536176403,9.36916889540828,13.79997412725,18.2965600755082,279.706618692848,186.788404150704,0.181941255415067
342,0.00420320117632437,10.326324602,18.18688129875,0.5800855505,473.3772115125,0,0,0,1365.4724945,0.000864641270311555,0.230306865506003,"32",11.943685134401,2.03563311338222,8.89919143847241,10.1565634702602,17.424262737375,19.1771693760103,218.706610831807,159.953778701404,0.19166458624323
343,0.00425266655315879,12.1009475057143,18.9935266071429,0.614323460285714,329.453534028571,0,0,0,1360.99042842857,0.000914106647145974,0.242006655876835,"32",14.0356651295375,2.35002670529549,10.5948430981429,11.1935573288718,20.1742653894268,21.2672045226058,75.6331516498215,101.51448445649,0.18839728646233
344,0.00429246306844557,14.07267936125,19.6154626375,0.202336592375,76.38697187875,0,0,0,1355.285204875,0.000953903162432755,0.251321155210529,"32",16.0900795090848,1.79154905403938,11.4350307956473,12.2794956392358,20.8617707836496,22.3481900238061,-4.88271209327679,43.0771387056478,0.186121345380545
345,0.00428479456067158,15.7318988257143,22.0678667,0.0196908254285714,-39.0321637514286,0,0,0,1349.07154614286,0.000946234654658764,0.249533052306317,"32",18.5050322055357,1.80898835288461,10.0203131656378,12.5433022359855,21.7825579881148,20.4685435391734,-34.0042727339821,16.9826820466719,0.182664913335657
346,0.00424015517005502,18.03830005125,25.5145742475,0.000203199125,-65.576923525,0,0,0,1341.75294375,0.000901595264042205,0.239060310770866,"32",20.9878385488776,2.02214194159414,10.6105583203827,13.3220987412851,20.5906087055867,19.342213370032,-32.3183262536224,8.90151925992323,0.178088264666685
347,0.00419005359848589,20.76439855,27.6666337057143,0,-37.0345607985714,0,0,0,1333.12725928571,0.000851493692473075,0.227173971621189,"32",22.4093010877143,1.6658108806304,15.4238018516786,14.33721500754,14.4088930378214,19.8402635468508,-17.9905416664857,13.2757650373687,0.169950172100049
348,0.00413816009631005,23.527890975,30.0648529,0,-3.054726247,0,0,0,1323.130245875,0.000799600190297235,0.214711713938554,"32",24.7664523159286,1.88849256468315,15.49585699675,14.3214526996715,12.0277948319643,17.2039889650961,-0.657173151164286,6.03138487904968,0.153965735904244
349,0.00408543993856426,26.3022602828571,29.1944855928571,0,3.39875890742857,0,0,0,1311.91834728571,0.000746880032551444,0.201889864990799,"32",26.7831868996429,1.95455882318824,13.7732429809143,12.7879201779146,7.20595875507857,15.2281290693629,4.22714753743214,2.66175368026903,0.139681222600228
350,0.00403222065423826,28.63337574625,19.1329961725,0,4.496272454875,0,0,0,1299.42393275,0.000693660748225445,0.188777701726946,"32",28.754540635,1.1259781984682,8.592301208375,10.1735866772536,5.146853059875,10.2933903425052,3.35128990365178,2.2294439843429,0.114260569959205
351,0.00397870410015857,29.4556577442857,13.43812474,0,4.43280740028571,0,0,0,1286.273401,0.000640144194145755,0.175416610336278,"32",29.4755211072768,0.869079071517595,8.8695636371875,8.28595763734927,1.27722467784375,2.5544493556875,2.61811010808036,1.43124367894963,0.105413762094319
352,0.00392498841931405,29.89467888625,15.52280151875,0,2.98346270525,0,0,0,1272.840340125,0.000586428513301235,0.161823848116077,"32",29.9991503322768,0.855074334312191,9.34482639919195,7.32487961098826,0.00030944675,0.0006188935,2.62383821300893,1.43537975041136,0.0907070525843428
353,0.0038711550123235,30.4276729257143,14.8991896928571,0,3.00019218771429,0,0,0,1259.23104357143,0.000532595106310685,0.148013363043879,"32",30.3204811310268,0.968300670532164,9.75963365697322,3.34964083147925,0,0,2.90966726112054,1.63523824800485,0.0762300715741908
354,0.00381725653263922,30.92678339625,13.79125543125,0,4.143359704125,0.5,0.125,0,1245.34682075,0.000478696626626404,0.133992427525325,"32",30.4898574453571,1.08907765829618,9.88135856620536,0.922263801649693,0,0,2.9939903311875,1.7262307325606,0.0618353304095072
355,0.00376334441425818,31.3785737785714,10.5172602227143,0,4.49862962442857,4,1,0,1231.28745971429,0.000424784508245364,0.119768482406904,"32",30.5598136947321,1.08162883112186,8.04505133828125,5.37124173060868,0,0,2.54379528274553,1.30137980890824,0.048124226453866
356,0.00370946952344669,31.4037445025,0.297504306875,0,4.186359860625,4,1,0,1217.05666725,0.000370909617433874,0.105349329661589,"32",30.2887500986071,1.07239234539758,9.03661329047142,3.21560898221325,0,0,2.24546802190714,1.05338066007857,0.0337546066151653
357,0.00365568835585053,31.1470943771429,3.598002593,0,3.00461784114286,4,1,0,1202.93479485714,0.000317128449837714,0.0907448573795584,"32",30.2795579512857,1.08324473430575,9.05428361688213,2.46772433492329,0,0,2.31755657733571,1.18578540400803,0.0224778789385423
358,0.00360208948129816,30.9082503875,5.23773737,0,2.99777848125,4,1,0,1188.905725125,0.000263529575285344,0.0759745382233605,"32",30.5692327302232,1.06477844821203,9.61237675897321,3.23818424294852,0,0,2.24905649913393,0.866026622830292,0.0072263292408353
359,0.00354879462891052,30.7189743142857,5.50173341942857,0,2.99811148314286,4,1,0,1175.00242485714,0.000210234722897704,0.0610684547583027,"32",30.6222362957143,1.14240493387846,10.322095631817,1.58623248680774,0,0,2.24849100381696,0.865565568145701,0.0036397935066045
360,0.0034960847147144,30.62067258125,9.158824678375,0,2.998074051,4,1,0,1161.13429875,0.000157524808701584,0.0461041399023498,"32",30.7043063764732,1.22453234578384,8.36513524153571,3.86607879552883,0,0,2.25020084378572,0.863595291540138,0.000864632505136687
361,0.00344458688465937,30.65370415,10.3133290525714,0,2.99811148314286,4,1,0,1147.30940171429,0.000106026978646554,0.0312644308372434,"32",30.6920099358928,1.24585268330071,8.16321610448214,5.57178187451341,0,0,2.54563634862946,0.712946661267845,-0.00191714883403407
362,0.00339803271709598,30.79443108875,11.55954995125,0,2.998074051,4,1,0,1133.42166425,5.94728110831643e-05,0.0176571028727093,"32",30.6591873257143,1.32207617446112,8.27647510772766,5.79707607715603,0,0,2.62504790158929,0.750665795095687,-0.0013372154859375
363,0.00337567553405215,31.0533379385714,10.0285156075714,0,2.99811148314286,4,1,0,1119.472898,3.71156280393344e-05,0.0110559140583915,"32",30.6047854208928,1.49054267240157,9.34038939239286,3.85142012905374,0,0,2.92297125448214,1.10472533337274,0.00154605336421758
364,0.00338811076157123,31.30953410875,9.5945693715,0,2.998074051,4,1,0,1105.365994375,4.95508555584142e-05,0.0147329199892745,"32",30.5579750647768,1.6950410554157,9.85719183805358,3.40883360639355,0,0,2.99794788271429,1.22370674381345,5.76434822292526e-05
365,0.003402853534466,31.5479152785714,9.86871818714286,0,2.99811148314286,4,1,0,1091.18531285714,6.42936284531844e-05,0.0190748057594705,"32",30.5022743259821,1.90691868801838,6.63930337632143,5.86789380257777,0,0,2.9980772931875,1.2239991565988,-0.000360268138618736
366,0.00340346832175164,31.7015574125,4.450732589375,0,2.998074051,4,1,0,1076.87561925,6.49084157388242e-05,0.019255457595289,"32",30.3471356465625,2.05830149045172,5.9181721061741,6.96194576992614,0,0,2.99665225521875,1.22631210990447,-0.00169748261071838
367,0.00341347543643805,31.5337100157143,0.665058381,0,2.99811148314286,4,1,0,1062.59145942857,7.49155304252346e-05,0.0221914130428003,"32",30.0652602327976,2.2356652942592,8.02893862435119,4.46924204104485,0,0,2.93656142827083,0.959420838071918,-0.00451268605040303
368,0.00343570045981526,31.2426432125,6.204129569125,0,2.998074051,4,1,0,1048.402801375,9.71405538024443e-05,0.0286812743258231,"32",29.5503300322857,2.13258436904571,6.45321235541785,4.56226011883799,0,0,2.69873319445,1.25363828617737,-0.00871946777922054
369,0.00346159751143728,31.0043771471429,0.00639477214285714,0,2.99811148314286,4,1,0,1034.34922557143,0.000123037605424464,0.0361906418128486,"32",29.9300252511161,2.04786319391143,5.21581605089286,5.41396892889211,0,0,2.99810212517857,1.22397388787289,-0.0103524938087499
370,0.003485213180337,30.72468617875,0,0,2.998074051,4,1,0,1020.390680875,0.000146653274324185,0.0429896637641969,"32",29.7640346230357,2.00796627082617,7.70632298045089,5.22249461971129,0,0,2.99809739428572,1.22240643917145,-0.00805620642132361
371,0.00349880393613728,30.4347210271429,0.000853516428571429,0,2.99811148314286,4,1,0,1006.59186714286,0.000160244030124464,0.0468816280420015,"32",29.6686946108928,1.91254867010445,8.55666702288394,5.78113469737865,0,0,3.41212362517857,1.11352992958105,-0.00451766444773698
372,0.00350178550213263,30.141129665,0.23828533325,0,2.998074051,4,1,0,992.8983875125,0.000163225596119814,0.047733432341265,"32",29.6517949999553,1.7767194911128,8.83352971841072,3.5110737833881,0,0,3.67088966306697,1.34568249133704,-0.00196103664359261
373,0.00351865001529338,29.8521438585714,4.24863623614286,0,2.99811148314286,4,1,0,979.361489357143,0.000180090109280565,0.0525378479869616,"32",29.6765911022768,1.65785299355282,10.1157868660402,1.35753248055359,0,0,3.37449265003572,0.752787288754428,0.000479113269415422
374,0.0035601659300736,29.63296240625,10.966008397875,0,2.998074051,4,1,0,965.9209056875,0.000221606024060784,0.0642676033390721,"32",29.7532670308929,1.566441004024,10.448990435692,1.60708339578923,0,0,3.37228652841072,0.749686548202631,0.00498630422570814
375,0.00361034136643199,29.6727077085714,11.8740092771429,0,2.99811148314286,4,1,0,952.549804428571,0.000271781460419175,0.0782627788123724,"32",29.8580759978125,1.46555687976017,10.0124937564732,1.3671720352012,0,0,3.09846176896429,1.06460468339615,0.0109484938827688
376,0.00366138747731971,29.91547234125,11.73119960875,0,2.998074051,4,1,0,939.0814130625,0.000322827571306895,0.092302616953412,"32",29.957317359375,1.32705272430855,9.38392968253125,1.74115839804958,0,0,2.78234264025447,0.906468186087923,0.0161880142348469
377,0.00370924304255289,30.18816596,11.109862537,0,2.99811148314286,4,1,0,925.519611328571,0.000370683136540075,0.105288273006341,"32",30.0287865778572,1.19322321603,9.03400083098661,1.53231946013957,0,0,2.623421265,0.74957703403891,0.0192871490611733
378,0.00373996559112345,30.41554364,9.561971967375,0,2.998074051,4,1,0,911.823876175,0.000401405685110635,0.113536859789471,"32",30.1201357125447,1.06275742905634,8.61156974801785,2.97802915518087,0,0,2.94480181594197,1.13861414139135,0.0200962251376234
379,0.00376375871894365,30.6425639914286,10.0837964555714,0,2.99811148314286,4,1,0,898.049736314286,0.000425198812930835,0.119878565839414,"32",29.8937641894286,1.02887796888003,8.69457994236428,2.06634567303944,0,0,3.29800421583214,1.25430873098177,0.0199124022982158
380,0.00380740328726159,30.81671871,9.798860263,0,2.998074051,4,1,0,884.1592734,0.000468843381248774,0.131407853042815,"32",29.8523458921071,1.04704637218277,8.57543302379286,2.48964841469869,0,0,3.29790017230357,1.25419554290977,0.0204873015649195
381,0.0038557315552612,30.98055393,9.98488770285714,0,2.99811148314286,4,1,0,870.214162542857,0.000517171649248385,0.144021204750307,"32",30.051073095625,1.05482385692128,7.69639785208928,3.3978753474674,0,0,2.99808808814732,1.22395096546107,0.0235210467843838
382,0.00389896392437096,31.07297204125,5.040679840125,0,2.998074051,4,1,0,856.17506665,0.000560404018358144,0.155171304973269,"32",29.9297933523214,0.979365104617595,7.83126730541071,2.82553419625755,0,0,2.99809744616072,1.22398152864128,0.0311727800410794
383,0.00390535323915152,30.8071828785714,5.94668029842857,0,2.99811148314286,4,1,0,842.198286828571,0.000566793333138704,0.156808684877348,"32",29.8761536751071,0.819778766454447,8.38998392508928,2.67927481150131,0,0,2.69827787561786,1.25418212077618,0.0370781493483365
384,0.00386408916328027,30.5394542,10.284646658,0,2.998074051,4,1,0,828.3380232625,0.000525529257267455,0.146186439247963,"32",29.849932357,0.858026306840764,9.23244691730713,3.23268003604801,0,0,2.69828910524286,1.25420225372978,0.0356618585321668
385,0.0038147843137794,30.4909472985714,12.8854071228571,0,2.99811148314286,4,1,0,814.577345771429,0.000476224407766584,0.133344574891606,"32",29.8717640135714,0.923363103004337,9.519202001625,3.00029803872926,0,0,2.69827787561786,1.25418212077618,0.0264265745826587
386,0.00376376220918712,30.629151125,11.64773735875,0,2.998074051,4,1,0,800.7641674,0.000425202303174304,0.119879493168189,"32",29.9210227582143,0.984449815727297,9.23703912095359,3.01356928135551,0,0,2.69828910524286,1.25420225372978,0.0159092652820291
387,0.00371448441323078,30.8295391571429,10.2940097971429,0,2.99811148314286,4,1,0,786.897646185714,0.000375924507217964,0.106700332228289,"32",29.9938457766786,1.02146081605648,9.12820366296071,2.89562776463772,0,0,2.69827787561786,1.25418212077618,0.00745237474903752
388,0.00366408516098601,31.02420903625,9.955954382,0,2.998074051,4,1,0,772.9103935625,0.000325525254973195,0.0930391383624176,"32",30.0660814276786,1.07015652914697,9.16856029311071,2.80301859406766,0,0,2.69828910524286,1.25420225372978,0.00128978530943158
389,0.00361191004323512,31.1851048157143,9.85560474842857,0,2.99811148314286,4,1,0,758.8746586,0.000273350137222305,0.0786971798586329,"32",30.1088988693571,1.14086244294861,9.75503851073214,2.4147870743773,0,0,2.69827787561786,1.25418212077618,-0.00264219754396194
390,0.00356027914955168,31.3547213125,10.25254828925,0,2.998074051,4,1,0,744.7390549375,0.000221719243538864,0.0642994045744292,"32",29.9520748836161,1.31427931377586,8.38378132110716,4.62434526893672,0,0,2.99810212517857,1.22397388787289,-0.0086175147791657
391,0.00351330078794925,31.4190818842857,2.08900651314286,0,2.99811148314286,4,1,0,730.559391514286,0.000174740881936435,0.0510164413749203,"32",29.8496569028572,1.23609256947939,8.80613651556697,6.24783993464861,0,0,2.99804270623661,1.22395860776336,-0.00800479527219427
392,0.00348700621146818,31.11851652625,0.006826519875,0,2.998074051,4,1,0,716.4187702375,0.000148446305455365,0.0435039995928657,"32",29.4428984374703,0.986191132885273,8.52215598247322,4.36719468880808,0,0,2.95962190754464,1.31027433700477,-0.00963916319517093
393,0.00345301206402385,30.7159506571429,0,0,2.99811148314286,4,1,0,702.457731628571,0.000114452158011035,0.0337073630439235,"32",29.3708368279762,0.875405147811244,8.50632923131846,4.34785651017503,0,0,2.46813332942262,1.17508643877432,-0.0145003333108688
394,0.00340931836408261,30.32370140625,0.0038532115,0,2.998074051,4,1,0,688.6669361125,7.07584580697945e-05,0.0209728293160918,"32",29.5533375783482,0.86933176768915,7.31478832238393,4.75760369594895,0,0,2.24856345938393,0.865456965903206,-0.0247630488865656
395,0.0033895101331363,29.9443522628571,0.245856202142857,0,2.99811148314286,4,1,0,675.063329571429,5.09502271234842e-05,0.015145858855405,"32",29.4548103605803,0.791596263201644,7.85716007883035,3.28644703917667,0,0,2.24856489628571,0.865480236061431,-0.0320648413872135
396,0.00341343864593393,29.55353368,2.978966448625,0,2.998074051,4,1,0,661.618299625,7.48787399211144e-05,0.0221806349657374,"32",29.3519335787946,0.762306340350059,10.0239984989107,1.54723238709005,0,0,2.24857425432143,0.865469430332555,-0.036013732578952
397,0.00344369555987222,29.1130062742857,12.2096901407143,0,2.99811148314286,4,1,0,648.378001714286,0.000105135653859404,0.0310056363486542,"32",29.5664082680357,0.796163630472858,9.83453234210714,1.56336765449093,0,0,2.09866306534286,0.821063227687014,-0.0331060526803964
398,0.00346177365475832,29.09234591375,12.53779007875,0,2.998074051,4,1,0,635.2413216,0.000123213748745504,0.0362415254970427,"32",29.5846316746071,0.73229471564936,9.89846740103929,1.45275325825108,0,0,2.09866680855714,0.821059810615511,-0.0289157143031849
399,0.00349127858558143,29.24738369,12.45388166,0,2.99811148314286,4,1,0,622.0764832,0.000152718679568615,0.0447284765664691,"32",29.6095869059286,0.676586257457593,9.86434692346786,1.02344599112301,0,0,2.09866306534286,0.821063227687014,-0.0232062363489356
400,0.00351090496774694,29.46462633,11.66917473125,0,2.998074051,4,1,0,608.8062758375,0.000172345061734124,0.050334280199599,"32",29.4933395520536,0.64285584241841,10.1181741782009,1.17967280452273,0,0,2.24856957530357,0.865474833230721,-0.0168150018736241
401,0.00349886130452342,29.7018472371429,11.8811220985714,0,2.99811148314286,4,1,0,595.449635742857,0.000160301398510605,0.0468980244778203,"32",29.5502056083929,0.677598797877097,10.2432582636205,1.01935513564176,0,0,2.24856957530357,0.865474833230721,-0.0104769194933075
402,0.0034810817606563,29.8976893225,11.67055434,0,2.998074051,4,1,0,581.9761788125,0.000142521854643485,0.0418035468738127,"32",29.6533255095982,0.785058678778209,9.49478372301787,1.86784460916438,0,0,2.24856957530357,0.865474833230721,-0.00520303865782572
403,0.00347300128309189,30.1080385814286,11.6719768171429,0,2.99811148314286,4,1,0,568.434895714286,0.000134441377079074,0.0394795939046277,"32",29.7843857592411,0.930064004436502,9.40094486648215,3.69032799022367,0,0,2.24856957530357,0.865474833230721,-0.00098356667522131
404,0.00348886363944565,30.289599825,11.7266626625,0,2.998074051,4,1,0,554.7826653625,0.000150303733432834,0.0440365290143738,"32",29.8985507210268,1.02882360984067,10.2442997884732,3.08674509029339,0,0,2.24856957530357,0.865474833230721,0.00225762410045158
405,0.00352649212784546,30.45149057,12.0963049542857,0,2.99811148314286,4,1,0,541.074969071429,0.000187932221832644,0.0547640956364859,"32",29.9304236255803,0.966264890807587,11.2948931187634,1.05771415840908,0,0,2.24856957530357,0.865474833230721,0.00323743747844416
406,0.00357095367435255,30.5661145275,11.8805333825,0,2.998074051,4,1,0,527.286229625,0.000232393768339734,0.0672931456953849,"32",29.9745760541071,0.905899412732542,11.2145363873036,0.934281927208185,0,0,2.24856957530357,0.865474833230721,0.00251102267821537
407,0.00360042433635657,30.7002012914286,11.8119748042857,0,2.99811148314286,4,1,0,513.462078085714,0.000261864430343754,0.0755121594019723,"32",30.0366282338839,0.892658463300053,11.3233121266071,1.17274249154641,0,0,2.24856957530357,0.865474833230721,0.00324244997178703
408,0.00358422544974165,30.89580716,12.50555181875,0,2.998074051,4,1,0,499.5358536125,0.000245665543728834,0.0710028474396296,"32",30.1010951246429,0.912527434002566,11.3402077544554,1.07855404440137,0,0,2.24856957530357,0.865474833230721,0.00935896162046469
409,0.00354885513228832,31.1085574414286,12.0003780171429,0,2.99811148314286,4,1,0,485.5399753,0.000210295226275505,0.0610855036063391,"32",30.1522934709375,0.961823392838076,11.2871751259286,0.806601740079123,0,0,2.24856957530357,0.865474833230721,0.0145724807867548
410,0.00353706934053273,31.31063933125,11.6651184425,0,2.998074051,4,1,0,471.4367710625,0.000198509434519914,0.057758964539639,"32",30.2064689089286,1.02690840203571,11.1603442475,0.67393787735118,0,0,2.24856957530357,0.865474833230721,0.0150721049066943
411,0.00354770238909543,31.5091182671429,11.5752271071429,0,2.99811148314286,4,1,0,457.253492457143,0.000209142483082615,0.0607606297031635,"32",30.2625437002679,1.11046002724768,11.212595198125,0.478445868099669,0,0,2.24856957530357,0.865474833230721,0.0132215777482536
412,0.00356156547806057,31.70253123375,11.87924215125,0,2.998074051,4,1,0,442.9662759,0.000223005572047754,0.0646606392134901,"32",30.0315301775595,1.04952335915405,11.2085435422321,0.802875692503925,0,0,1.99872851138095,0.774104223952591,0.0121170808285431
413,0.00356855213505915,31.8192805814286,11.3099636442857,0,2.99811148314286,4,1,0,428.631525757143,0.000229992229046334,0.0666203990429386,"32",30.2327699673572,1.06125155972933,9.21164164502858,4.85370615052577,0,0,2.09866680855714,0.821059810615511,0.0200753828167757
414,0.00355974288978165,31.80924608875,0.63882517125,0,2.998074051,4,1,0,414.2408781,0.000221182983768835,0.0641487702777885,"32",30.2574624454464,1.12425192568608,8.15334701003573,5.53631960693875,0,0,2.24856957530357,0.865474833230721,0.00887579153506528
415,0.00352809986937857,31.4562845,0,0,2.99811148314286,4,1,0,399.948457028571,0.000189539963365754,0.0552198956362577,"32",30.1805125957143,1.06784034441375,8.02960353045535,5.47775901731129,0,0,2.24856957530357,0.865474833230721,0.0112873703761109
416,0.00348070243988174,31.02678912875,0.00024391825,0,2.998074051,4,1,0,385.8277588625,0.000142142533868924,0.0416945745893775,"32",30.0829630333929,1.08133796390108,8.16266880163393,5.55429588522287,0,0,2.24856957530357,0.865474833230721,0.0110129733874337
417,0.00343120046478231,30.61965913,0.0438793242857143,0,2.99811148314286,4,1,0,371.906905357143,9.26405587694944e-05,0.0273706407240111,"32",30.0087196158929,1.13976164136474,7.72536762533929,5.22357644689898,0,0,2.24856957530357,0.865474833230721,-0.000959680610582936
418,0.00338338867684687,30.25058562625,0.259438928,0,2.998074051,4,1,0,358.15381905,4.48287708340544e-05,0.0133382258323094,"32",29.8950190645982,1.11087402825345,10.4961629574196,1.00415763036189,0,0,2.24856957530357,0.865474833230721,-0.00501625562017383
419,0.00334929908040274,29.9280147128571,9.84406227071429,0,2.99811148314286,4,1,0,344.566455714286,1.07391743899244e-05,0.00321154597336015,"32",29.8579062159822,1.08395578930847,10.8659104860268,2.04805357817602,0,0,2.24856957530357,0.865474833230721,0.00436582312023888
420,0.00335758212407241,29.89552858375,12.32919938,0,2.998074051,4,1,0,331.0667774875,1.90222180595943e-05,0.00568156068850367,"32",29.9131789474107,0.989374013221837,7.33381386220535,5.47096795896557,0,0,2.24856957530357,0.865474833230721,0.00297425663559577
421,0.00338942163522007,30.08415332,11.3963107057143,0,2.99811148314286,4,1,0,317.530342771429,5.08617292072542e-05,0.0151197491624186,"32",29.91562852125,0.891691364645362,7.56353414494643,4.84864072121788,0,0,2.24856957530357,0.865474833230721,0.00397587323680357
422,0.00343373051965622,30.338471775,11.7823866925,0,2.998074051,4,1,0,303.875780225,9.51706136434042e-05,0.0281077362375663,"32",29.9030844192857,0.933352596145065,7.67895771902233,5.13634739660475,0,0,2.24856957530357,0.865474833230721,0.00644020178874537
423,0.00346558166010771,30.5443809357143,8.76106737957143,0,2.99811148314286,4,1,0,290.125149042857,0.000127021754094894,0.0373409365853812,"32",29.9235492741071,1.06723455460605,6.12120726644196,5.60243739729861,0,0,2.24856957530357,0.865474833230721,0.00693213539338977
424,0.00347366969960789,30.67627551,8.646316971375,0,2.998074051,4,1,0,276.2881504125,0.000135109793595074,0.0396720361551628,"32",29.8762288828125,1.17170100743288,8.31918590425,3.8332434770286,0,0,2.24856957530357,0.865474833230721,0.00392120345526899
425,0.00349344907876535,30.7790963514286,8.762398817,0,2.99811148314286,4,1,0,262.411284514286,0.000154889172752535,0.0453499734367657,"32",29.8011564340178,1.16638062308029,10.1978128668259,1.71249848212694,0,0,2.24856957530357,0.865474833230721,0.000733620833049583
426,0.00353344240017682,30.82981618125,8.417541724375,0,2.998074051,4,1,0,248.4929865125,0.000194882494164004,0.0567330301506015,"32",29.8202966390625,1.07938631545389,8.60459482901785,4.64404101240645,0,0,2.24856957530357,0.865474833230721,0.00103070879252323
427,0.00356427601820486,30.8494301585714,1.87073764471429,0,2.99811148314286,4,1,0,234.558839428571,0.000225716112192044,0.0654214027528885,"32",29.8422317465625,0.836906709440285,8.14492707570981,4.64461831326366,0,0,2.24856957530357,0.865474833230721,0.00354973759502207
428,0.00357457637919116,30.5564566525,1.68575185425,0,2.998074051,4,1,0,220.674245625,0.000236016473178345,0.0683071236705546,"32",29.8575502154286,0.484302840790837,6.09887963956428,5.04834016117596,0,0,2.09866306534286,0.821063227687014,0.00412469656181595
429,0.00358130159888706,30.20869123,6.41646133928571,0,2.99811148314286,4,1,0,206.953505971429,0.000242741692874244,0.0701867592676324,"32",30.0418434168214,0.285518715582969,5.92190617083929,5.48049252226536,0,0,2.09856650824286,0.82115139642755,0.00293321558092676
430,0.00358889090628255,30.015423045,8.313778495375,0,2.998074051,4,1,0,193.3577947,0.000250331000269734,0.0723036647795787,"32",30.2613464258929,0.259365362394601,5.31971430479643,5.0057365434097,0,0,2.17048862952857,0.771831797698663,0.0024195492623348
431,0.00359879316061252,29.9804809571429,7.39990290814286,0,2.99811148314286,4,1,0,179.812048957143,0.000260233254599705,0.0750590057842819,"32",30.4506789797143,0.293216963357846,6.86410570177856,4.0031223957652,0,0,2.70846868598571,1.06958966430458,0.00466861040606137
432,0.00361162995252762,29.99218974375,8.343820173125,0,2.998074051,4,1,0,166.2701486125,0.000273070046514804,0.0786196304299454,"32",30.4796094130357,0.339917970976536,9.80194492465625,2.64830901738228,0,0,2.99734667001786,1.22371485768068,0.0107325165014241
433,0.00362789368569448,30.0440145185714,8.40929586228572,0,2.99811148314286,4,1,0,152.711076528571,0.000289333779681664,0.0831126774564055,"32",30.4388288213393,0.350706443842215,8.27511339215625,4.52366666311293,0,0,2.99765024476786,1.2239742169269,0.0183358841070035
434,0.00366208316238842,30.11020822125,7.973485691,0,2.998074051,4,1,0,139.1189815125,0.000323523256375604,0.0924926047572914,"32",30.3267474552679,0.349276060867837,7.21222073514732,5.03018193884499,0,0,2.68406403984375,1.37568716045538,0.026268967344533
435,0.00370785659433057,30.1636480071429,7.737548243,0,2.99811148314286,4,1,0,125.509724657143,0.000369296688317754,0.104914421158864,"32",30.1710516686607,0.45942780989485,7.60446785759822,5.41109368963221,0,0,2.62312131211161,1.43545991284418,0.0357446699954011
436,0.00375655565566908,30.20869131625,7.4764610075,0,2.998074051,1,0.25,0,111.86816795,0.000417995749656265,0.117962937069947,"32",29.8765414698214,0.433114972822772,7.95605509570535,7.89704644906182,0,0,2.77694891191518,1.30141540323802,0.0464484659232766
437,0.00379417712909233,30.08250418,2.55539681371429,0,2.99811148314286,0,0,0,98.2386077371429,0.000455617223079514,0.127928005315496,"32",29.541479570625,0.241515613252019,7.07787842999107,8.58182052024234,0,0,2.98598436938839,1.22461875488151,0.0554689497272115
438,0.00381405520216094,29.74327548,0.009527902,0,2.998074051,0,0,0,84.72493469,0.000475495296148125,0.133153428754624,"32",29.1375452639732,0.197348090641534,7.25154133017857,8.60782309788276,0.00300578640178571,0.00350362538164909,2.30808289854911,1.60794819058133,0.0611159214549036
439,0.00382230035540686,29.3351248471429,0,0.00659773185714286,2.99907238114286,0,0,0,71.3769049628571,0.000483740449394044,0.135312876719532,"32",28.1540626880714,0.593936630074756,13.0195349607143,12.0823068978351,1.44403255624643,2.70849459409988,0.647736647471428,2.69541460654966,0.064801808667046
440,0.00380856917928268,28.78648174,0,6.227766120375,2.690346247625,0,0,0,58.2498584525,0.000470009273269865,0.131714023267223,"32",26.9591427650714,1.16767606102525,13.6427026914286,12.5344226541903,7.71697164051786,11.0244307853666,-1.08184088002857,2.37433144550842,0.0672879929904058
441,0.00380563228966435,28.1962843214286,0,23.7373650857143,0.57012421,0,0,0,45.3684111714286,0.000467072383651534,0.130942599054504,"32",24.8898186028274,2.02396841374027,15.1017616290774,11.7200679675045,10.6558616254167,16.5098810290423,-7.58233178837202,5.05461639603549,0.0694968489519989
442,0.00383990966148423,26.95670485875,0,31.5724809625,-9.1373129435,0,0,0,32.90130131375,0.000501349755471414,0.139909288611545,"32",22.904039463,2.22478079458874,13.5168551983571,12.3408177198887,14.1810672082143,19.4183529948141,-19.5497836877643,15.1704975493839,0.0722947339002012
443,0.00388875894701259,25.1988602071429,0,35.5519866885714,-12.0048548928571,0,0,0,21.1259047971429,0.000550199040999774,0.152550517586269,"32",19.7259813502976,2.82519032347384,11.508182136875,12.6232852041096,21.3874912480595,23.6101701527518,-11.5283812860893,21.7044435025884,0.0796563621243287
444,0.00393947463439309,22.89558404875,0,38.6920562475,-9.660969046375,0,0,0,10.33577683,0.000600914728380275,0.165507820180081,"32",16.2733032286384,2.77837942803239,13.226613795625,11.034010479354,16.6378873450424,22.9468217823725,46.8074594614375,70.0988945352865,0.0904935417233853
445,0.00398963639710194,20.0574323085714,0,41.3999717942857,-6.90665777357143,0,0,0,0.725116744571428,0.000651076491089125,0.178160545169886,"32",10.8309343602194,4.58081877141814,7.11571179617602,9.48375833311334,22.3085961550791,20.5711417587836,174.665499513314,190.459297699111,0.104097256196975
446,0.00403592697339388,16.78113356,0,42.70120284125,13.48404182975,0,0,0,-7.477176791875,0.000697367067381064,0.189696455199369,"32",9.27654165075255,3.5281127175859,7.42945269394133,9.56928415401782,17.8308528034503,19.2591667619077,162.218904245883,193.241900765995,0.121428555443672
447,0.0040554157945378,13.4659258014286,0,39.4312069,62.75313834,0,0,0,-14.2269323242857,0.000716855888524984,0.19451366759749,"32",5.94593510973214,4.63368743965013,6.0530246431002,7.96368763843623,18.6825635421657,25.568974455929,142.574399698185,177.241651069242,0.139931505025364
448,0.00402093986359922,11.41477408625,0.0008471675,31.7585682075,191.988315325,0,0,0,-19.80357641,0.000682379957586405,0.185976118991237,"32",4.9766018897,4.45332892562107,5.72360252106786,7.13567267327347,18.6374897282702,27.4572539327824,155.460702401202,188.891589248804,0.148447100042665
449,0.00397449830972387,10.2904700642857,0.163235575285714,10.071154685,318.337010242857,0,0,0,-24.52129613,0.000635938403711054,0.174358975812665,"32",3.7148296688961,4.44790873675792,3.88589347418994,4.59951177894114,24.4548945253604,30.1411984962478,166.720598539367,207.442661196824,0.153755316747777
452,0.00388852824374441,8.853013227,4.832978753125,0.395704776125,489.5024862375,0,0,0,-27.8681278225,0.000549968337731594,0.152491190148139,"32",9.52429932866071,0.364755029864776,4.04102894320536,1.74046795310774,0.556080850410715,0.106351989772355,418.052467213393,29.7886465825534,0.150162060136003
453,0.00392977156305977,8.97179320442857,5.96035458771429,0.242554018,378.989962314286,0,0,0,-24.7079872528571,0.000591211657046955,0.16304174509215,"32",3.18913331534286,4.31328296119434,3.6784473628375,4.79376166657721,26.8761285760964,30.6232614776801,145.493662161875,205.685970397987,0.154126773881552
454,0.00396983163401459,9.470569607875,2.4568650025,0.3609907825,156.02247800375,0,0,0,-20.6337140275,0.000631271728001774,0.173184131323171,"32",4.34586768015384,4.45861674287174,4.80803625527061,6.19932123081095,21.4763836394368,28.5318029729512,166.552799811003,199.366812038453,0.149161907449525
455,0.00401489758330928,9.42965932485714,0.00398675085714286,24.9651930681429,29.6317601071429,0,0,0,-16.4472537442857,0.000676337677296465,0.184472285366378,"32",5.37898765198437,4.59354163786672,5.36593031146987,7.04060888127306,19.4575571332221,26.7282792077225,157.74367820894,182.714956456669,0.147516722823976
456,0.00406360839554207,7.060867167375,0,42.52976802,8.7845538485,0,0,0,-12.7187022225,0.000725048489529255,0.196531792778853,"32",6.02758895598739,5.01691810227996,5.91715066717753,8.30703515418687,22.0531145081933,25.8403221617122,104.878340892237,149.315748096436,0.134700984648657
457,0.00410866132607256,3.232050995,0,45.2646233114286,7.51952107942857,0,0,0,-10.0523746097143,0.000770101420059744,0.207557710275129,"32",9.66642996988324,2.03327257795178,6.98223690310166,9.03568677153781,13.2489274708338,16.5446911023404,197.07882020917,192.828753855836,0.13023938010933
458,0.00412782680821108,1.1615777205,0,41.93576849,7.672887608,0,0,0,-8.5819037735,0.000789266902198264,0.212211518051221,"32",9.57519205784949,2.91141577502903,8.82919608873725,9.82866166039281,14.8438688290727,18.459291966075,162.593898228679,192.923760259302,0.127102490606643
1,0.00491842688637577,7.78458571428571e-05,5.51648748571429,35.0931569718571,1.49955724314286,0,0,0,-25.54922054,0.0011590077358995,0.268724270355257,"41",5.87159332238615,3.04062451151886,11.2848781115982,7.41330886256933,8.50497372299107,12.8013386819803,-406.353850357794,215.56759768316,0.192417622030349
2,0.00490799137243274,0.005539201,5.110563274875,61.53858156625,1.499990701875,0,0,0,-25.5483787525,0.00114857222195647,0.266600298552126,"41",5.21920271388293,3.45257067952446,10.6439458198333,7.19615540264457,11.4592163061984,14.8975813878743,-361.036805068801,243.194216354028,0.188602289614104
3,0.00489958207167554,0.00843479128571429,5.05787084257143,52.6267103671429,1.442460793,0,0,0,-25.5433653971429,0.00114016292119927,0.264885439582283,"41",4.69783636259464,3.6488356267583,10.0906075653375,7.00661362794744,16.4671528322036,21.1677217375665,-324.783125491734,256.349815335585,0.184497131248945
4,0.00489758215383095,0.402713120375,7.544168631875,0.89354691975,-8.730990922375,0,0,0,-25.477820425,0.00113816300335468,0.264477174948659,"41",4.27152712883928,3.73921602460014,9.63308604508604,6.81806104656084,19.7543853353799,22.8501656893876,-295.126254011303,262.332871227386,0.180031114119315
5,0.0048648317419415,1.32919153571429,19.6357133828571,0.00264046314285714,-78.3319050171429,0,0,0,-25.1201006785714,0.00110541259146523,0.257767659365701,"41",4.25975541860439,3.74822535085744,10.9480158292555,8.23980825873564,16.7839835083791,22.0842420345062,-250.886983042343,262.697803380311,0.17570599755284
6,0.00481983386586439,3.30296430875,23.04348899125,0,-88.64202804375,0,0,0,-24.08320270125,0.00106041471538812,0.248474989741211,"41",4.05042942696938,3.68536691473171,11.5685656545128,8.25002667255743,15.5853161480051,21.6866906740484,-238.561620326258,256.570590352112,0.170235220098649
7,0.00477323049755622,5.77584681585714,24.86876535,0,-48.3860967014286,0,0,0,-22.0745609357143,0.00101381134707995,0.238758858962548,"41",4.00059841908809,3.55654866823508,12.3335605436286,8.48407680452545,14.5462950714714,21.2817356108894,-228.566980840757,250.249528857939,0.16464666512418
8,0.00472683626058624,7.999633363,22.5318841125,0,-18.243589088625,0,0,0,-18.92080713375,0.000967417110109967,0.228991642372966,"41",5.01757890930555,4.22488864531687,13.8859935017272,9.7848838512605,13.7607400951845,20.2577998250831,-193.751414546246,241.705699454318,0.173823910484514
9,0.00468245760971763,9.48167591157143,24.8697926728571,0,2.36743442714286,0,0,0,-14.98688448,0.000923038459241356,0.219558632922864,"41",5.49664863915357,5.2244157884814,16.4777035215726,10.8453949021963,13.9938570969214,21.7646396437403,-53.0889004325821,104.633677997758,0.155180837731439
10,0.00464987245307708,11.12436294125,27.6654579275,0,15.2288501855,0,0,0,-10.357344595375,0.000890453302600807,0.21257532047136,"41",9.05735498975,4.78662016061528,22.0303259051125,9.30141623930975,5.25851099101072,11.1878746479464,-24.9209496175947,44.1513988807757,0.168611204537364
11,0.00466217305785264,12.7874888485714,26.43460932,0,39.3141593814286,0,0,0,-4.97111550057143,0.000902753907376366,0.215217191508449,"41",13.3272596243265,3.82123856557401,20.9255776420306,10.2022350265806,6.88444970653061,11.7719449292744,-0.789184186196428,15.6378694804055,0.157463858974595
12,0.00470025941127716,14.39946657625,32.6483948275,0,44.63738751125,0,0,0,1.163130997125,0.000940840260800887,0.223353231545177,"41",15.38826919025,3.25665552717398,23.1590739490214,9.29975405458831,5.021514828,11.2284485054312,1.77383229565715,29.6335307909752,0.158972739178855
13,0.00473564175850033,16.6233530542857,29.7220902514286,0,11.0213048941429,0,0,0,8.12159819171429,0.000976222608024057,0.230852782816718,"41",17.2775841391369,3.0237430744476,21.439597186256,11.6748415860429,8.8297020497619,13.7067933583037,7.6080803308631,31.4829350145055,0.152346186005991
14,0.0047642438691275,18.94588426625,30.2826834275,0,-11.282262938,0,0,0,16.141344225,0.00100482471865123,0.23687437035387,"41",18.8449698086071,3.3801073808072,21.1156139895929,13.0844217952705,10.8422674097143,14.8562367077004,15.0520979160786,17.5785998377387,0.174905663359564
15,0.00479562171408331,20.77068452,32.2135272714286,0,-11.8596876785714,0,0,0,25.0990350557143,0.00103620256360704,0.243438888799524,"41",22.1671920094197,2.60528435764774,18.4285357560536,12.9018568916537,10.1203043043572,12.7030762643127,15.7685452873393,19.2815118919432,0.16243495780246
16,0.00483853519764697,22.64009554,30.46423226,0,-3.7856122615,0,0,0,34.91090077875,0.0010791160471707,0.252347559663527,"41",23.8170985855357,2.38991469841253,20.4600410829598,14.0996359085864,5.1757568737009,6.72970896541538,12.3987977516339,17.4361200116992,0.160801248864148
17,0.00488167934028427,24.0044534885714,26.7075212914286,0,-0.735374666714286,0,0,0,45.4788670314286,0.001122260189808,0.261224817447202,"41",24.72385183,1.85956997648366,24.2508924000417,13.3111119643346,2.18750305579167,3.78886643434334,6.06985082795833,12.7687939770443,0.132852541366299
18,0.00491519418095269,24.9741444925,26.3564023725,0,-6.91273750000001e-05,0,0,0,56.5557637425,0.00115577503047642,0.268066790175443,"41",26.057062107619,1.78029852235639,22.507215433,9.3488937777321,9.51147142857143e-05,0.000164743517690255,2.55424217514286,3.9230148900356,0.125700059960613
19,0.00490558766098018,25.4425244014286,18.8683021557143,0,0.558623763285714,0,0,0,67.9713778542857,0.00114616851050391,0.266110423972534,"41",26.7852025675,1.61574990160375,20.91278472125,5.54679902831531,0,0,2.68738671670833,2.54512225853585,0.11655039283597
20,0.00486406848119355,25.5878053475,29.98124817125,0,2.08997142525,0,0,0,79.48260508375,0.00110464933071728,0.257610753504541,"41",27.1052124380952,1.50539957439651,18.280719252381,2.38768204172868,0,0,2.66123862433333,1.95605692598255,0.10700814775582
21,0.00481729390962719,26.7377643342857,29.11704171,0,2.59381887114286,0,0,0,91.2588033228571,0.00105787475915092,0.24794787081066,"41",27.2475267629167,1.48678774859113,20.8545477970833,7.90559491190718,0,0,2.26191880604167,0.667016101915197,0.0985746439118463
22,0.00476874139140935,27.58372160125,21.583114585,0,1.497799623,0,0,0,103.572393785,0.00100932224093308,0.237817940997957,"41",27.6779572342857,0.849093324038083,20.1655447547619,7.86874272935898,0,0,2.36339305452381,0.776027739730286,0.114459185297227
23,0.00471936973811324,27.7945088128571,15.5824124428571,0,2.96058030371429,0.571428571428571,0.571428571428571,0,116.093894785714,0.000959950587636967,0.227410790998159,"41",28.0946670056696,0.365462860049022,17.8804878521428,2.4956946328148,0,0,1.87328987719643,0.749856290289013,0.107418451531727
24,0.00466950139760377,27.64170825375,14.08210247,0,1.488439799,1,1,0,128.6220766625,0.000910082247127496,0.216787829476067,"41",28.1533267905804,0.243167663354295,16.4605828914732,1.1716714047251,0,0,2.23919613848215,0.854788654947104,0.100934912270227
25,0.00461933081182155,27.3905258442857,19.8188437357143,0,1.49875031085714,1,1,0,141.052884614286,0.000859911661345276,0.205985379512661,"41",28.114371149375,0.319946703618303,16.0789065415625,1.65728865216632,0,0,1.87115165426786,0.751298235857441,0.0938892196678866
26,0.00456894648206512,27.33033280625,21.2032077825,0,1.498242238375,1,1,0,153.3987288375,0.000809527331588847,0.195018180316599,"41",28.02564137125,0.441294951307118,17.2985572678125,1.77188759558355,0,0,1.87373864026786,0.749581908282711,0.0858480393712841
27,0.00451841957100693,27.5295895514286,21.8078508842857,0,1.56273184785714,1,1,0,165.788885714286,0.000759000420530657,0.183897811589125,"41",27.9807151661161,0.470171256426638,17.3371288205804,2.61037782981685,0,0,1.87360226411161,0.749647953809447,0.0774591273846824
28,0.00446778729629782,27.67818662875,19.1279376175,0,2.572320595375,1,1,0,178.25951405,0.000708368145821546,0.172628805623229,"41",28.0088879417411,0.398124591304972,17.1814083936161,3.11553917856431,0,0,1.88973402451786,0.739527930537762,0.0687391805864072
29,0.00441708479627941,27.8064742428571,18.1637599371429,0,1.49457453528571,1,1,0,190.7927244,0.000657665645803137,0.161215461966313,"41",28.0272659577232,0.382166911804643,16.6080107371875,1.74978911209361,0,0,2.14192315658036,0.762854277713748,0.059959371635182
30,0.00436633368567018,27.9080591975,20.09003818625,0,1.4990370255,1,1,0,203.375809,0.000606914535193907,0.149659215532008,"41",28.0467299505803,0.414428180768223,17.2937466988839,1.43426207640864,0,0,1.88858595584375,0.740359348579091,0.0530750110507278
31,0.00431555599139103,27.9812457257143,19.5437869271429,0,1.49905574157143,1,1,0,215.997513185714,0.000556136840914756,0.137961699438739,"41",28.0826700158929,0.459317397254371,18.5542293468304,1.2904395722891,0,0,2.26826328773661,0.851483185109393,0.0486039767734276
32,0.00426476932315033,28.02429627375,17.37787207125,0,1.4990370255,1,1,0,228.6481196125,0.000505350172674057,0.12612362610299,"41",28.1380066671875,0.497571298960785,18.0719863352679,1.12189752342846,0,0,2.62702766164732,0.752011345717022,0.0447336244016453
33,0.00421399178741006,28.0730488714286,16.8917392285714,0,1.49905574157143,1,1,0,241.319689828571,0.000454572636933787,0.114145899416396,"41",28.1771109774107,0.539117518418202,17.1077357870536,0.73328035785145,0,0,2.623400510375,0.749575674008753,0.0408175904011811
34,0.00416324368043099,28.07177413625,16.67137635625,0,1.4990370255,1,1,0,253.9978948875,0.000403824529954717,0.102030034521661,"41",28.20365728875,0.594817890344315,16.6762369598661,0.7594557827461,0,0,2.62278405403572,0.749152924895917,0.0384218619943316
35,0.00411254586407905,28.0822730857143,16.6345777442857,0,1.49905574157143,1,1,0,266.6807862,0.000353126713602777,0.0897778018929012,"41",28.2137969416071,0.63158798350363,18.3466323103125,2.95856930967485,0,0,2.40704038770089,0.729031767695786,0.0377078460946921
36,0.00406192998409822,28.06048905125,19.96092021625,0,1.4990370255,1,1,0,279.358741175,0.000302510833621947,0.0773937600116206,"41",28.2804166585268,0.591065693704635,19.7124786779911,2.47984088241754,0,0,2.03233116646875,0.710461015853912,0.0357436380724785
37,0.00401143066277869,28.1043545657143,20.8386337028571,0,1.49905574157143,1,1,0,292.041542028571,0.000252011512302417,0.0648834855669991,"41",28.3740200101339,0.496235198114107,19.9901488211161,0.891432667201551,0,0,1.87328750232143,0.749858312821334,0.0299804749309079
38,0.00396111245682414,28.1425552525,19.55647368,0,1.4990370255,1,1,0,304.7393638375,0.000201693306347867,0.0522604436887724,"41",28.5746703407143,0.462739433227494,19.4543442796428,1.2979157850313,0,0,2.09866680855714,0.821059810615511,0.0214120108462938
39,0.00391105818606001,28.1827879642857,19.1532751114286,0,1.49905574157143,1,1,0,317.464020685714,0.000151639035583736,0.0395435079596211,"41",28.5930236035714,0.384630034413354,18.6302230243214,0.628559484807934,0,0,2.09866306534286,0.821063227687014,0.0131261349028598
40,0.00386145183491832,28.2113723675,18.02773596875,0,1.4990370255,1,1,0,330.200104425,0.000102032684442047,0.0267787708811431,"41",28.5983259507857,0.305278573558245,18.68337512775,0.676997073120013,0,0,2.09866680855714,0.821059810615511,0.00694872581826329
41,0.00381261792682097,28.1859961271429,17.3741923157143,0,1.49905574157143,1,1,0,342.945223685714,5.31987763446968e-05,0.0140516084971383,"41",28.5828867929286,0.234058822472747,19.1549667334643,1.93250095696304,0,0,2.09866306534286,0.821063227687014,0.00389891599903487
42,0.00376563610394263,28.11142969875,16.87204072,0,1.4990370255,1,1,0,355.6568699875,6.21695346635651e-06,0.00165233463553349,"41",28.5688957834286,0.215159772916063,19.2619397971429,2.14755727712001,0,0,2.09866680855714,0.821059810615511,0.00484206618980616
43,0.00372605873352303,28.1150683857143,17.2196813928571,0,1.49905574157143,1,1,0,368.359900857143,-3.33604169532433e-05,-0.00891342876170587,"41",28.549705504375,0.294194556908764,18.3561866534375,1.59696434975231,0,0,2.24856957530357,0.865474833230721,0.00891852035969376
44,0.00371542060367828,28.10517686,16.75965011875,0,1.4990370255,1,1,0,381.0509517625,-4.39985467979931e-05,-0.0117725744567361,"41",28.5402824260714,0.368345107168625,18.0007604080357,0.874342250095318,0,0,1.99872227269048,0.865464027383795,0.0129297786204636
45,0.00373174971882076,28.1021010442857,16.6098532742857,0,1.49905574157143,1,1,0,393.751925442857,-2.76694316555131e-05,-0.00738724683142067,"41",28.5955271566667,0.424655963362597,18.0372075172024,1.3139128221531,0,0,1.99873475007143,0.86548563884155,0.0166857178210758
46,0.00376256512643846,28.09195168625,16.51415782625,0,1.4990370255,1,1,0,406.4392456375,3.14597596218647e-06,0.000836475043328733,"41",28.6594973093452,0.482951630259278,17.7848585522619,1.03198673810067,0,0,1.99936876439881,0.866583783869235,0.0190653407450896
47,0.0037967149147465,28.0921297957143,16.3447560528571,0,1.49905574157143,1,1,0,419.1307722,3.72957642702267e-05,0.00987173224739735,"41",28.7013896201786,0.527816616401417,18.1169579620833,1.61147902676079,0,0,2.25746866478571,1.31362592475062,0.0208194930854453
48,0.00382620980915697,28.10324285,16.32048362625,0,1.4990370255,1,1,0,431.8164978625,6.67906586806965e-05,0.0176102425686846,"41",28.7376587602381,0.560502815199577,17.8189466792857,2.24885419482258,0,0,2.49779322960714,1.7298802813202,0.0212371225382914
49,0.00384287352656342,28.1073477928571,16.2335816842857,0,1.49905574157143,1,1,0,444.515624271429,8.34543760871468e-05,0.0219559361716879,"41",28.7882791314286,0.600501838547733,17.9636443873214,2.04582018236912,0,0,2.49841999735714,1.73096587490773,0.0190752335119126
50,0.00383447550881573,28.10889779,16.17356074625,0,1.4990370255,1,1,0,457.2048916375,7.50563583394566e-05,0.0197681964089735,"41",28.8096585397024,0.625745941276009,18.4569357097619,1.94184343177686,0,0,2.49840128131548,1.73093345777265,0.0134811795254313
51,0.00380162888183188,28.1094094557143,16.2802621328571,0,1.49905574157143,1,1,0,469.908634257143,4.22097313556068e-05,0.0111651634931187,"41",28.8037527371429,0.642536807554725,17.7697492306548,1.3958198501541,0,0,2.49841999735714,1.73096587490773,-0.00104356689676621
52,0.00375867133549218,28.1080873475,16.47865324,0,1.4990370255,1,1,0,482.6007093875,-7.47814984093393e-07,-0.000198937474364946,"41",28.8027067989881,0.677147837076545,17.8800123892857,1.46331960971898,0,0,2.49840128131548,1.73093345777265,-0.0100659098835313
53,0.00371734727406349,28.1016297985714,16.2577605328571,0,1.49905574157143,1,1,0,495.2983938,-4.20718764127834e-05,-0.0112541483715392,"41",28.7970413805952,0.710171725217992,18.3719454766667,2.45750096588415,0,0,2.49841999735714,1.73096587490773,-0.0169834817331767
54,0.00369892945719903,28.07353811625,21.06725017,0,1.4990370255,1,1,0,507.9793120375,-6.04896932772433e-05,-0.0162210218847187,"41",28.8367154849405,0.737289855466423,16.935943617619,0.6112869586219,0,0,2.49840128131548,1.73093345777265,-0.0128314373830447
55,0.00372572176623411,28.1497092314286,22.6735764814286,0,1.49905574157143,1,1,0,520.682833085714,-3.36973842421633e-05,-0.0090038681620932,"41",28.8575470720833,0.758806772837662,18.3060286790476,2.436618543698,0,0,2.49841999735714,1.73096587490773,-0.013168620715215
56,0.00376740864527337,28.408456815,20.9190918225,0,1.4990370255,1,1,0,533.453028075,7.98949479709687e-06,0.00212293885345716,"41",28.8958780588095,0.711708776105393,19.0330798775595,3.15718079757069,0,0,2.49872232314881,1.73148951853933,-0.0125879714930413
57,0.00380999944817908,28.6207091985714,18.5270054142857,0,1.49905574157143,1,1,0,546.341257414286,5.05802977028066e-05,0.0133645797385471,"41",28.9916989826191,0.582826324222641,18.6271066246429,1.99794098370078,0,0,2.29353895340476,1.37610149728098,-0.0131550644032113
58,0.00384534958823865,28.7503705825,18.08729276625,0,1.4990370255,1,1,0,559.2960757125,8.59304377623768e-05,0.0226000542362792,"41",29.0614113049405,0.49064020817039,17.6289620510119,0.82767451633021,0,0,1.99872412614881,0.865467237667798,-0.0165335449343335
59,0.00384719701572272,28.87856481,17.9882283214286,0,1.49905574157143,1,1,0,572.319643571429,8.77778652464468e-05,0.023080370460975,"41",29.0916754741667,0.439432072855472,17.523866281131,0.653430208686078,0,0,2.41743972002381,1.59070392015761,-0.0227694102371182
60,0.00381443683746931,29.01806611125,17.89094233,0,1.4990370255,1,1,0,585.38946195,5.50176869930368e-05,0.0145285712806347,"41",29.1191007791667,0.400295010215001,17.7690243263095,0.879588514569525,0,0,2.49836317102381,1.73086744881119,-0.028947103231112
61,0.00376951851993593,29.1404247185714,17.8528631414286,0,1.49905574157143,1,1,0,598.5300209,1.00993694596568e-05,0.00268281547570304,"41",29.1531974051786,0.37131911817698,17.8826096261905,1.01792860231271,0,0,2.49841999735714,1.73096587490773,-0.033309155243461
62,0.00372187497529491,29.26594694125,17.81137228875,0,1.4990370255,1,1,0,611.7134982875,-3.75441751813634e-05,-0.0100368970199893,"41",29.1848550761905,0.369969460940451,18.0578392213095,0.655391010903578,0,0,2.49840128131548,1.73093345777265,-0.0376635346984631
63,0.00367341158605298,29.3966551628571,17.78908052,0,1.49905574157143,1,1,0,624.970772614286,-8.60075644232932e-05,-0.0231436458412482,"41",29.2134691623214,0.3865984254242,18.228807878631,0.664311596475565,0,0,2.49841999735714,1.73096587490773,-0.0433340591504612
64,0.00362470474303022,29.51826712875,17.99024121375,0,1.4990370255,1,1,0,638.267048825,-0.000134714407446053,-0.0364916284326036,"41",29.2243240742857,0.403409281754384,18.2083182633333,1.02088267253653,0,0,2.49840128131548,1.73093345777265,-0.0496180654443358
65,0.00357618628854521,29.6328108685714,18.1539429385714,0,1.49905574157143,1,1,0,651.632703342857,-0.000183232861931063,-0.0499675127825272,"41",29.2281727272024,0.444285640630044,18.0509822817262,0.890622842234851,0,0,2.49841999735714,1.73096587490773,-0.0608910500441527
66,0.00352852437866248,29.7541027775,17.62792144,0,1.4990370255,1,1,0,665.036051575,-0.000230894771813793,-0.0633847019640026,"41",29.2342334024405,0.491192698136325,18.0899243766071,0.985514262786181,0,0,2.49872232314881,1.73148951853933,-0.0656928174972472
67,0.00348365993993216,29.8765552185714,17.32753508,0,1.49905574157143,1,1,0,678.5125702,-0.000275759210544113,-0.0761810140992285,"41",29.2502246967857,0.541579119540698,17.8849134195238,1.03225695431645,0,0,2.34711038197619,1.46888993339872,-0.0680199197113773
68,0.00345729457768198,29.9954509125,19.82717239,0,1.4990370255,1,1,0,692.02417785,-0.000302124572794293,-0.0837780926368197,"41",29.2802678095238,0.586733806871839,17.8381439408333,1.09082331964373,0,0,1.99808113306548,0.864353540978614,-0.0667783214422806
69,0.003466090120187,30.1052003214286,21.4427693814286,0,1.49905574157143,1,1,0,705.604490914286,-0.000293329030289273,-0.0812372697975263,"41",29.3124895846429,0.646151084646765,18.89605959,0.902028853669311,0,0,1.99873475007143,0.86548563884155,-0.0622504918698429
70,0.00347716023734948,30.15475891125,18.69624314625,0,1.4990370255,1,1,0,719.2069791375,-0.000282258913126793,-0.0780485251451744,"41",29.3448466154762,0.696958479668548,19.4661911188095,1.76277868926498,0,0,1.99872227269048,0.865464027383795,-0.0573588272834195
71,0.00347159174289273,30.0084522414286,13.6314601414286,0,1.49905574157143,1,1,0,732.816407342857,-0.000287827407583543,-0.0796512576946498,"41",29.3507274918452,0.72610907922482,18.6474473568452,0.808320994483515,0,0,1.99873475007143,0.86548563884155,-0.0546419434537339
72,0.00345077262593826,29.33278102875,14.52484789625,0,1.4990370255,1,1,0,746.224341175,-0.000308646524538013,-0.085666306315237,"41",29.1370134716072,0.609506778278183,18.0572191393304,3.30008330872439,0,0,2.24856957530357,0.865474833230721,-0.0533969416307861
73,0.00343462989100823,28.80719911,21.0693082371429,0,1.49905574157143,1,1,0,759.334386871429,-0.000324789259468043,-0.0903552882587944,"41",28.9435668299554,0.313214339111274,18.5855930939286,3.20768796989148,0,0,2.24856957530357,0.865474833230721,-0.0537786885931883
74,0.00344929403878799,28.83381691375,19.5992518025,0,1.4990370255,1,1,0,772.3314035375,-0.000310125111688283,-0.0860948781542898,"41",28.813859788125,0.170176399178689,20.2063436972321,1.78410783393701,0,0,2.24856957530357,0.865474833230721,-0.0553226796021249
75,0.00347848032220214,29.0203981114286,18.9835816842857,0,1.49905574157143,1,1,0,785.396906628571,-0.000280938828274133,-0.0776689526761114,"41",28.8227467329018,0.129505965239417,19.2865135742411,1.41728221582039,0,0,2.24856957530357,0.865474833230721,-0.0584714842454381
76,0.00347428966833309,29.23367131875,21.89831526125,0,1.4990370255,1,1,0,798.54907845,-0.000285129482143183,-0.0788744158977268,"41",28.8889745929018,0.133377745036821,18.3100865722322,1.06223827917026,0,0,2.24808872055357,0.866030439383733,-0.0615268325862591
77,0.0034384394998482,29.3582493914286,21.5623388814286,0,1.49905574157143,1,1,0,811.792502285714,-0.000320979650628073,-0.0892467270316022,"41",28.97031720125,0.18376839843655,18.4069686851786,2.35256619804854,0,0,2.50984050425893,0.707022262262728,-0.0635231743114619
78,0.00340016448058115,29.39197198125,18.60338609,0,1.4990370255,1,1,0,825.0614675375,-0.000359254669895123,-0.100440654308028,"41",29.0278000316518,0.221918952566057,18.5204444525,2.15299439026881,0,0,2.62198825192857,0.748628458440818,-0.0645499391733712
79,0.00337477302360616,29.2721176385714,17.0734152471429,0,1.49905574157143,1,1,0,838.326424828571,-0.000384646126870113,-0.107936391382149,"41",29.0601457877232,0.227920316385984,17.7200924542857,0.683519956616676,0,0,2.95689791500893,1.16008854293694,-0.0635880229406672
80,0.00337187480831157,29.10376346875,16.747000585,0,1.4990370255,1,1,0,851.506671125,-0.000387544342164703,-0.108795548539645,"41",29.0599709846875,0.172567786728207,17.3641036221429,0.323179077653411,0,0,3.33324007477679,1.39549111021326,-0.0601021035915315
81,0.00339851618812193,28.9336212942857,16.6254346542857,0,1.49905574157143,1,1,0,864.622295214286,-0.000360902962354344,-0.100925540280277,"41",29.0484999864732,0.167113441728985,17.2188454612054,0.371092795923084,0,0,3.37286903970089,1.43524297339848,-0.0548801492205194
82,0.00344101432455405,28.828922965,16.515419,0,1.4990370255,1,1,0,877.6581835875,-0.000318404825922223,-0.0884981720396087,"41",29.0561884364732,0.242616539812917,17.4028607749107,0.756390680303249,0,0,3.37285202361161,1.43522520024561,-0.048171360340508
83,0.00348449471779903,28.7463804728571,16.5122995314286,0,1.49905574157143,1,1,0,890.673736685714,-0.000274924432677243,-0.0759414161316441,"41",29.1107751641964,0.378492619953209,16.9882387033482,1.53879483686483,0,0,3.37270713916072,1.43507390053706,-0.0403966343751191
84,0.00351278611927892,28.6562400425,16.50351876125,0,1.4990370255,1,1,0,903.63040795,-0.000246633031197353,-0.0678549735561136,"41",29.191569140625,0.532222641024631,17.1580546604464,3.49099685688671,0,0,3.2975856265,1.36262611807089,-0.0331686346785284
85,0.00352428324513903,28.5885669942857,16.41047463,0,1.49905574157143,1,1,0,916.570613614286,-0.000235135905337243,-0.0645873815607292,"41",29.0945322041667,0.581924639799053,17.6153979499405,3.48739122916754,0,0,2.89794946635714,1.35161775491764,-0.0309675428715087
86,0.0035519195566629,28.492688235,16.24863621375,0,1.4990370255,1,1,0,929.453201225,-0.000207499593813373,-0.0567762851205238,"41",29.2161122580952,0.700207294723373,17.5195225929167,3.01629273702709,0,0,2.50100359081548,0.867721070672018,-0.0261175681921511
87,0.00358913829819888,28.3524486671429,16.8764759657143,0,1.49905574157143,1,1,0,942.308572671429,-0.000170280852277393,-0.0463523176181342,"41",29.2983510992857,0.866412721889841,16.6630411541071,0.943828732371885,0,0,2.91712496721429,1.37937892709652,-0.0222195352627781
88,0.00361707995571943,28.2076446425,17.70337196125,0,1.4990370255,1,1,0,955.0705340875,-0.000142339194756843,-0.0385974049048246,"41",29.2729002344643,0.969795029873563,17.1526745014881,0.556082484403023,0,0,2.99743412785714,1.49897085305631,-0.0187536973185344
89,0.0036244362619098,28.0718803571429,18.45252645,0,1.49905574157143,1,1,0,967.794489428571,-0.000134982888566474,-0.0365657009642186,"41",29.193203585119,1.00330839368678,17.1859522485119,0.600403964996786,0,0,2.75715391207143,1.55607335867893,-0.0163034161868064
90,0.00361369374193853,27.9167626875,17.25538528875,0,1.4990370255,1,1,0,980.4306866875,-0.000145725408537743,-0.039534016691162,"41",29.100875794881,1.02500727971006,18.9433702341667,1.45922208313885,0,0,2.49904777302381,1.73037384601605,-0.0164053293606395
91,0.00359704720046519,27.7818603385714,17.9742914414286,0,1.49905574157143,1,1,0,993.028921228571,-0.000162371950011083,-0.0441511762084392,"41",29.0197700801191,1.04827624994396,18.9783791567262,1.60241383891303,0,0,2.49841999735714,1.73096587490773,-0.0171788418775267
92,0.00358562427717446,27.63982198125,17.21294180875,0,1.4990370255,1,1,0,1005.535198375,-0.000173794873301813,-0.0473318681385955,"41",28.9589290591071,1.07255110412547,19.2745415379762,1.13717693084217,0,0,2.49840128131548,1.73093345777265,-0.0169019482546029
93,0.00358778935097655,27.5097886585714,20.0664274985714,0,1.49905574157143,1,1,0,1018.00703471429,-0.000171629799499723,-0.0467282297818237,"41",28.8808930180357,1.09785703519971,18.472359613869,1.13577129021065,0,0,2.49841999735714,1.73096587490773,-0.0137285663949104
94,0.00360529705890159,27.43368294625,19.71561928125,0,1.4990370255,1,1,0,1030.40080925,-0.000154122091574683,-0.0418602938184121,"41",28.7927334049405,1.11985601856838,19.9138926124405,0.321290425273233,0,0,2.49840128131548,1.73093345777265,-0.00826157678573823
95,0.00364139061427391,27.4559243685714,19.95303065,0,1.49905574157143,1,1,0,1042.81460114286,-0.000118028536202363,-0.0318988177702773,"41",28.8639563261607,0.954834692535348,19.8661713583036,0.49116559869885,0,0,2.24857425439286,1.49906198043073,-0.00331204626373781
96,0.00368490139755248,27.44096844375,19.40762742375,0,1.4990370255,1,1,0,1055.202448625,-7.45177529237933e-05,-0.0200206961784737,"41",28.8250885897768,0.914031646428215,19.7044591487946,0.555819370104252,0,0,2.24856489637946,1.49903078702299,-0.00101023854807471
97,0.00372062871595943,27.3976115514286,19.01195094,0,1.49905574157143,1,1,0,1067.60000371429,-3.87904345168434e-05,-0.0103718002636661,"41",28.5918952974405,1.00731496816442,19.5930091044643,0.405809544922115,0,0,2.49841375866667,1.73097127774687,0.00909793207485521
98,0.00372316374954429,27.3835253175,18.9659662125,0,1.4990370255,1,1,0,1079.9631035,-3.62554009319832e-05,-0.00969068680530505,"41",28.6783109415625,0.864863494985774,18.8797736013839,0.969380292336587,0,0,2.99809744625446,1.73094426360223,0.0131079476464702
99,0.00371965625287697,27.3604497414286,18.9080673028571,0,1.49905574157143,1,1,0,1092.33896771429,-3.97628975993035e-05,-0.0106332050528462,"41",28.6819696017411,0.871876034263629,17.1878863470982,2.3933586181216,0,0,2.99808808821875,1.73095506933111,0.0197177110846353
100,0.00374340760153892,27.3368540275,18.77237028375,0,1.4990370255,1,1,0,1104.68072525,-1.60115489373533e-05,-0.0042681440866712,"41",28.7138973554911,0.903482018743365,16.6012253754464,2.54172822871439,0,0,2.99809744625446,1.73094426360223,0.0271083993528386
101,0.00378394746705947,27.3267191471429,18.6514682842857,0,1.49905574157143,1,1,0,1117.04038985714,2.45283165831965e-05,0.00650330379640085,"41",28.5501277545833,1.05208812647213,17.4605237008333,1.90925892201181,0,0,2.498395042625,1.73093886061179,0.0272643085058844
102,0.00382026309988994,27.30031532875,19.0683895425,0,1.4990370255,1,1,0,1129.362899875,6.08439494136667e-05,0.0160548299278149,"41",28.5634230357143,1.08191543196283,17.3715491128571,2.16849270556182,0,0,2.4985934032381,1.73125001408526,0.0270816259569495
103,0.0038312572717736,27.2813124128571,19.44703111,0,1.49905574157143,1,1,0,1141.70055471429,7.18381212973266e-05,0.0189285540057353,"41",28.55763875875,1.11534854317381,17.97897202125,1.33978376009464,0,0,2.380477918375,1.52670041032838,0.0325564491310874
104,0.00382427927878986,27.10882173,21.3056852025,0,1.4990370255,1,1,0,1153.972061,6.48601283135867e-05,0.017105561015538,"41",28.4942068642857,1.07757166650871,18.3941085747619,0.921912367644209,0,0,1.99953636719048,0.866857871776047,0.0371031005387862
105,0.00380897743244334,27.0602933128571,23.6227586957143,0,1.49905574157143,1,1,0,1166.19447057143,4.95582819670668e-05,0.0130962981225098,"41",28.3526384258333,1.1021815273655,19.0980841666667,1.93668762729834,0,0,1.99866307095833,0.865377695518551,0.0394113731562865
106,0.00378945261920679,27.30565832,18.79670477125,0,1.4990370255,1,1,0,1178.464841875,3.00334687305167e-05,0.00795711659088205,"41",28.2544529628571,1.05674478908108,19.6709206671429,3.43270450802163,0,0,1.99874098876191,0.865480235926519,0.0434541488124831
107,0.00377339667344803,27.2239939957143,18.22045912,0,1.49905574157143,1,1,0,1190.80251,1.39775229717567e-05,0.00371110590495149,"41",28.2679817020833,0.866142347755175,18.0787126033333,0.627322292820055,0,0,1.998716034,0.865469430197641,0.0476902635238621
108,0.00376554175159043,27.05417088125,18.99860673,0,1.4990370255,1,1,0,1203.038736375,6.12260111415661e-06,0.0016272781698623,"41",28.179476877619,0.868221593279592,17.8353058866667,0.437877849306197,0,0,1.99874098876191,0.865480235926519,0.0513142527281461
109,0.00376156896422819,26.9443297042857,17.6876512857143,0,1.49905574157143,1,1,0,1215.246005,2.14981375191688e-06,0.000571683858693106,"41",28.0597415679167,0.905947195557713,18.4183603266667,0.688070997247512,0,0,1.99807489433333,0.866025207419331,0.0547296679311406
110,0.00375519142277537,26.8187329875,17.19520387375,0,1.4990370255,1,1,0,1227.374066375,-4.22772770090332e-06,-0.00112520216269996,"41",27.9432831328571,0.909092219487509,17.8932055152381,1.10120955836495,0,0,2.34711662061905,0.768712098406152,0.0585232495601259
111,0.00375811660167092,26.7105033957143,17.3207696171429,0,1.49905574157143,0.428571428571429,0.428571428571429,0,1239.47919571429,-1.30254880535349e-06,-0.000346536106159867,"41",27.8256861620833,0.922524584727616,18.0806468329167,1.93097243582945,0,0,2.49871608441667,0.865747594585273,0.0638746588828109
112,0.00377460824367384,26.55607627125,17.923509595,0,1.4990370255,0,0,0,1251.49594725,1.51890931975665e-05,0.00403213648651946,"41",27.7280188242857,0.950113220165463,16.9771162376191,0.34119641440704,0,0,2.49842623595238,0.865480235926519,0.0700404447391405
113,0.00378883183437392,26.3479687185714,14.9461931142857,0,1.49905574157143,0,0,0,1263.46644228571,2.94126838976468e-05,0.00779328404495949,"41",27.8385766699286,0.803789031727789,17.9321858806429,1.8802001872922,0,0,2.69828161875714,0.670398108304271,0.0749068494193199
114,0.00377611419697926,26.01450391875,16.1291593175,0,1.4990370255,0,0,0,1275.2789195,1.66950465029865e-05,0.00443102634039416,"41",27.5352026033929,0.752317437031172,19.8458214213571,5.48262903978468,0,0,2.69828536197143,0.670389738222677,0.143779794801138
115,0.00375029994949202,25.7910758071429,19.8418308471429,0,1.49905574157143,0,0,0,1286.98107928571,-9.11920098425325e-06,-0.00242864083258176,"41",26.9371936004286,0.775796940945619,21.31972506875,7.14374122019373,0,0,2.69829025473214,0.670402935920421,0.167623744198545
116,0.00374583990289528,25.66867817875,10.9810501445,0.0001611705,1.495644185625,0,0,0,1298.606072625,-1.35792475809931e-05,-0.00361859915562679,"41",26.3973674261072,1.39214620650483,23.0778425735357,7.5505888525373,0,0,2.39504278504643,0.82744072188372,0.166189157708582
117,0.00375684153960079,25.0151470042857,10.502781622,0.00942743557142857,2.830700748,0,0,0,1310.083548,-2.57761087548315e-06,-0.000685875866797581,"41",25.9343333249703,2.1826204317514,21.754767165125,9.75755888987551,2.686175e-05,6.5797581098206e-05,1.57859619650893,1.32060718600271,0.167786614643693
118,0.00376743808773635,23.99080162125,9.985148214625,6.900067545125,17.75201336375,0,0,0,1321.1419075,8.01893726007667e-06,0.00213075386635442,"41",24.2405523616786,2.57490637885891,23.7785181662571,11.3111490992124,0.00188548711428571,0.00421607735824277,1.39645200134286,2.68129764395846,0.174076343684396
119,0.00378496607364134,23.0309921614286,19.0074066285714,0.03273805,29.4293141271429,0,0,0,1331.749871,2.55469231650665e-05,0.00677245908682078,"41",22.9258490891786,2.58435118659875,22.7512984731393,11.0080314656738,1.380013509025,3.08580401604792,4.71482771401072,10.5865586746545,0.178475590956686
120,0.00382192665344291,22.9884361375,19.57750276875,0.00698204425,2.352117976,0,0,0,1342.009236625,6.25075029666365e-05,0.0164901903649159,"41",22.1828760530357,2.60738508659017,25.2762387427679,8.91124749657943,0.00545634166666667,0.0133652529456205,2.66735052294345,22.1657750170539,0.176811339482093
121,0.00386880908534052,22.9147250057143,10.3288975384286,2.95905085257143,-8.75600590228571,0,0,0,1352.32124742857,0.000109389934864247,0.0286822648328222,"41",20.1491739057738,3.61637180562999,26.1764034481429,9.46499180545444,0.0018779052797619,0.00303164370872866,7.84354230716369,21.7919534058917,0.180668404602147
122,0.00391779226622562,21.6282234925,8.68387780225,24.07691079125,-7.1071681605,0,0,0,1362.377497,0.000158373115749347,0.0412638324684158,"41",18.6069578506548,4.05042744326971,23.80203341025,10.9928761678122,1.61121694057441,2.76334907110249,30.8761854716905,38.3043981793151,0.172157909624234
123,0.00396744703675924,18.6144410771429,6.919417896,28.0896876428571,-45.6907496085714,0,0,0,1371.50725071429,0.000208027886282967,0.0538583584495287,"41",16.2045381120357,4.42178478195045,20.8141182477398,9.28062925346147,6.4482952542602,11.0469176924451,54.2696172979133,49.7350785730646,0.186156194171277
124,0.00401744975476912,15.2547495425,5.890468359375,29.90931114,-126.407906625,0,0,0,1379.080226,0.000258030604292846,0.0663828460394642,"41",13.9127310699861,5.64920242520972,16.1902798048016,7.79998625542618,8.00434576015872,12.1441843368934,54.9301878762282,79.4899913761316,0.187626074796533
125,0.00406763524868149,11.7416899814286,5.64079652471429,29.1289615171429,-252.7383791,0,0,0,1384.91055614286,0.000308216098205217,0.0787973443894279,"41",11.9677935548199,5.37392824824075,14.687801695439,7.01875007898652,9.09570160404762,13.5290312129733,-68.1992212388765,197.015525296057,0.196032240942696
126,0.00411792476388683,9.072627648375,5.44090040475,16.164544235625,-384.5850846125,0,0,0,1388.34151225,0.000358505613410557,0.0910848718494073,"41",11.0516048691176,4.84609150727927,13.993676453189,6.53855200466682,9.1823077602381,13.6643249201752,-151.776970281853,215.263918298489,0.203760791278682
127,0.00416825787106779,7.87408390128571,12.5290519922857,0.133417644857143,-475.355176857143,0,0,0,1389.66294128571,0.000408838720591516,0.103233704974299,"41",10.4819591002912,4.12065327919637,13.3350486669725,6.76743127852035,10.3481781482486,14.0707012786126,-222.285879786258,208.927460686337,0.227180838729158
128,0.00421859115666999,7.157864210625,12.99019278,0,-498.3965465125,0,0,0,1388.93353725,0.000459172006193717,0.115236756070267,"41",10.5017461898297,4.10394476525266,13.1983579963091,6.79287539394447,10.3481781482486,14.0707012786126,-173.355890941739,213.313589997761,0.215986430463269
129,0.00426888529869119,6.51583044271429,13.9655300057143,0,-525.213389914286,0,0,0,1386.89952871429,0.000509466148214917,0.127088271602712,"41",11.8889947691295,4.85924456079007,14.3723933071176,6.66712251409525,9.1823077602381,13.6643249201752,-105.415221229353,185.357266891221,0.197862905149761
130,0.00431909575237777,6.093065787375,15.92284811375,0,-505.346790925,0,0,0,1384.289625375,0.000559676601901496,0.138781596108132,"41",12.5018597154968,5.29169380580802,14.5755247483198,7.35001613935116,9.92258356805195,13.8676915234708,-28.4585330855925,147.816016168123,0.192454075640535
131,0.00436917803847182,6.32949223228571,14.61883245,0,-357.947875685714,0,0,0,1381.75042814286,0.000609758887995547,0.150310431608836,"41",12.859974458289,4.95477713398003,15.4598955612743,7.9189788786017,9.92258356805195,13.8676915234708,15.8510959449269,106.4299719092,0.189975037756318
132,0.00441905989548821,6.747482811125,16.0813447225,0,-158.52887282125,0,0,0,1379.369339375,0.000659640745011937,0.161662511956073,"41",14.0469329172375,5.34299974577822,15.1602986602589,8.04291122603491,10.1948422981429,13.3819715501882,36.7963784261053,94.3659683816285,0.193688236234387
133,0.00446865806473994,7.21201902842857,14.6802981157143,0,14.1253510022857,0,0,0,1377.08484414286,0.000709238914263667,0.172823685889422,"41",15.1882347299661,5.33778531470606,15.982942841975,7.85807971678637,9.61160226326785,12.5270565740204,54.4130328254696,76.7305160822361,0.186953238937119
134,0.00451780335520817,7.415096374625,11.213214061375,0,137.69330846625,0,0,0,1374.591021,0.000758384204731897,0.183761423677691,"41",16.0519167694484,4.86431352702813,16.5129127064861,8.14299258843326,10.6795580702976,12.7950022135559,45.1596688653829,75.2345680789521,0.186814464360622
135,0.00456624376262369,7.845646274,30.5527121042857,0,189.258334142857,0,0,0,1371.78331114286,0.000806824612147417,0.194426464240913,"41",16.5057759826741,4.1815028434918,19.0772807037723,9.89740468631468,9.15346930283481,12.7728085874112,41.7745714346027,58.0449749604103,0.191244572468267
136,0.00461331150188286,10.268754403,24.3469113925,0,129.45804365,0,0,0,1368.00425425,0.000853892351406587,0.204681460123907,"41",17.9694412878571,4.11244067680488,18.6684848730255,10.0334155040635,7.40661679581377,10.6791443709832,34.487464046824,41.7413330110232,0.177470488464655
137,0.00465719635502123,12.2515632057143,20.11333049,0,70.9911565314286,0,0,0,1363.02296942857,0.000897777204544957,0.214149157186125,"41",19.0385672280612,3.86983746131324,21.6422968948214,11.547900447552,4.8206017763852,8.85801739918676,25.4499920956633,37.7993931403388,0.177611829505726
138,0.00468400318614456,13.19221168625,28.8428179925,0,84.4802803025,0,0,0,1357.309995875,0.000924584035668286,0.219888656491348,"41",19.8277554352296,3.41439006750048,22.0447046242092,11.3148635568725,1.381655290125,2.59466855946353,13.8127130297653,28.9710179047819,0.178131396458421
139,0.00466244792786085,14.77116539,28.85841364,0,44.5483875328571,0,0,0,1351.11669185714,0.000903028777384577,0.215276147256423,"41",21.2247756089286,2.76961885770835,25.6400014097714,10.4797248888452,0.00225348633571429,0.00322964719418628,0.502573262025004,13.7636420559045,0.183962167479232
140,0.0046193436657545,16.7982558275,29.77931311375,0,-16.941093561,0,0,0,1344.04484,0.000859924515278227,0.205988162148352,"41",22.2774994356429,2.20892635940981,22.5119982805714,9.16275235464481,0.00794401885,0.0141861876685183,5.84909094815714,23.8085522719234,0.193746528293429
141,0.00457250619235007,18.5146640085714,25.0040767571429,0,-23.1185110771429,0,0,0,1336.10484728571,0.000813087041873797,0.195796986599096,"41",23.5411676534822,2.08262341861628,18.6883036723482,9.03943294665846,1.1554675991875,2.81429819566344,13.2617086530685,16.0470810074376,0.194616192566338
142,0.00452415020920844,19.6083165275,25.9825671275,0,-3.56136853625,0,0,0,1327.4590185,0.000764731058732167,0.185165291737189,"41",24.2094860424554,2.60027311604415,21.0714327815134,11.6303168777853,1.72501688628125,3.4500337725625,8.03439254140179,8.94932862590446,0.190786487816471
143,0.00447503038585107,20.7465693414286,32.8531456614286,0,3.97965313628571,0,0,0,1318.35019585714,0.000715611235374797,0.174248673372412,"41",25.6722097818929,2.09114583698803,21.6521419637214,10.1148056252527,0.00188548711428571,0.00421607735824277,0.800426758010714,2.26195817741342,0.156983420108303
144,0.00442542159188234,22.45022784,33.7252823075,0,-0.501672311125,0,0,0,1308.581097375,0.000666002441406066,0.163101080708006,"41",26.6311544219643,1.52088547473285,19.36066413665,8.71920148463074,3.22341e-05,7.2077638793526e-05,1.99464989803571,0.93901493891015,0.152425808619623
145,0.00437550344220679,24.5458275371429,32.6349175442857,0,3.00169452528571,0,0,0,1297.98393457143,0.000616084291730516,0.151757117736279,"41",26.8602523983482,1.07502469593507,20.6885738308482,6.16099195434666,0,0,2.24337984998661,0.871512033863488,0.149131472263859
146,0.00432536045145414,26.1810933475,29.38441057875,0,2.998117230875,0,0,0,1286.476828,0.000565941300977867,0.140231010595396,"41",27.059764738631,0.90549450409753,20.7617441991667,6.975578088117,0,0,2.49841999726191,0.865491041655398,0.161930582615718
147,0.00427506471120618,27.6045911114286,28.7844416071429,0,2.99811148314286,0,0,0,1274.34515128571,0.000515645560729907,0.128534771977982,"41",27.5178554763839,0.867545896564042,17.6111663749107,2.60532923187522,0,0,2.62332883167857,0.749515393612476,0.142255292518822
148,0.00422465524034355,28.4364529925,21.18305223625,0,2.998074051,0,0,0,1261.627066875,0.000465236089867276,0.116673190419679,"41",27.6891075892857,0.844094605428236,17.1194692917411,0.556909896856892,0,0,2.62333351069643,0.749530990338663,0.0801276420443647
149,0.00417417056979202,28.5920396742857,16.9721480485714,0,2.99811148314286,0,0,0,1248.75534471429,0.000414751419315746,0.10465120579302,"41",27.7896096314881,0.981803589644433,18.1225020807143,1.9033467445103,0,0,2.49872232310714,0.865736788858067,0.0777247668450588
150,0.00412363596479236,28.63013714625,20.295555555,0,2.998074051,1.5,0.75,0,1235.817735375,0.000364216814316087,0.092470823338247,"41",27.9014175605952,0.978351732663445,17.7290563779167,1.18098347051588,0,0,2.34711038192857,0.768722422413151,0.0716650191612614
151,0.00407307798852258,28.7220763328571,19.0827084857143,0,2.99811148314286,2,1,0,1222.88080885714,0.000313658838046307,0.0801345099079169,"41",28.0231278422619,0.967065190978415,17.9813751785714,0.53444604474502,0,0,1.99808113302381,0.866019815000823,0.0662008796197062
152,0.00402252029910401,28.81224879,18.59826614625,0,2.998074051,2,1,0,1209.87167225,0.000263101148627736,0.0676441803098742,"41",28.1228691727976,0.962125309195633,18.0946884233333,0.832634961971949,0,0,1.99873475007143,0.86548563884155,0.0616765016769642
153,0.00397198806838165,28.9200834585714,17.9264188028571,0,2.99811148314286,2,1,0,1196.84802757143,0.000212568917905377,0.0550022766107237,"41",28.2407602606548,0.91159918601179,17.8866307195833,0.300798512081291,0,0,1.99872227269048,0.865464027383795,0.0645332385523197
154,0.00392151342638178,28.98505195125,17.8027748975,0,2.998074051,2,1,0,1183.75060025,0.000162094275905507,0.0422131921404638,"41",28.3362412985714,0.91857093018163,18.0622360256548,0.68940237890269,0,0,1.99873475007143,0.86548563884155,0.0585253455838991
155,0.00387113196011384,29.0687805657143,17.9608820514286,0,2.99811148314286,2,1,0,1170.65282128571,0.000111712809637567,0.0292824954468269,"41",28.3364622867857,1.12957938063419,19.8704419977381,3.26428287179656,0,0,1.99866930964881,0.86537229270471,0.0523405313912914
156,0.0038209045772015,29.2079865725,18.3035282375,0,2.997915161875,2,1,0,1157.474067875,6.14854267252268e-05,0.0162227302601687,"41",28.43670997,1.17485802000938,19.0136599389286,1.98959113170105,0,0,1.9995301285,0.866863274690997,0.0465560818771423
157,0.00377090868799772,29.3411244285714,18.0034339585714,0,3.00049761842857,2,1,0,1144.26357542857,1.14895375214466e-05,0.00305153942259118,"41",28.2385571722768,1.11201940202425,18.3459867934375,1.31737607433271,0,0,2.16012237417411,1.3221582199967,0.0410516289011185
158,0.00372130998743011,29.42786975375,16.48300219125,0,4.143359704125,2,1,0,1130.96781725,-3.81091630461635e-05,-0.0101887104852016,"41",28.2476461089732,1.08591939746667,17.7957592202679,1.96334508860962,0,0,2.24870430880357,1.4993096118712,0.0355819495369621
159,0.00367239179534303,29.3349533757143,14.86779882,0,4.49766872657143,2,1,0,1117.70646657143,-8.70273551332435e-05,-0.0234212984371016,"41",28.2442756027232,1.05456552148215,17.7582598466964,1.66876211737965,0,0,2.24856021736161,1.49903390636823,0.0298594340945698
160,0.00362503798917103,29.21028632625,15.2701416975,0,4.497111076875,2,1,0,1104.467862875,-0.000134381161305243,-0.0363996952029257,"41",28.5484343652381,1.02963664971102,17.0449199347619,2.91708491668797,0,0,2.49842623604762,1.73096047201799,0.0200519444021981
161,0.00358315943219563,29.1015484357143,13.6831413571429,0,4.497167225,2,1,0,1091.31042757143,-0.000176259718280644,-0.048019528725697,"41",28.5421099904167,1.01137899098509,18.3561346770833,0.635156082650105,0,0,2.498395042625,1.73093886061179,0.0121913511057095
162,0.00356813836778393,28.99432506625,17.69836997125,0,4.497111076875,2,1,0,1078.172218,-0.000191280782692343,-0.0522204686117389,"41",28.5729729,1.0273298785868,19.2735748114286,0.692149455363557,0,0,2.49842623604762,1.73096047201799,0.00584923472889138
163,0.00358343672767646,29.0217256985714,20.0584017171429,0,4.497167225,2,1,0,1065.09358714286,-0.000175982422799813,-0.0479421431811389,"41",28.6559205866667,1.05334761846289,19.3014198525,0.112444701659089,0,0,2.498395042625,1.73093886061179,0.00276014593530031
164,0.00360966057641644,29.21380156625,19.18363396125,0,4.497111076875,2,1,0,1051.925173625,-0.000149758574059833,-0.0406507183374574,"41",28.7279739852381,1.10260242905184,19.8571979652381,0.565020712936871,0,0,2.49842623604762,1.73096047201799,0.00152105630064665
165,0.00362733631387083,29.4103609128571,19.2503894342857,0,4.497167225,2,1,0,1038.69555485714,-0.000132082836605443,-0.0357658821598248,"41",28.7673648341667,1.16346363040044,19.79695654,0.30122944909611,0,0,2.498395042625,1.73093886061179,-0.000888525569056892
166,0.00364517879761132,29.574266785,19.5447474325,0,4.497111076875,2,1,0,1025.356398125,-0.000114240352864953,-0.0308590462782092,"41",28.8375485771428,1.17145502773255,19.4235215104762,0.640603309330482,0,0,2.49842623604762,1.73096047201799,-0.00540347273540891
167,0.00367056978658503,29.7252523085714,19.41889105,0,4.497167225,2,1,0,1011.973786,-8.88493638912433e-05,-0.0239175583522435,"41",28.91158294,1.15077354134668,19.0207583270833,1.57363720718269,0,0,2.498395042625,1.73093886061179,-0.00697427198987155
168,0.0036823921977094,29.88100171,19.765973055,0,4.497111076875,2,1,0,998.4957333125,-7.70269527668732e-05,-0.0207018689428109,"41",28.9748026304762,1.11970871164274,19.2180145409524,1.22528958640157,0,0,2.49842623604762,1.73096047201799,-0.008362616756595
169,0.00366095205772794,30.0030307857143,19.2557534928571,0,4.497167225,2,1,0,984.986533842857,-9.84670927483334e-05,-0.0265412248476933,"41",29.049169905,1.10375531481342,18.5443231804167,1.78735951588073,0,0,2.49904153433333,1.73037925409878,-0.00836203971977389
170,0.00362098502010942,30.1218478125,17.79285753875,0,4.497111076875,2,1,0,971.3884627625,-0.000138434130366853,-0.0375183693686632,"41",29.1479488233333,1.07078261974929,17.4356704114286,0.967052069032865,0,0,2.75716015076191,1.55606579253628,-0.0140371544694624
171,0.00358706712494222,30.2133661342857,17.3268578971429,0,4.497167225,2,1,0,957.775555757143,-0.000172352025534053,-0.0469295511654817,"41",29.22463222625,1.03960420028749,17.4283065,0.555661103611411,0,0,2.99742788916667,1.49898020740303,-0.0159188819490644
172,0.00356690186330541,30.28546566375,17.7927832375,0,4.496996746,2,1,0,944.0981434875,-0.000192517287170863,-0.0525670691679201,"41",29.06187549125,0.850958394528471,16.7163998570089,0.777986967801256,0,0,2.56260766080357,1.33085970905682,-0.0187719949262986
173,0.00356146157702148,30.2148473214286,15.9973094428571,0,4.254226393,2,1,0,930.440445057143,-0.000197957573454793,-0.0540934467812617,"41",29.0352562523214,0.676532149780807,17.201800998125,2.54344961895246,0,0,2.25051194948661,0.867723546890359,-0.0217377514880978
174,0.00355226275300233,29.97139419,15.2147579675,0,3.005880979875,2,1,0,916.833808725,-0.000207156397473944,-0.0566796670116192,"41",28.9680409016964,0.538291484859871,17.3141671199553,2.91047964693976,0,0,2.54822603516071,1.30657553050596,-0.0261647087730486
175,0.00352710129076647,29.7547692871429,14.8195184728571,0,4.19669989042857,2,1,0,903.356382628571,-0.000232317859709803,-0.0637880929435255,"41",29.0038357584524,0.461983195297183,17.9375667229762,3.82553973295439,0,0,2.99788087185714,1.49872855005174,-0.036996066961653
176,0.00351841509383017,29.5371818075,15.02925923625,0,4.496512823,2,1,0,889.9536557375,-0.000241004056646103,-0.0662538316109211,"41",28.9686396164286,0.306055405773123,17.6412318590476,0.996711571419352,0,0,2.99810524454762,1.49906509975974,-0.0436287840295944
177,0.00354464666964062,29.3196195428571,18.4111238228571,0,4.497167225,2,1,0,876.674677814286,-0.000214772480835653,-0.0588259776426945,"41",28.9683780676786,0.205012713944993,17.0667730922619,0.424806672858343,0,0,2.99808028981548,1.49902766766152,-0.0495031875032813
178,0.00357888362238757,29.18854745,17.10203466125,0,4.497111076875,2,1,0,863.45484335,-0.000180535528088703,-0.0492135484108811,"41",29.001817498631,0.169749302157341,17.2577823945238,0.444374038532339,0,0,2.99812169397619,1.49908977391894,-0.0541718241193146
179,0.00360035531337477,29.0958275814286,17.5555377114286,0,4.49721657328571,2,1,0,850.303274485714,-0.000159063837101503,-0.0432319242854717,"41",29.0480187857738,0.209313953598828,17.3002922590476,0.363642316004241,0,0,2.94524790860714,1.42051597385327,-0.057993331178274
180,0.00359833088548662,29.0143728625,17.10773918,0,4.33861393325,2,1,0,837.1727896375,-0.000161088264989653,-0.0437943679951571,"41",29.0754034294643,0.276631039732053,17.9242102123809,0.671427540112073,0,0,2.49632590892857,0.863683219977695,-0.0611138160724785
181,0.00357438801395856,28.9540379314286,17.2608089985714,0,2.99182921814286,2,1,0,824.090503342857,-0.000185031136517713,-0.0504704862496048,"41",29.0523873983929,0.265037357069651,18.9403229371429,2.42802174940784,0,0,2.49870792985714,0.865724336218522,-0.0627900075579004
182,0.00355421431443975,28.89044909625,16.76962670375,0,2.99803087125,2,1,0,811.0134355375,-0.000205204836036523,-0.0561304324434833,"41",28.9969399029167,0.215415010924745,18.9527493456548,2.55236995715783,0,0,2.34711038192857,0.768722422413151,-0.0625990815779646
183,0.00356433890377333,28.8124507914286,17.5655436971429,0,2.99811148314286,2,1,0,797.989755185714,-0.000195080246702943,-0.0532858668229883,"41",28.9144825267262,0.150932124409355,18.5582675305952,1.15020107548106,0,0,1.99808113302381,0.866019815000823,-0.0604967118658503
184,0.00359220567753244,28.741662635,19.43524039875,0,2.998074051,2,1,0,784.9837052375,-0.000167213472943833,-0.0454980542810652,"41",28.8497747655357,0.14413398371143,19.2369379660714,1.73155619988749,0,0,1.99873475007143,0.86548563884155,-0.0568498054998915
185,0.00359829337246133,28.71428378,20.7586707642857,0,2.99811148314286,2,1,0,772.018459057143,-0.000161125778014944,-0.0438047931675447,"41",28.8470517908333,0.191910802180067,20.022234674881,2.13803282294881,0,0,1.99872227269048,0.865464027383795,-0.0538829437978023
186,0.00358195360011832,28.6781963025,21.43490864375,0,2.998074051,2,1,0,759.0504797625,-0.000177465550357953,-0.0483561129636838,"41",29.0320236724405,0.316555138076684,17.6358212439881,3.16567429888857,0,0,1.99873475007143,0.86548563884155,-0.0531008666395002
187,0.0035571368717323,28.7017397,20.8534984571429,0,2.99811148314286,2,1,0,746.1051319,-0.000202282278743973,-0.0553084909309964,"41",29.2821047288095,0.656459390709864,17.1251260333929,3.33512209940874,0,0,1.99872227269048,0.865464027383795,-0.0536358852933124
188,0.00351794750665684,28.731172085,20.2750852725,0,2.998074051,2,1,0,733.1219582125,-0.000241471643819433,-0.066386737541805,"41",29.5151586792411,0.6779675937502,17.3934505529911,2.59338012827294,0,0,1.87381499794643,0.749530990182881,-0.0510691842764602
189,0.00347805751056615,28.7428368142857,19.4302650828571,0,2.99811148314286,2,1,0,720.157882028571,-0.000281361639910124,-0.0777905107368939,"41",29.5473246894196,0.698443672245175,19.2737041256697,1.48989846689743,0,0,1.87380096089286,0.74951539345669,-0.0544031561603116
190,0.00345421173236987,28.73631082625,18.8989037525,0,2.998074051,2,1,0,707.163071425,-0.000305207418106403,-0.0846701833878232,"41",29.3490727209524,0.704613939565724,19.4345919204762,1.78550001515458,0,0,1.99874098876191,0.865480235926519,-0.059538095023031
191,0.00343659738842372,28.7108472542857,18.8347651942857,0,2.99811148314286,2,1,0,694.202634157143,-0.000322821762052553,-0.0897826111133648,"41",29.3198997075,0.647969619208732,18.6713563775,1.41290036774395,0,0,1.998074894375,0.864358943792395,-0.0643497827002036
192,0.00342143780332939,28.70357867875,19.090621605,0,2.996150632125,2,1,0,681.2255907375,-0.000337981347146884,-0.0942035885273267,"41",29.2910421771428,0.600006036483326,17.7847846328572,1.08297212649775,0,0,2.34711662066667,1.46888453050448,-0.0668540490845414
193,0.00341752470435535,28.6775239028571,19.0213879614286,0,4.04323837885714,2,1,0,668.277359385714,-0.000341894446120923,-0.0953479431811912,"41",29.27466403875,0.542695492410403,17.9145838770833,1.01478869454381,0,0,2.49871608445833,1.73149492137848,-0.0660225482877107
194,0.0034260364460186,28.68548470125,19.04186864125,0,4.498074202375,2,1,0,655.3172699125,-0.000333382704457673,-0.0928604237109871,"41",29.2663539738095,0.48475937422807,18.1055495233333,0.890055268556468,0,0,2.49842623604762,1.73096047201799,-0.0624515553672421
195,0.00343734104548204,28.7166918228571,18.9704208328571,0,4.497167225,2,1,0,642.361761671429,-0.000322078104994233,-0.0895662411104219,"41",29.26486139625,0.434311402667868,18.2753718279167,0.985573851804223,0,0,2.498395042625,1.73093886061179,-0.0580261104084197
196,0.0034505979875365,28.76337119625,19.3720761275,0,4.497111076875,2,1,0,629.3734875,-0.000308821162939773,-0.0857169160872715,"41",29.2570385695238,0.402507763192229,18.2213772890476,0.67140220124321,0,0,2.49842623604762,1.73096047201799,-0.0532935988461382
197,0.00346219641877708,28.8033124371429,18.9948590957143,0,4.497167225,2,1,0,616.382731171429,-0.000297222731699193,-0.082361271146361,"41",29.2266958170833,0.369529900794523,18.0440089370833,0.662280786216483,0,0,2.498395042625,1.73093886061179,-0.0490248695685249
198,0.00346021340659847,28.8391071325,18.791220265,0,4.497111076875,2,1,0,603.35577035,-0.000299205743877803,-0.0829341965366757,"41",29.193983607619,0.355434879438747,17.8699165633334,1.01801015630529,0,0,2.49842623604762,1.73096047201799,-0.045937688323886
199,0.00345495947895181,28.8683676242857,18.8963462971429,0,4.497167225,2,1,0,590.333785742857,-0.000304459671524463,-0.0844537329510509,"41",29.1656012129167,0.364921752604119,17.7365956625,0.86919809691564,0,0,2.49835693233333,1.73087285165033,-0.0427885092921114
200,0.00346690889056719,28.89754581125,18.5182809675,0,4.496996746,2,1,0,577.27822945,-0.000292510259909083,-0.081001074650489,"41",29.1344068833333,0.393478270954045,17.4908447995238,0.611904208532784,0,0,2.41744595871429,1.59069851726564,-0.0358806233765779
201,0.00348235902246294,28.9371606171429,17.67676089,0,4.254226393,2,1,0,564.222773842857,-0.000277060128013333,-0.0765545179481313,"41",29.10463176625,0.434959531093237,17.4823911683333,0.595494039108671,0,0,1.99871788745833,0.865472640481644,-0.0304450420298656
202,0.00349137139640669,28.97343776625,17.4631076225,0,2.998079611375,2,1,0,551.1313307125,-0.000268047754069583,-0.0739698528804498,"41",29.0624497771429,0.480529924882546,17.8297444885714,0.645368625554453,0,0,2.29354519209524,1.37609609438472,-0.0249877739969818
203,0.00349562135706434,28.9925315614286,17.7088662242857,0,3.88252409314286,2,1,0,538.046744242857,-0.000263797793411933,-0.0727533177529356,"41",28.9821272533333,0.579462485094873,18.4482516579167,2.14631481513106,0,0,2.49871608445833,1.73149492137848,-0.0214662985510177
204,0.00350298667083436,28.970711835,17.04586167875,0,4.498074202375,2,1,0,524.9530623625,-0.000256432479641913,-0.0706485231282592,"41",28.8829374438095,0.719724179778376,18.8414707828572,3.35151121133255,0,0,2.49842623604762,1.73096047201799,-0.0191019103749122
205,0.0035216059218124,28.9107519242857,16.4576019057143,0,4.497167225,2,1,0,511.886601971429,-0.000237813228663873,-0.0653473490583876,"41",28.8273515908333,0.751338254112443,18.53910683,2.195985902534,0,0,2.498395042625,1.73093886061179,-0.0162704508651602
206,0.00355333098626424,28.83232674,17.10555795375,0,4.497111076875,2,1,0,498.8367433375,-0.000206088164212033,-0.0563789931259207,"41",28.7948888642857,0.71330690004847,18.2983145742857,2.5443643556393,0,0,2.49842623604762,1.73096047201799,-0.0120080763346679
207,0.00359670024746657,28.75635527,21.1491364257143,0,4.497167225,2,1,0,485.844163242857,-0.000162718903009704,-0.0442476358052639,"41",28.80226609625,0.677824748756379,17.9461427583333,1.35537733963433,0,0,2.498395042625,1.73093886061179,-0.00494995933896591
208,0.00364263147425674,28.83625279,19.15095398625,0,4.497111076875,2,1,0,472.834502175,-0.000116787676219533,-0.0315581104122593,"41",28.803923292381,0.642260152023323,17.8053163595238,1.33483803941898,0,0,2.49842623604762,1.73096047201799,0.00409296053951236
209,0.00368435853200594,28.9259336771429,18.76136297,0,4.497167225,2,1,0,459.794244742857,-7.50606184703332e-05,-0.0201680286210744,"41",28.8101752054167,0.624876151091352,18.4369287304167,1.97620964105457,0,0,2.498395042625,1.73093886061179,0.0126953024149885
210,0.00370074286056032,29.01375034125,19.82016504625,0,4.497111076875,2,1,0,446.7022426625,-5.86762899159534e-05,-0.015730891167923,"41",28.6180462967857,0.59692420850137,17.5311287115625,1.88109880606204,0,0,2.24857893341072,1.49905886108549,0.0187151456794407
211,0.00370377024582374,29.0378111014286,17.31539578,0,4.497167225,2,1,0,433.594669228571,-5.56489046525332e-05,-0.0149131776175944,"41",28.5790547826786,0.556833150373829,17.4443309160268,1.9831569126124,0,0,2.24810417858036,1.49812182880574,0.0216904825344922
212,0.00372986817227328,29.02001689625,16.704713635,0,4.49528692175,2,1,0,420.469129725,-2.95509782029931e-05,-0.00789157352420844,"41",28.5490746640625,0.527755913081844,17.6739074847768,1.58632216281126,0,0,2.06786543398214,1.13763186223659,0.0221879631902013
213,0.00377078645001739,29.0115339042857,18.0997381871429,0,3.77431322728571,2,1,0,407.368970571429,1.13672995411167e-05,0.00301912284386141,"41",28.5176109035714,0.485820810608571,17.4671833707589,1.05530461740464,0,0,1.87428582967411,0.750485131019123,0.0213439489578097
214,0.0038067526793977,28.95317309,18.200551485,0,3.000013526125,2,1,0,394.26360165,4.73335289214267e-05,0.0125120460500678,"41",28.4721706285714,0.425545677424244,17.6803689564732,1.28850545329539,0,0,1.87381499794643,0.749530990182881,0.0196948384026379
215,0.00380431239183488,28.84105887,17.9672886614286,0,2.99811148314286,2,1,0,381.214750242857,4.48932413586066e-05,0.0118707987188529,"41",28.4315060345536,0.371189024698508,17.6904828357143,0.945906056510831,0,0,1.87380096089286,0.74951539345669,0.0160175727551135
216,0.00376620017084135,28.74435229875,17.83730438375,0,2.998074051,2,1,0,368.1993915375,6.78102036507679e-06,0.00180211667120656,"41",28.4848232395833,0.32336883935398,18.52914741,1.90943713216898,0,0,1.99873475007143,0.86548563884155,0.00812780883875074
217,0.00372318624606035,28.67092502,20.6172436185714,0,2.99811148314286,2,1,0,355.2393803,-3.62329044159234e-05,-0.00968464451197448,"41",28.500479632381,0.273923739905556,19.1980991585714,2.76084637205677,0,0,1.99872227269048,0.865464027383795,0.00419163278005917
218,0.00368467710883427,28.6870353575,22.3744058125,0,2.998074051,2,1,0,342.2890465,-7.47420416420033e-05,-0.0200815649817567,"41",28.532997064881,0.31523651779804,18.5182428357738,0.906371545617393,0,0,1.99873475007143,0.86548563884155,0.00329117189059808
219,0.00366984245293453,28.8414313214286,19.5641595185714,0,2.99811148314286,2,1,0,329.302715628571,-8.95766975417432e-05,-0.0241157307734454,"41",28.5346703089286,0.386526369724248,18.6299610333929,0.514674110223569,0,0,1.99872227269048,0.865464027383795,0.00642466696531338
220,0.00368271091298105,28.94838605125,18.6122224675,0,2.998074051,2,1,0,316.2396154375,-7.67082374952231e-05,-0.0206153215426177,"41",28.5146316851191,0.465079490315404,18.8048357109524,0.785074433799503,0,0,1.99873475007143,0.86548563884155,0.0126670417505068
221,0.00370585994679783,29.0360328071429,17.9901293385714,0,2.99811148314286,2,1,0,303.146122628571,-5.35592036784434e-05,-0.0143491276127321,"41",28.4906706335714,0.537891691791144,20.1378959817857,1.19347712387491,0,0,1.99872227269048,0.865464027383795,0.0201043924211641
222,0.00370670848624661,29.1050143675,18.759853715,0,2.998074051,2,1,0,290.0060245625,-5.27106642296631e-05,-0.0141201814823164,"41",28.4257453227976,0.626206267922166,19.8657274392262,0.612067068038853,0,0,1.99805013864286,0.866079127446738,0.0260528495433214
223,0.00367552149378601,29.1488132628571,19.2116412757143,0,2.99811148314286,2,1,0,276.848153185714,-8.38976566902632e-05,-0.0225694379363297,"41",28.3497190781548,0.700211494342327,19.1156650264286,3.09159824585174,0,0,2.21076177548214,0.752363742366676,0.0286103355916818
224,0.00363142292382856,29.1442375175,18.13334246875,0,2.998074051,2,1,0,263.672910875,-0.000127996226647713,-0.0346399017703201,"41",28.3224874149405,0.667608381452488,16.776493061131,0.831315251648618,0,0,2.49768114969048,0.864851890990893,0.0284909784865774
225,0.0035859483031893,29.0791586271429,17.6553672771429,0,2.99811148314286,2,1,0,250.520760457143,-0.000173470847286973,-0.0472415041347753,"41",28.2985420800595,0.598171048419631,16.9809622899405,0.873890822260462,0,0,2.49840128119048,0.865458624468763,0.0284731719134754
226,0.0035435210274466,28.97668519375,17.8960418575,0,2.998074051,2,1,0,237.4036117875,-0.000215898123029673,-0.0591435892511738,"41",28.2546264160119,0.545965007380593,17.2709051875595,0.234565464780503,0,0,2.49852180754762,0.865579225421097,0.0299170478130867
227,0.00351955234813611,28.8780127071429,17.4329200557143,0,2.99811148314286,2,1,0,224.335460242857,-0.000239866802340164,-0.0659306547014236,"41",28.1938872444048,0.503867764928401,18.2760421032143,1.28470442652306,0,0,2.50321876681548,0.869660712190615,0.0324001873064303
228,0.00351931152520902,28.76921803875,16.97502446,0,2.998074051,2,1,0,211.31185845,-0.000240107625267253,-0.0659990813465967,"41",28.1320353444048,0.464278884663771,18.4098131944643,1.9332579865782,0,0,2.02018802507143,0.847518062652596,0.025674519916575
229,0.00353083693887987,28.6658419771429,16.2968615785714,0,2.99811148314286,2,1,0,198.342046,-0.000228582211596403,-0.0627295264798269,"41",28.0896500559524,0.418274354411437,16.7814514794643,1.21688636563981,0,0,1.99696360822024,0.866989014920898,0.0296208068032896
230,0.00354075673075707,28.57007720125,16.30876904,0,2.998074051,2,1,0,185.41256165,-0.000218662419719204,-0.0599239925177129,"41",28.0496266110119,0.418013817781678,16.8167844696429,2.07248396594888,0,0,2.35649594002976,0.772481223380695,0.0346494824478606
231,0.00354148544486817,28.5022919271429,16.1989049614286,0,2.99811148314286,2,1,0,172.528614257143,-0.000217933705608103,-0.0597182062497419,"41",28.0054217113095,0.461632755004889,17.9995923751786,3.33574892419586,0,0,2.01994764145238,0.84768078448769,0.0422266505176893
232,0.00354353437764242,28.45140657125,16.5955593425,0,2.998074051,2,1,0,159.6649640125,-0.000215884772833853,-0.0591398217639227,"41",27.9468062639881,0.554335199273216,18.1337451789286,2.7352790934325,0,0,1.99846982102976,0.865715169626268,0.0494277289663824
233,0.00353738518303042,28.40423371,17.2436464957143,0,2.99811148314286,2,1,0,146.8273115,-0.000222033967445853,-0.0608766571936803,"41",27.9766652426786,0.512117026285687,18.0430175439881,1.8224044373024,0,0,1.99862046245238,0.865552209457557,0.0559315645589718
234,0.00351713345198654,28.33751622875,18.132851315,0,2.998074051,2,1,0,134.0042615625,-0.000242285698489733,-0.0666181647721604,"41",28.0452802964881,0.350724651503692,16.0626122747619,2.05370467394355,0,0,1.9952023412381,0.868561013830509,0.0615166763787997
235,0.00349983777754362,28.2178261757143,18.1824195542857,0,2.99811148314286,1.71428571428571,0.857142857142857,0,121.231197371429,-0.000259581372932653,-0.071547844091179,"41",28.0668652342857,0.265378016188121,16.1607759259524,0.58168706928085,0,0,2.4858971267381,0.854851501626529,0.0662345303614643
236,0.00349636636723534,28.08142117625,16.74573056625,0,2.998074051,0,0,0,108.51074655,-0.000263052783240933,-0.0725402137882583,"41",27.9599429899405,0.405147326289267,17.6542357130952,3.66021935526915,0,0,1.99805330514286,0.866075816531437,0.0709683130443526
237,0.00351641038055283,27.9072478371429,14.3406710657143,0,2.99811148314286,0,0,0,95.8619852928571,-0.000243008769923443,-0.0668237713434454,"41",27.6308464251786,0.861816768560086,20.5664789766667,7.40675559295794,0,0,2.42986795467262,0.665504305885306,0.0772356114977301
238,0.00355133394484892,27.69721458,16.13015065625,0,2.998074051,0,0,0,83.29925175625,-0.000208085205627353,-0.0569411706335341,"41",27.153639420119,1.42537942505442,21.9850345908929,7.3073017590758,0,0,3.1716878449881,1.17813393415555,0.085493489791717
239,0.00358801348927193,27.4974331842857,15.6541000571429,0,2.99811148314286,0,0,0,70.8365831771429,-0.000171405661204343,-0.0466657592000104,"41",26.4495330259821,1.48024592352067,20.4016640798661,4.64287592775656,0,0,2.15519597835268,2.33481037100716,0.0951846741021756
240,0.00362976148554538,27.30253161625,15.26826318125,0,3.001147102625,0,0,0,58.45225059,-0.000129657664930893,-0.0350975236052014,"41",25.7863327038393,1.5511778941888,23.469512167875,7.87222564475996,7.13360357142857e-05,0.000142672071428571,1.91566434951339,3.44835571093963,0.112205393331642
241,0.00367777809255958,26.9855849185714,11.7948683647143,0.000285344142857143,6.89606034814286,0,0,0,46.1776151928571,-8.16410579166935e-05,-0.0219556729845456,"41",24.5440022446429,1.56035802249746,24.8650496228884,10.9376669143317,1.64062729184375,3.2812545836875,4.36854445429018,10.9668822640623,0.121581356489567
242,0.00372738668944497,26.214584395,8.969186225125,6.562509167375,20.49466008625,0,0,0,34.143141265,-3.20324610313034e-05,-0.00855709532797189,"41",23.0179366490476,2.17613868908763,24.2903260355714,14.4973481100106,4.71350610914287,8.16403206282174,9.70017697342857,20.3059621039289,0.141983655065023
243,0.0037774620978739,25.1152017614286,7.55804556671429,14.1405183274286,28.4620435328571,0,0,0,22.5623875014286,1.80429473976267e-05,0.00478791712183124,"41",20.0336495263929,2.46881924492685,25.0782894180714,10.1307147941911,5.268139778,11.7799186585787,9.04285062721429,15.9107621308466,0.144918619949057
244,0.00382779135915482,23.0968065725,6.97765667375,26.34069889,15.220855597,0,0,0,11.730203385375,6.83722086785468e-05,0.0180235035401042,"41",17.9275446541071,2.42520421331402,25.0691242705929,10.4698095696676,5.57412763171428,12.464128299773,3.66302119867858,30.8667706310977,0.147883295147665
245,0.00387826555202615,20.1138945385714,6.71666881385714,27.8706381585714,4.80013095257143,0,0,0,2.10975159042857,0.000118846401549877,0.0311235659899225,"41",15.2234687545833,2.94068007095532,24.7406274287679,9.17584921609186,4.18459569,10.2501242203497,8.91775816492262,31.7605254784158,0.151819351138152
246,0.00392883367002973,17.86364577,6.579442696,25.10757414,-0.9594784955,0,0,0,-6.30205520725,0.000169414519553457,0.0440781404015338,"41",12.4948461082009,3.13820898346606,22.4969137906094,10.6099407336286,6.57280868087054,12.2906568001563,-1.89993291593974,32.9307040678803,0.147156066377044
247,0.00397945460857877,16.0215444042857,6.28964794,23.0835738057143,-21.57042202,0,0,0,-13.8420246,0.000220035458102497,0.0568803112032379,"41",5.74571284367968,5.14464899578431,17.0022090935279,10.6856343782579,13.1192410283638,21.3156942613921,-49.6228795038493,102.03204864406,0.15662381585069
248,0.0040301015810482,13.87763032375,6.118972592375,29.49889564125,-60.5108588625,0,0,0,-20.5910040025,0.000270682430571927,0.0695271158577366,"41",4.49639941433823,3.71084930408796,14.3428770846302,9.88613911480783,12.8349662395336,20.4850161716901,-201.589094292349,246.775533765551,0.166374139439744
249,0.00408074977278958,10.8606431668571,6.10347364742857,30.1682959528571,-199.882046028571,0,0,0,-26.1912027228571,0.000321330622313307,0.0820162730668255,"41",6.01868390203869,1.02193361961575,13.1183163194643,7.7951361088034,6.29757754325,10.7490106474198,-508.737817528274,103.376320938021,0.190780318923142
250,0.00413137597299162,7.825459431875,6.019179123125,26.02734895375,-396.8578474,0,0,0,-30.12131009375,0.000371956822515347,0.0943460502520788,"41",5.54616302501786,0.593649633809841,12.3668004048438,7.04861208194942,2.9395290764375,5.87868547228173,-572.983734935268,33.4213290935341,0.19049233017313
253,0.00428287169640557,5.24724424485714,14.1718074897143,0,-596.648066428571,0,0,0,-32.3052232242857,0.000523452545929297,0.130359274243658,"41",6.00208935748215,0.42009717645994,6.87780323420536,1.17850379050431,5.879058152875,8.31345318632172,-558.27315168125,48.2183726537547,0.185331476643076
254,0.00433312376557461,4.93322914025,21.53978766125,0,-578.74056995,0,0,0,-30.6982407625,0.000573704615098337,0.142024238099634,"41",5.75047431994048,0.527419377901583,9.30913798604167,4.29285471668648,3.91937210191667,6.78806748607756,-571.064789930357,40.6618218723194,0.187721572399572
255,0.00438316678769024,6.10199188028571,23.2235171742857,0,-363.634118028571,0,0,0,-28.4647120871429,0.000623747637213967,0.153507006032747,"41",6.00202230638929,1.1416450139401,11.0972761485,6.73206197227701,7.5570930519,11.512110688269,-537.758557428214,83.9154609163347,0.196101338055439
256,0.00443288842653509,7.98730890425,28.8160906525,0,-6.41099450375,0,0,0,-25.35343725375,0.000673469276058816,0.164786918353577,"41",3.94912596146726,3.73603796537163,9.45900959398512,6.52867457643993,18.182648800744,22.4568023248949,-271.259982087226,263.434037415125,0.175063698776413
257,0.00448213339120695,10.6539669415714,33.9567369342857,0,49.8762063428571,0,0,0,-21.2143668614286,0.000722714240730676,0.175834667971365,"41",4.11155144388616,3.46449684373925,13.1170108440268,8.77505737385911,13.6371516295045,20.8792429941036,-217.305675582049,245.924602643688,0.167004841341852
258,0.00453052176796286,14.14378738875,30.1721664225,0,20.64275729125,0,0,0,-15.53284049,0.000771102617486587,0.186572644688548,"41",5.0754267753619,4.7064713648076,14.8675043682809,10.4528450226082,15.7290136938381,21.6062307598792,-80.9222740786654,134.800162467919,0.157595592112755
259,0.00457723356223409,16.6561675914286,28.3706517228571,0,-2.98984160314286,0,0,0,-8.533325026,0.000817814411757817,0.196830320951359,"41",11.1348060112545,3.42197044006345,22.0591779940022,10.4032129521865,6.57280868087054,12.2906568001563,-7.57446480322545,36.8262172105503,0.164614466725183
260,0.00461825134203372,18.5096808,26.74520807875,0,-41.72452799,0,0,0,-0.559868135875,0.000858832191557447,0.20575166689146,"41",14.0112389794082,3.06170273031524,21.4831098145306,10.4091859425038,6.88444970653061,11.7719449292744,7.43335130952551,19.5687210290359,0.16322536897091
261,0.00462830103531667,19.9913283014286,29.5132593814286,0,-0.419189374571429,0,0,0,8.09977733671429,0.000868881884840397,0.207925384535087,"41",16.7348353066786,3.03635562999883,19.8248647472214,12.2809690660577,10.5956424597143,14.541531512285,9.21353427195001,34.9233142575606,0.1579041058589
262,0.00459511344590946,21.5108754375,28.89575735625,0,30.6735449575,0,0,0,17.42616333625,0.000835694295433187,0.200728975443332,"41",19.6643430486161,2.68654228615687,24.1239224335268,11.435459503101,6.5851747225,13.170349445,3.63517704464287,11.9408365818691,0.146146769655296
263,0.00455799685357683,23.1679236657143,33.0994052685714,0,12.498175066,0,0,0,27.5074034128571,0.000798577703100556,0.192618771642981,"41",21.5856614962947,2.58816915559657,24.7375034054732,11.5334990624971,3.53512958185715,7.0702591637143,8.99840946844643,23.7698018454379,0.16551344547445
264,0.0045491992748286,25.316875555,33.319258715,0,1.500504659125,0,0,0,38.4375604525,0.000789780124352327,0.190686765091785,"41",23.1983220301786,2.25859863699916,26.1865877562813,11.530368653585,1.64062729184375,3.2812545836875,4.33688380304465,14.7872048246059,0.162521606902774
265,0.00454460173576203,27.1811479157143,29.0192566428571,0,1.502040844,0,0,0,50.3089895685714,0.000785182585285757,0.189675628087179,"41",25.4356379873809,1.49410994817726,23.9405494570476,11.0257401038235,9.51147142857143e-05,0.000164743517690255,2.55373011351786,3.92322099681278,0.156527159800703
266,0.00450742526432563,28.07893159375,21.11368861,0,5.061082174875,0,0,0,62.8304585125,0.000748006113849356,0.181461627037793,"41",26.4859413414881,1.31066043853727,23.5479740655357,7.29300400807576,0,0,1.50103960641667,1.50060836551759,0.147586067633625
267,0.0044607629071905,28.3756797285714,20.3197555442857,0,4.42698062657143,0,0,0,75.5837052471429,0.000701343756714227,0.171055338433343,"41",27.0062963931548,1.38512534870776,18.5453636076191,2.7440834118165,0,0,2.87260580710119,2.25385152418295,0.13745759178352
268,0.0044122021796786,28.45756036125,16.45224456375,0,1.697710941875,0,0,0,88.42106355125,0.000652783029202326,0.160109457143675,"41",27.2202332186905,1.45385498088223,22.1437181239286,7.10340448035045,0,0,3.17167536760714,1.17813669181936,0.127531806566203
269,0.00436295152343493,28.3888595314286,17.0389214885714,0,1.49824880928571,0,0,0,101.261890197143,0.000603532372958657,0.148884315354964,"41",27.7008575108929,0.878278041777058,19.9699857798214,7.99163060969179,0,0,2.42988043205357,0.66552028578452,0.118762326554444
270,0.00431333993092361,28.32466571375,16.15418476875,0,1.4990370255,1.5,0.5,0,114.069805675,0.000553920780447337,0.137448062355912,"41",28.0180007696429,0.406298391128651,18.4559222132738,2.71219271560297,0,0,1.9980408277619,0.866054205074407,0.11117215288475
271,0.00426355022129536,28.27630646,15.9233148,0,1.49905574157143,3,1,0,126.856222942857,0.000504131070819087,0.125837731131927,"41",28.1123335674405,0.280380282279985,16.6396722552976,1.36630260907515,0,0,2.48590960411905,0.85486271539937,0.104047764627939
272,0.00421368644861823,28.201953655,16.17735758125,0,1.4990370255,3,1,0,139.6112776125,0.000454267298141956,0.114073438466614,"41",28.0851769808333,0.385272686383672,16.0460895283333,2.02816339991511,0,0,1.99518986385714,0.868539402776328,0.0964122470177275
273,0.00416384466957583,28.1058522757143,15.9543812585714,0,1.49905574157143,3,1,0,152.333530371429,0.000404425519099557,0.102174380085486,"41",27.9989044030952,0.536491060761569,17.7466159375595,1.87212153661598,0,0,1.99863293983333,0.865573820915017,0.0878888319605594
274,0.00411413963319017,28.03526901125,15.59536689875,0,1.4990370255,3,1,0,165.0140432625,0.000354720482713896,0.0901652651289373,"41",27.9625305510714,0.574114478313145,17.9177161278571,2.86332305082286,0,0,1.99845734364881,0.865693558170897,0.0790473946027143
275,0.00406473563792745,27.9684012771429,15.12351083,0,1.49905574157143,3,1,0,177.663725057143,0.000305316487451177,0.0780842409547633,"41",28.0223834966072,0.486479193075889,17.8673742481548,3.42586947185613,0,0,2.01996011883333,0.847702380688068,0.0699073131324517
276,0.00401603154118168,27.89239872375,15.87182546125,0,1.498242238375,3,1,0,190.277099375,0.000256612390705407,0.0660297703268018,"41",28.072221702381,0.454918903598272,16.8534058291667,2.0570197855629,0,0,2.35648346264881,0.772465678136006,0.0607181714716345
277,0.00396917790040471,27.8222048585714,18.8425398185714,0,1.56341556657143,3,1,0,202.863327285714,0.000209758749928437,0.0542945296540385,"41",28.1215716479167,0.473305818220317,16.7774823256548,1.21921619794926,0,0,1.99697608560119,0.86701062633031,0.0532274508761417
278,0.00393368941550661,27.83119796875,18.3093149225,0,3.012526507875,3,1,0,215.425358925,0.000174270265030336,0.0453133026815999,"41",28.1664940316071,0.523736492396686,18.6358674882738,1.56775722539061,0,0,2.02017554769048,0.847496466788432,0.0481926425119491
279,0.00393008649684755,27.8615702671429,17.0019234357143,0,2.998416914,3,1,0,228.0071891,0.000170667346371277,0.0443969696477788,"41",28.2301521338691,0.566057483074405,18.4286739684524,1.06048322646409,0,0,2.50323124419643,0.869671362233249,0.044691542557412
280,0.00392332046278053,27.845892175,16.15510578375,0,2.998074051,3,1,0,240.58371885,0.000163901312304257,0.0426738867606868,"41",28.287517244881,0.602357273233948,17.4252791214881,0.448940429626632,0,0,2.49850933016667,0.86556842319688,0.0410496274461193
281,0.00389156535865604,27.8165294814286,16.00273555,0,2.99589494042857,3,1,0,253.154644985714,0.000132146208179766,0.0345470173957327,"41",28.3326998911905,0.656353962845376,16.9007374298214,0.750171222361053,0,0,2.49841375857143,0.865469430400012,0.0379375064195068
282,0.00386270706716907,27.82264663125,22.57907486625,0,2.135155533875,3,1,0,265.7137363125,0.000103287916692797,0.0271037854866716,"41",28.3441803783929,0.704525391899356,16.935818125,1.08964147651926,0,0,2.49766867230952,0.864841061489246,0.0363823385186895
283,0.0038733565501356,28.0679336542857,20.4246208257143,0,1.49700190728571,3,1,0,278.327848885714,0.000113937399659327,0.0298569917541167,"41",28.5494926243303,0.697496932045116,19.13965908875,2.52473549821411,0,0,2.40759920239732,0.729621379728565,0.0350078072826833
284,0.00390788758369002,28.2626429675,20.8152005275,0,1.4990370255,3,1,0,291.0540110375,0.000148468433213746,0.0387325028558534,"41",28.5955625839732,0.613819573460095,19.5892590081696,0.745311950797741,0,0,2.24805611673214,0.86606812260206,0.0310744784215261
285,0.00393404850221152,28.3653069957143,18.8679041142857,0,1.49905574157143,3,1,0,303.846249914286,0.000174629351735246,0.0454045834791525,"41",28.6270111769643,0.516952566962651,19.6009543209821,1.45010935860064,0,0,2.24856957530357,0.865474833230721,0.0244110824254011
286,0.00392356319128803,28.47283691125,18.12438552125,0,1.4990370255,3,1,0,316.679546275,0.000164144040811757,0.0427357529771601,"41",28.6230702766518,0.437304242767477,18.7566824000893,0.648204862003814,0,0,2.24856957530357,0.865474833230721,0.0168273371621473
287,0.00388670252351763,28.5461875057143,17.96283302,0,1.49905574157143,3,1,0,329.559604542857,0.000127283373041357,0.0332966527334229,"41",28.6113605620536,0.35089504987339,18.8635106546875,0.628310959836302,0,0,2.24856957530357,0.865474833230721,0.0102422166826582
288,0.00384461767931369,28.6284074125,17.8456993475,0,1.4990370255,3,1,0,342.4694382,8.51985288374169e-05,0.0224097000038954,"41",28.5715066380357,0.268665821546401,19.4822835799554,2.0652290780698,0,0,2.24856957530357,0.865474833230721,0.00621276399964243
289,0.00381057212067828,28.672115,18.0981578914286,0,1.49905574157143,3,1,0,355.4108677,5.11529702020065e-05,0.0135148762038639,"41",28.5430909792857,0.239344349691781,19.5528852735714,2.3632621260283,0,0,2.24856957530357,0.865474833230721,0.00592616744156338
290,0.00381573769823538,28.76142659375,18.9452954475,0,1.4990370255,3,1,0,368.377491425,5.63185477591068e-05,0.0148695492591822,"41",28.4627780806429,0.320460158162592,18.1288856013214,1.47344840162466,0,0,2.09866680855714,0.821059810615511,0.0114659416627508
291,0.00385222202866517,28.84034574,19.3846837714286,0,1.49905574157143,3,1,0,381.387816114286,9.28028781888965e-05,0.02438566726231,"41",28.5134166016429,0.369976585809039,17.7458440008571,0.828479326137823,0,0,2.09866306534286,0.821063227687014,0.0166099690460079
292,0.00389637960968318,28.92321779375,18.5441708975,0,1.4990370255,3,1,0,394.429649925,0.000136960459206907,0.0357833516369999,"41",28.5683711208571,0.426719481932702,17.7844054621786,1.13986959779436,0,0,2.09905470358214,0.821591232857139,0.0207209515958621
293,0.00394080427328418,29.00068327,19.7369778728571,0,1.49905574157143,3,1,0,407.513470314286,0.000181385122807907,0.0471203673169081,"41",28.6163955037143,0.475192993574395,17.5936943340357,0.956700577914942,0,0,2.25429130919643,1.06978585298439,0.0239617812598023
294,0.00397717453467198,29.10082958875,20.40737035,0,1.4990370255,3,1,0,420.6269825875,0.000217755384195707,0.0563071856067481,"41",28.6432631105,0.503241537490882,17.4800687148214,1.44054880058215,0,0,2.55334973153571,1.46599103214765,0.0264850398636884
295,0.00399040271933427,29.2237834428571,20.2550537557143,0,1.49905574157143,3,1,0,433.798203842857,0.000230983568857996,0.0596276922206807,"41",28.6708060464286,0.524059958416064,17.4185438888214,1.71843194770471,0,0,2.69791678786429,1.64162531590259,0.0269195768419332
296,0.00399403803122673,29.307877485,19.31706039875,0,1.4990370255,3,1,0,447.0103941875,0.000234618880750456,0.0605382912635353,"41",28.8456731695982,0.501085043068984,18.4060490665625,1.94316592730001,0,0,2.99809744625446,1.73094426360223,0.0236360080862069
297,0.00400166413135085,29.3764267442857,18.3743239757143,0,1.49905574157143,3,1,0,460.267132185714,0.000242244980874576,0.0624458416176523,"41",28.8391148233482,0.513481718674183,18.5180372903125,1.62170201461865,0,0,2.99808808821875,1.73095506933111,0.0173900639915689
298,0.00400492626132299,29.46245815125,18.20882104875,0,1.4990370255,3,1,0,473.5556020125,0.000245507110846717,0.0632607028535022,"41",28.8120056667857,0.524652298532487,18.1417257662054,1.28083835173241,0,0,2.99809744625446,1.73094426360223,0.00918597067547974
299,0.00399533683358017,29.5266815242857,17.4880467642857,0,1.49905574157143,3,1,0,486.882286928571,0.000235917683103896,0.0608634236685974,"41",28.7907883896875,0.553917452643296,18.7468911751786,1.94666139758566,0,0,2.99808808821875,1.73095506933111,0.0006639944419338
300,0.003961100333044,29.57618991625,17.44451236625,0,1.4990370255,3,1,0,500.23216025,0.000201681182567727,0.0522573829833473,"41",28.8042483332143,0.582713383868094,18.0001254191518,2.1613715718936,0,0,2.99809744625446,1.73094426360223,-0.00566937393591755
301,0.00391569615950923,29.5883511757143,17.3932339614286,0,1.49905574157143,3,1,0,513.600995657143,0.000156277009032957,0.040728666882158,"41",28.8482016741964,0.614880762397731,18.0187305989286,2.07317833536058,0,0,2.99808808821875,1.73095506933111,-0.00925946540898488
302,0.00386829391026198,29.56721311,17.3798014725,0,1.4990370255,3,1,0,526.9541149625,0.000108874759785707,0.0285490948165306,"41",28.9029240807143,0.721712578307916,19.0375573738691,3.15367136661334,0,0,2.49872856183929,1.7314841156496,-0.0117381085530054
303,0.00382077474647278,29.5741085714286,17.2533618271429,0,1.49905574157143,3,1,0,540.316284785714,6.13555959965068e-05,0.0161887506282481,"41",28.9894004954762,0.579384492786121,18.6692531730952,1.95535197956367,0,0,2.29353271471429,1.3761069001136,-0.0141395815221723
304,0.00377573668139854,29.59008695,16.89677311625,0,1.4990370255,3,1,0,553.6720663875,1.63175309222667e-05,0.00433104672556439,"41",29.05608517875,0.482043086389416,17.7478249546429,0.682890888930588,0,0,1.99873036483929,0.865461834752766,-0.0179903341564864
305,0.00374090414767662,29.5874952228571,16.8075451871429,0,1.49905574157143,3,1,0,567.039429285714,-1.85150027996535e-05,-0.00493713115526351,"41",29.0925393832143,0.440894335608036,17.5536089241667,0.604738839727937,0,0,2.41743348133333,1.59070932299452,-0.023857974041542
306,0.00370918945529183,29.58119171625,16.80056369,0,1.4990370255,3,1,0,580.393824775,-5.02296951844432e-05,-0.0134510867643396,"41",29.1212019480357,0.403933327679039,17.7713514920238,0.875745908867408,0,0,2.49836940971429,1.73086204592145,-0.0294348446231621
307,0.0036821349342653,29.57315848,16.8605402514286,0,1.49905574157143,3,1,0,593.758623214286,-7.72842162109731e-05,-0.0207717345112606,"41",29.1558751505952,0.375863066841003,17.8626174390476,1.04817837636839,0,0,2.49841375866667,1.73097127774687,-0.0329703107677485
308,0.00367892251795699,29.5750333775,17.5294342575,0,1.4990370255,3,1,0,607.108476125,-8.04966325192833e-05,-0.0216445483551455,"41",29.1842301103571,0.368981069234951,17.8348745526191,0.965465701460458,0,0,2.49840752000595,1.73092805488291,-0.0355425232588263
309,0.00370075969116092,29.5711481085714,17.8801922514286,0,1.49905574157143,3,1,0,620.472903028571,-5.86594593153535e-05,-0.0157263432805106,"41",29.2147642519643,0.388398060253007,18.1118885473214,0.777560290500474,0,0,2.49841375866667,1.73097127774687,-0.0384424635073159
310,0.00372138690548643,29.51294586375,17.4637981425,0,1.4990370255,3,1,0,633.8115188875,-3.80322449898434e-05,-0.0101680410812577,"41",29.2437248225595,0.425048999243063,18.3471162996429,0.888809497834983,0,0,2.49840752000595,1.73092805488291,-0.0420156853182293
311,0.00372840316193804,29.44955923,17.1922847985714,0,1.49905574157143,3,1,0,647.135240957143,-3.10159885382332e-05,-0.00828442871789825,"41",29.249301605119,0.461261275294305,18.1414867297024,0.764613881214885,0,0,2.49841375866667,1.73097127774687,-0.046432603777795
312,0.00373404815964973,29.3844046375,17.07396155,0,1.4990370255,3,1,0,660.4145713875,-2.53709908265435e-05,-0.00677152139190973,"41",29.2559515999405,0.502463583392781,18.1293654594643,0.925036830149958,0,0,2.49872856183929,1.7314841156496,-0.0512504796599575
313,0.00372792869324247,29.31904741,17.0054308571429,0,1.49905574157143,3,1,0,673.677595928571,-3.14904572338032e-05,-0.00841169469604885,"41",29.2720104392857,0.547019067470249,17.9077569838095,1.0034183353252,0,0,2.34710414328571,1.46889533623335,-0.0552376570288169
314,0.00370547542392905,29.26066953125,17.0962751375,0,1.4990370255,3,1,0,686.900098325,-5.39437265472233e-05,-0.0144528937599953,"41",29.2997271024405,0.586726892562454,17.8078625140476,1.12251545497659,0,0,1.99808737175595,0.864348138063517,-0.0561200613451674
315,0.00368551679730346,29.2311705871429,18.0262411857143,0,1.49905574157143,3,1,0,700.116432857143,-7.39023531728133e-05,-0.0198537043689342,"41",29.3223225660119,0.644517231884381,18.5860709072619,1.38233012960968,0,0,1.99872851138095,0.865491041655398,-0.0531170920130318
316,0.00368842223988516,29.19302869875,18.0569002225,0,1.4990370255,3,1,0,713.3016536625,-7.09969105911132e-05,-0.0190656743517081,"41",29.3575605782738,0.693141713429612,19.455971439881,1.77508014868926,0,0,1.99872851138095,0.865458624468763,-0.0481373564818329
317,0.00371772041063423,29.15458675,17.8158338414286,0,1.49905574157143,3,1,0,726.489410814286,-4.16987398420433e-05,-0.0111537763031624,"41",29.3635414747619,0.721239874841568,18.7278028172024,0.687226141483926,0,0,1.99872851138095,0.865491041655398,-0.0442254175300793
318,0.00374117394227589,29.10668986,17.46883268625,0,1.4990370255,3,1,0,739.640343875,-1.82452082003832e-05,-0.00486501359943681,"41",29.2980703588095,0.650616483805415,17.2407930851191,3.35893474543845,0,0,1.99872851138095,0.865458624468763,-0.043436060660586
319,0.00373488909129712,29.0615502885714,17.5291173785714,0,1.49905574157143,3,1,0,752.7842423,-2.45300591791534e-05,-0.00654634032526769,"41",29.04707019625,0.319717324955793,17.6157263465476,3.16688139832379,0,0,1.99872851138095,0.865491041655398,-0.0440266094977275
320,0.00371103046578755,29.05575996,17.56248714375,0,1.4990370255,3,1,0,765.902505425,-4.83886846887232e-05,-0.0129548722306856,"41",28.8489819003571,0.19506260747957,20.0111114198214,2.1572289470356,0,0,1.99872851138095,0.865458624468763,-0.0445511628417699
321,0.00368470505205068,29.0012236028571,17.3528913314286,0,1.49905574157143,3,1,0,779.022144185714,-7.47140984255932e-05,-0.0200739813838267,"41",28.86795355125,0.173278613486209,19.3068032368452,1.61803648188486,0,0,1.99872851138095,0.865491041655398,-0.0470707522725533
322,0.00366380364676427,28.98138683375,17.25598050875,0,1.4971136065,3,1,0,792.10936165,-9.56155037120034e-05,-0.0257626079988658,"41",28.9210947830952,0.155688269539782,18.5905711381548,1.09539370847708,0,0,1.99872851138095,0.865458624468763,-0.0512607374811479
323,0.00365440422288404,28.9446975985714,17.3943890785714,0,2.54418263714286,3,1,0,805.203140242857,-0.000105014927592233,-0.028331386847289,"41",29.0091696479762,0.211980180049871,18.9066131557143,2.59550928684566,0,0,1.99808737171429,0.866046818863763,-0.0539133257276713
324,0.00365856406386197,28.9084637075,18.48900322625,0,2.99903717675,3,1,0,818.2592843625,-0.000100855086614303,-0.0271937253260797,"41",29.0644653620833,0.255866209032738,18.5754515545833,2.60551413999229,0,0,2.3470897499881,0.768677965388609,-0.053926616137738
325,0.00366447323184673,28.8802003757143,17.9084355485714,0,2.99811148314286,3,1,0,831.318426785714,-9.49459186295435e-05,-0.025579867887612,"41",29.0848245400595,0.266971750273435,18.1177327716071,0.744318227961173,0,0,2.49663447346429,0.863952249725333,-0.0520501868251831
326,0.00367735463243614,28.85756585625,17.71972235,0,2.998074051,3,1,0,844.34800535,-8.20645180401331e-05,-0.0220708198155348,"41",29.0555636255952,0.199179051244418,17.3631966585714,0.472502506308688,0,0,2.9452603859881,1.42051667003068,-0.0483847599370605
327,0.00371107679591821,28.8058614457143,17.4708088871429,0,2.99811148314286,3,1,0,857.381973285714,-4.83423545580633e-05,-0.0129423878707113,"41",29.0190523021429,0.139907643580423,17.3407535488095,0.520716895644995,0,0,2.99810921659524,1.4990897742022,-0.0434459618689519
328,0.00375373338406029,28.78296545875,17.47284996125,0,2.998074051,3,1,0,870.3782179625,-5.68576641598326e-06,-0.00151355035690237,"41",28.9760100633333,0.194832621177947,17.0660927342262,0.423831646981868,0,0,2.99809276719643,1.49902766773941,-0.0379851405547877
329,0.00378884759395254,28.7573763414286,17.9971527542857,0,2.99811148314286,3,1,0,883.385320742857,2.94284434762667e-05,0.00779744351841138,"41",28.9771693222024,0.297459473399381,17.466464261369,0.947868544009739,0,0,2.99809276716667,1.49906509983763,-0.0314236828779993
330,0.00382517410943518,28.727944995,22.27114140125,0,2.998074051,3,1,0,896.3538868375,6.57549589589065e-05,0.0173395203798457,"41",29.0136462072619,0.453428462735757,16.5129038406548,1.48394685130291,0,0,2.9978933492381,1.49872855261998,-0.0239656119159419
331,0.0038690153191234,28.8725872828571,21.5231566157143,0,2.99811148314286,3,1,0,909.3611859,0.000109596168647127,0.0287355701979521,"41",29.0463181082143,0.614583358664428,17.8647262117857,3.9078555960121,0,0,2.89793698897619,1.35161636812992,-0.0171550551411519
332,0.00390922915035419,29.08837559,20.93333518125,0,2.998074051,3,1,0,922.439453825,0.000149809999877917,0.0390757410825966,"41",29.1441828223809,0.730325862967143,17.7161297377381,3.35074988942325,0,0,2.50101606819643,0.867731792299744,-0.0120482640549008
333,0.00392946996790739,29.1875177414286,17.7431778057143,0,2.99811148314286,3,1,0,935.611276842857,0.000170050817431117,0.0442400832055219,"41",29.2653037154762,0.874605997538629,17.7264269459524,2.78010550315212,0,0,2.91711248983333,1.37937782840169,-0.00849030408054587
334,0.00392120855575219,29.1807863725,16.78876430125,0,2.996249896,3,1,0,948.7806133375,0.000161789405275916,0.0421354460154157,"41",29.2751440241072,0.969483084615213,17.4708123363095,0.515307641875121,0,0,2.99805465690476,1.49897050302214,-0.00597412728485772
335,0.00390752097152407,29.1585999785714,16.5276268871429,0,2.27525748571429,3,1,0,961.968492271429,0.000148101821047796,0.0386386850716018,"41",29.2005990497619,1.00300751856004,17.2729980532143,0.459676467772365,0,0,2.9974847155,1.49906548118249,-0.00447629314680054
336,0.00390119325633357,29.108899215,20.58472671375,0,1.500976500625,3,1,0,975.1189526625,0.000141774105857297,0.0370180043221664,"41",29.1174427160714,1.02560327719747,17.5910036252976,0.978196469812629,0,0,2.75714143472024,1.55603439988251,-0.00435534758053066
337,0.0038862047376515,29.1395167671429,20.4239986885714,0,1.49905574157143,3,1,0,988.282721842857,0.000126785587175227,0.033168570450365,"41",29.0095642294048,1.04667531925095,19.031955165119,1.67591552581836,0,0,2.499060250375,1.73041167122877,-0.0108854153365402
338,0.00387489569048546,29.21392512875,20.0833601175,0,1.4990370255,3,1,0,1001.453588925,0.000115476540009187,0.0302542788538593,"41",28.9341262719048,1.06453631500358,19.3880877283333,1.26781875252674,0,0,2.49840752000595,1.73092805488291,-0.0110074198660451
339,0.00388292600523173,29.2776047642857,18.7852459828571,0,1.49905574157143,3,1,0,1014.67595514286,0.000123506854755457,0.0323245294273669,"41",28.8596664728571,1.08691274212065,18.9050643254167,1.50261064283927,0,0,2.49841375866667,1.73097127774687,-0.00797192941712577
340,0.00391307415670114,29.29414477125,20.13050290625,0,1.4990370255,3,1,0,1027.89036475,0.000153655006224866,0.0400588291596966,"41",28.7872200692857,1.11618786297075,19.4654736379762,0.644259086024911,0,0,2.49840752000595,1.73092805488291,-0.00222152604255887
341,0.00395593879188639,29.3176366742857,20.3681738114286,0,1.49905574157143,3,1,0,1041.14059114286,0.000196519641410116,0.0509534758844774,"41",28.7127295434524,1.10920994237057,19.6988372072619,0.44029667201646,0,0,2.49841375866667,1.73097127774687,0.0034711440047891
342,0.00399752876191714,29.31299175,19.3129981725,0,1.4990370255,3,1,0,1054.3664605,0.000238109611440866,0.0614118948798001,"41",28.6624542030357,1.04617451388597,19.8349461408929,0.601033799077548,0,0,2.49840752000595,1.73092805488291,0.00679252813040965
343,0.00401706856091743,29.29958145,18.7503717771429,0,1.49905574157143,3,1,0,1067.617158,0.000257649410441157,0.0662879570050485,"41",28.2933243609375,1.0163828248036,19.4477445633482,0.440675321284562,0,0,2.24857425439286,1.49906198043073,0.0118793224089297
344,0.00401947233526694,29.2484795875,18.4040678475,0,1.4990370255,3,1,0,1080.829069625,0.000260053184790666,0.0668861681987512,"41",28.2687608462947,1.02169427744455,18.6066647252232,0.616172473558639,0,0,2.24856489637946,1.49903078702299,0.0163648954252952
345,0.00403420593025037,29.1833049185714,18.5435511442857,0,1.49905574157143,3,1,0,1094.03456742857,0.000274786779774096,0.0705450208542953,"41",28.2735007705357,1.04274719181217,17.49031068,2.55062629605063,0,0,2.24857425439286,1.49906198043073,0.0240535562471326
346,0.00405807254453314,29.10324291,18.33905912125,0,1.4990370255,3,1,0,1107.188702375,0.000298653394056867,0.0764436519921601,"41",28.2727237534375,1.06712661747151,17.8735326070982,1.74210029122428,0,0,2.24856489637946,1.49903078702299,0.03159076270134
347,0.00406834596906265,29.0285965842857,18.5953802342857,0,1.49905574157143,3,1,0,1120.33145314286,0.000308926818586376,0.0789720548137707,"41",28.5883051442857,1.098690973896,17.2861087418452,2.1001350027697,0,0,2.49858716454762,1.73125541697499,0.03747096731338
348,0.00405940322331862,28.94473119375,18.38552433,0,1.4990370255,3,1,0,1133.411192875,0.000299984072842347,0.0767715073015367,"41",28.5855938889286,1.13084503752925,18.0489239893452,1.37659644040172,0,0,2.38048415706548,1.52669500749262,0.0421206152544141
349,0.00406726776182377,28.8601837514286,17.7318606557143,0,1.49905574157143,3,1,0,1146.48080585714,0.000307848611347497,0.0787069962074129,"41",28.5223893450595,1.09292536931244,18.6119964661905,0.747970858560812,0,0,1.9995301285,0.866863274690997,0.0464802131123366
350,0.00408908768358322,28.741106975,17.68503906,0,1.4990370255,3,1,0,1159.47072675,0.000329668533106947,0.0840574185679159,"41",28.3923306846429,1.12507249902956,19.1136913652381,1.9197209935201,0,0,1.99866930964881,0.86537229270471,0.0508894178224243
351,0.00410068674552209,28.63428501,17.4291212542857,0,1.49905574157143,3,1,0,1172.44747657143,0.000341267595045817,0.0868899921659843,"41",28.5195418565179,0.992323317699017,19.3930520111607,2.83113050009008,0,0,2.24852985302232,0.865428969467531,0.0556345365262148
352,0.00412470242706057,28.513234835,17.63665814125,0,1.4990370255,3,1,0,1185.3393635,0.000365283276584297,0.0927294117223871,"41",28.4984439617411,0.817162071811417,17.9973707436161,0.577650799313012,0,0,2.24856957530357,0.865474833230721,0.0533201570486778
353,0.00415870250303564,28.3943531785714,17.3590397371429,0,1.49905574157143,3,1,0,1198.20064128571,0.000399283352559367,0.100938660548112,"41",28.4105910601339,0.818155681455854,17.8965777404018,0.246405362778889,0,0,2.24856957530357,0.865474833230721,0.0575173037056418
354,0.00417285780537329,28.3128050325,17.65820810375,0,1.4971136065,3,1,0,1210.996882375,0.000413438654897017,0.104336659264819,"41",28.2952140770982,0.85786623154005,18.2205828540625,0.724972379257654,0,0,2.24856957530357,0.865474833230721,0.0609305418478504
355,0.00417984902154247,28.1634433614286,16.9092567742857,0,2.54418263714286,3,1,0,1223.76573014286,0.000420429871066197,0.106010659748558,"41",28.1978649649107,0.863486520177205,18.2567085053571,0.702606205389115,0,0,2.24808872055357,0.866030439383733,0.0644591758336799
356,0.00417726281797011,28.0281883525,16.75118107,0,2.99903717675,1.875,0.625,0,1236.438858625,0.000417843667493837,0.10539173693343,"41",28.0835974570089,0.877993622129222,18.3706811721875,1.60516171924,0,0,2.50985129919643,0.707032200888494,0.0690642936391382
357,0.00417390917824195,27.8815134028571,16.6384310471429,0,2.99811148314286,0,0,0,1249.08270285714,0.000414490027765676,0.104588582638526,"41",27.9902171421875,0.896436846161049,17.8349135726786,1.65710022419954,0,0,2.62356961311607,0.749676046710719,0.0743589619765637
358,0.00419542739142387,27.72680100875,16.94378847625,0,2.998074051,0,0,0,1261.623369875,0.000436008240947596,0.109730748903133,"41",27.6765431161309,1.0333423239448,17.1780295635714,0.666818653911735,0,0,2.49841999726191,0.865491041655398,0.0834168761397834
359,0.00423486911551788,27.5601991857143,17.3716316728571,0,2.99811148314286,0,0,0,1274.12782028571,0.000475449965041606,0.119087955001317,"41",27.5037409066071,1.06195974381695,17.6910112755952,3.18486410396163,0,0,2.49840128119048,0.865458624468763,0.140149170926322
360,0.0042672218982154,27.32558043875,14.9289821675,0,2.998074051,0,0,0,1286.510828125,0.000507802747739127,0.126698538807773,"41",26.8400968908482,0.860017083957384,22.9174107940625,7.14329897986063,0,0,2.62334430566518,0.749538186781684,0.163903270981202
361,0.00427208811900995,26.8931499514286,12.3670166157143,0,2.99811148314286,0,0,0,1298.78915014286,0.000512668968533676,0.127838261150098,"41",26.2759192182143,1.28021672049343,21.0617105020298,8.36647146619038,2.686175e-05,6.5797581098206e-05,2.24514301847619,0.826163518131872,0.181626226514419
362,0.00426456347007929,26.08392362125,12.6071986575,0,2.999380465125,0,0,0,1310.740783,0.000505144319603016,0.12607535666123,"41",25.4129811590179,1.90545835411375,20.4053854804583,10.7867841069049,0.00159810101190476,0.00383611669056093,1.80400092509226,1.41229415403499,0.183102295599192
363,0.00426295252820589,25.1936792057143,12.2432546671429,0,12.7317056971429,0,0,0,1322.34325557143,0.000503533377729617,0.125697534595554,"41",24.1989272382738,2.30532214523294,21.4796231743185,11.5785657254885,1.15158249678274,2.81617355723864,4.12237889507738,7.09475512081345,0.176118767604893
364,0.00427820386594729,24.333337655,12.21906870125,0,30.5464523575,0,0,0,1333.494461875,0.000518784715471017,0.129268796586314,"41",23.3827336531786,2.2876604613272,19.9821506665679,9.46487636807972,1.386561119025,3.08217639109306,9.80475991218216,15.23999020983,0.183487372357474
365,0.00431728427495375,23.5464968014286,10.5642367867143,0.00428538742857143,12.8532522417143,0,0,0,1344.25013,0.000557865124477477,0.138362096872828,"41",21.364292167619,2.98448816638053,23.7232174194345,8.7159127682721,0.00662001570833333,0.0130964209755183,2.05072686329762,23.2388284419596,0.192981426177496
366,0.00436497920066795,22.62307663375,9.3274777695,6.708250790875,-9.017029107625,0,0,0,1354.53616125,0.000605560050191677,0.149348956353417,"41",20.2149502041072,3.67129143091377,21.7725636133571,9.70431925355209,0.495053047375,1.20711092641061,8.04486109723512,21.5992700152934,0.186173371165913
367,0.0044142986785194,21.1476721085714,9.88696085585714,21.0611559885714,-10.5076447828571,0,0,0,1364.39556242857,0.000654879528043127,0.160584503567258,"41",17.8929873913776,4.56823897891146,20.0117701316071,10.6937967692476,4.8206017763852,8.85801739918676,33.5612275578495,40.9469908573404,0.177239415834044
368,0.00446428603071621,19.07304555875,9.705518052125,22.88826821,-3.876232535875,0,0,0,1373.414724625,0.000704866880239937,0.171844829595636,"41",15.6742756707857,5.05716249007415,17.3638370382812,8.26639865129117,9.15346930283481,12.7728085874112,51.2891565405402,77.9897770706416,0.186190729578748
369,0.00451460227932876,16.87073521,9.23822882728571,28.2611522557143,-3.18963787271429,0,0,0,1381.56160728571,0.000755183128852487,0.183052625585119,"41",12.4588983831179,5.03105182823965,16.0820622346732,8.05896474019734,8.08872669928571,13.1368661502156,17.7551693266911,111.989376831111,0.189590459302362
370,0.00456511994111571,13.90385994875,7.919154161125,31.06234677875,-51.59408678375,0,0,0,1388.488961125,0.000805700790639437,0.194180318862085,"41",10.2182367099196,4.15133540512092,13.6382916492411,6.89878369286716,8.62199742904018,13.1805036222795,-183.502707954905,219.497529585394,0.214004056681343
371,0.00461575613857773,10.5973356242857,7.34234610742857,30.8478842385714,-169.439646128571,0,0,0,1394.035402,0.000856336988101457,0.205211229065755,"41",10.5821978390459,3.92501572136856,14.2867592928367,7.72218861465457,9.61855239800638,13.7915916231851,-247.44365023952,204.176535275576,0.237436060553405
372,0.00466646899375407,7.4660113215,7.061717913625,19.91576328525,-366.2081310125,0,0,0,1397.831149875,0.000907049843277797,0.216138212186324,"41",9.69189804740098,2.75639587505823,15.1000451204659,9.03721740477613,9.75792312863149,14.0672681692401,-297.809992190958,189.775827414339,0.237549038356597
373,0.00471722417134416,6.25805552942857,14.6399147928571,0.0730543332857143,-518.113357642857,0,0,0,1400.15206842857,0.000957805020867887,0.226956057694774,"41",9.32767439063474,2.70934667281909,16.0955783795714,9.4204603306933,8.92035965300487,13.0349848005997,-308.070633723912,190.10197627142,0.237624532230318
374,0.00476799938465514,5.335782699875,18.21316499125,0,-604.5439269875,0,0,0,1401.00646,0.00100858023417887,0.237662330867082,"41",8.3481835007128,2.51407558531892,15.4133201177024,8.35792155853129,8.18308420969494,12.6880767150154,-372.089739472396,185.891620503184,0.237662330867082
375,0.00481877467138525,5.08854012357143,21.31499726,0,-608.472581314286,0,0,0,1400.58700314286,0.00105935552090898,0.248255208129097,"41",9.07187281886756,2.73101613721155,15.9742730806786,8.99188070727685,8.18308420969494,12.6880767150154,-325.574194050491,191.128006654515,0.24295876949809
376,0.00486953209382437,6.362284222875,25.452792575,0,-504.744095875,0,0,0,1398.8797565,0.0011101129433481,0.258733382905709,"41",9.50640748690923,2.70553091648376,14.4301845198958,8.92363119019979,10.6044098083497,13.7294096334484,-303.509837092753,182.018254159343,0.242901744899166
377,0.00492025556623977,8.65847246514286,27.4929998671429,0,-277.940638742857,0,0,0,1395.85239742857,0.0011608364157635,0.269096003025092,"41",10.0960527915461,3.5134882557001,13.5387131446057,7.79549416639794,11.2998588892217,14.4370704498241,-279.925565743009,201.434253022689,0.242806865801346
378,0.00497092475601717,11.22323657,28.8102435525,0,-85.0141382725,0,0,0,1391.402829375,0.0012115056055409,0.279341419714289,"41",10.2956823003622,4.01987971284948,13.2774774759235,6.50550501655217,9.61855239800638,13.7915916231851,-240.362258148464,211.819534709717,0.242674230448515
379,0.00502152149131509,13.7728119414286,28.0464328157143,0,-50.2860362514286,0,0,0,1385.86984657143,0.00126210234083882,0.289468502804115,"41",11.9504009722514,5.14552672466152,13.9918782207679,7.17311914179917,10.6367215973626,14.0944474583254,-82.3945410743475,195.448500825789,0.204406162125072
380,0.00507201622662234,15.59323951875,22.92060539,0,10.3928188805,0,0,0,1379.36973925,0.00131259707614607,0.299473945289138,"41",13.3833465439545,5.52600192525505,15.2440301204627,7.63522752919629,9.26803845285714,13.0620850309988,19.0395374036185,107.157836035536,0.195373800670087
381,0.00512238105797023,16.5645092428571,18.5101322528571,0,31.1275987157143,0,0,0,1372.29327142857,0.00136296190749396,0.309354910044094,"41",15.2527384762098,5.11260101704308,18.6554227557366,9.22295961437355,9.15346930283481,12.7728085874112,57.9582417388884,78.2999598579481,0.191117296797362
382,0.00517256367051017,17.0733955625,19.8973535125,0,52.78368183625,0,0,0,1364.77730375,0.0014131445200339,0.319103968509495,"41",18.2998229810268,4.38311199366336,18.7461689721384,10.5277967343826,6.85067105290848,10.0112292983205,28.0526185152612,40.9864850239607,0.177963542454339
383,0.00522250792436458,17.8699463257143,33.9275756885714,0,59.7889717085714,0,0,0,1356.97983985714,0.00146308877388831,0.328713260134238,"41",20.5589682654847,3.4728119674785,19.9946942070918,10.0301502577242,1.38265272501786,2.59405017391951,5.60744821082653,20.7451341775956,0.184976026625504
384,0.00527209820434283,20.2706220625,31.5270178325,0,14.212508296125,0,0,0,1348.389444625,0.00151267905386656,0.338163952713494,"41",21.4502096076191,3.04879272604109,22.3160224457917,10.1869955397522,0.0018779052797619,0.00303164370872866,-0.711950117607146,20.1073565948216,0.194466225384366
385,0.00532118075425638,22.5200672157143,36.7519365471429,0,-9.96391864271428,0,0,0,1338.79205171429,0.00156176160378011,0.347430752996846,"41",22.1154378205,2.90928889475753,22.9810991818929,7.73016318730822,0.00654761,0.0146409010501574,5.193604356075,23.7967915781251,0.195208490801326
386,0.00536938735414369,25.08987875,32.692376695,0,-7.327865090875,0,0,0,1328.032449375,0.00160996820366742,0.356449343072955,"41",23.2892521394643,3.05044544117534,22.0536596507107,10.3088336450415,1.380013509025,3.08580401604792,5.71524032587144,9.32524515145964,0.191188001822134
387,0.00541597963454796,26.9068940014286,29.2041825828571,0,-2.32580203157143,0,0,0,1316.27024357143,0.00165656048407169,0.365089303016337,"41",25.3635387270089,2.27932791583735,19.7641318089375,10.613600150361,0.00235685889285714,0.00471371778571429,1.58198395540625,1.65823059609277,0.172991564947383
388,0.00545778615728532,27.9048564425,22.22126464875,0,0.999526919625,0,0,0,1303.825071375,0.00169836700680905,0.37277876934527,"41",26.3127289168304,1.55182413765409,18.645514008625,9.89729094257724,4.0292625e-05,8.058525e-05,2.24343064263839,0.873529057765962,0.167174290515137
389,0.00547720613611992,28.14326,18.59907173,0,1.4782723765,0,0,0,1295.4536125,0.00171778698564365,0.376330669223239,"41",26.4325831977976,0.797565968875274,21.385074531131,7.35024172659105,0,0,2.49841567448214,0.86547108969428,0.165061920387696
